-8.776326678016630467e+00 -8.877132149777025916e+00 -8.987268374785344349e+00 -9.107128531341004418e+00 -9.237863072052277857e+00 -9.379401857575430768e+00 -9.532567995771387359e+00 -9.697974249600520125e+00 -9.875532068559550680e+00 -1.006730692396740778e+01 -1.027255861945741344e+01
-9.360045155706757214e+00 -9.484091812973929336e+00 -9.620557744492543861e+00 -9.770798861980438232e+00 -9.935774654080887558e+00 -1.011551273093209602e+01 -1.031233274726037052e+01 -1.052604055231859093e+01 -1.075713533129237476e+01 -1.100785250954140793e+01 -1.127748163392971037e+01
-1.038859070195758250e+01 -1.056461501265948755e+01 -1.076302999145991635e+01 -1.098675315128639340e+01 -1.123645387405122165e+01 -1.151563015281499247e+01 -1.182536782407260034e+01 -1.216817683645058423e+01 -1.254744017918710597e+01 -1.296181157887986046e+01 -1.341501070894810255e+01
-1.117921408423717367e+01 -1.141521703881153371e+01 -1.168900413376468350e+01 -1.200750539157888852e+01 -1.237484613240303588e+01 -1.279178333415256930e+01 -1.326042124363448238e+01 -1.378384430706501007e+01 -1.436456681065828889e+01 -1.500517711485736072e+01 -1.570857292406799388e+01
-1.168976304487296147e+01 -1.198771581446271739e+01 -1.234547179572109599e+01 -1.276803490547172260e+01 -1.325913416106050136e+01 -1.382383776896313066e+01 -1.446416176307320711e+01 -1.518410469321679557e+01 -1.598460784873532248e+01 -1.687066625928127905e+01 -1.784459072780009592e+01
-1.202302307336503873e+01 -1.237998846826667432e+01 -1.281529210747248726e+01 -1.333772844745180919e+01 -1.395311752739144140e+01 -1.466485915015073260e+01 -1.547656924108741805e+01 -1.639060386148048565e+01 -1.741173806965525728e+01 -1.854056126167051843e+01 -1.978109289601343335e+01
-1.224927335044776555e+01 -1.265833507420757087e+01 -1.316683024210215081e+01 -1.378504659983445890e+01 -1.451868758758064359e+01 -1.537286419421434402e+01 -1.635037315635781852e+01 -1.745167580081397318e+01 -1.867957519740230055e+01 -2.003711368048971053e+01 -2.152656833115179325e+01
-1.240924989018822089e+01 -1.286604538275059895e+01 -1.344278909119384480e+01 -1.415074529946650728e+01 -1.499694668419397203e+01 -1.598730436049299897e+01 -1.711987910757306963e+01 -1.839578708426051890e+01 -1.981955522695352556e+01 -2.138774334836125490e+01 -2.291122722571890336e+01
-1.252695481294358615e+01 -1.302768991649281816e+01 -1.366780687123537064e+01 -1.446013689727260498e+01 -1.541358304372988641e+01 -1.653037558350479230e+01 -1.780811956405159435e+01 -1.924901587205022224e+01 -2.084983719337105867e+01 -2.248455733471564599e+01 -2.414530194989129086e+01
-1.261750191961982637e+01 -1.315813630723641836e+01 -1.385677225699328119e+01 -1.473051589387614513e+01 -1.578443123158285744e+01 -1.701836090283904923e+01 -1.843423199123571976e+01 -2.002534534761434770e+01 -2.175316551632931805e+01 -2.346782077904936159e+01 -2.526331175258383155e+01
-1.268896369526555645e+01 -1.326636229814903345e+01 -1.402023447439933079e+01 -1.496983723512312281e+01 -1.611802837640425423e+01 -1.746498078801596421e+01 -1.900688551984421792e+01 -2.073861427821611869e+01 -2.252656963891786290e+01 -2.436527790917534730e+01 -2.628420725035903160e+01
