-8.190088341874798061e+00 -8.190088341874798061e+00 -8.190088341874798061e+00 -8.190088341874798061e+00 -8.190088341874798061e+00 -8.190088341874798061e+00 -8.190088341874798061e+00 -8.190088341874798061e+00 -8.190088341874798061e+00 -8.190088341874798061e+00 -8.190088341874798061e+00
-8.779168336281145457e+00 -8.779168336281145457e+00 -8.779168336281145457e+00 -8.779168336281145457e+00 -8.779168336281145457e+00 -8.779168336281145457e+00 -8.779168336281145457e+00 -8.779168336281145457e+00 -8.779168336281145457e+00 -8.779168336281145457e+00 -8.779168336281145457e+00
-9.790862163870770019e+00 -9.790862163870770019e+00 -9.790862163870770019e+00 -9.790862163870770019e+00 -9.790862163870770019e+00 -9.790862163870770019e+00 -9.790862163870770019e+00 -9.790862163870770019e+00 -9.790862163870770019e+00 -9.790862163870770019e+00 -9.790862163870770019e+00
-1.054870504908103612e+01 -1.054870504908103612e+01 -1.054870504908103612e+01 -1.054870504908103612e+01 -1.054870504908103612e+01 -1.054870504908103612e+01 -1.054870504908103612e+01 -1.054870504908103612e+01 -1.054870504908103612e+01 -1.054870504908103612e+01 -1.054870504908103612e+01
-1.103525612941666623e+01 -1.103525612941666623e+01 -1.103525612941666623e+01 -1.103525612941666623e+01 -1.103525612941666623e+01 -1.103525612941666623e+01 -1.103525612941666623e+01 -1.103525612941666623e+01 -1.103525612941666623e+01 -1.103525612941666623e+01 -1.103525612941666623e+01
-1.134824755623412784e+01 -1.134824755623412784e+01 -1.134824755623412784e+01 -1.134824755623412784e+01 -1.134824755623412784e+01 -1.134824755623412784e+01 -1.134824755623412784e+01 -1.134824755623412784e+01 -1.134824755623412784e+01 -1.134824755623412784e+01 -1.134824755623412784e+01
-1.155771253007333144e+01 -1.155771253007333144e+01 -1.155771253007333144e+01 -1.155771253007333144e+01 -1.155771253007333144e+01 -1.155771253007333144e+01 -1.155771253007333144e+01 -1.155771253007333144e+01 -1.155771253007333144e+01 -1.155771253007333144e+01 -1.155771253007333144e+01
-1.170428403856931254e+01 -1.170428403856931254e+01 -1.170428403856931254e+01 -1.170428403856931254e+01 -1.170428403856931254e+01 -1.170428403856931254e+01 -1.170428403856931254e+01 -1.170428403856931254e+01 -1.170428403856931254e+01 -1.170428403856931254e+01 -1.170428403856931254e+01
-1.181230938358567073e+01 -1.181230938358567073e+01 -1.181230938358567073e+01 -1.181230938358567073e+01 -1.181230938358567073e+01 -1.181230938358567073e+01 -1.181230938358567073e+01 -1.181230938358567073e+01 -1.181230938358567073e+01 -1.181230938358567073e+01 -1.181230938358567073e+01
-1.189514439049889916e+01 -1.189514439049889916e+01 -1.189514439049889916e+01 -1.189514439049889916e+01 -1.189514439049889916e+01 -1.189514439049889916e+01 -1.189514439049889916e+01 -1.189514439049889916e+01 -1.189514439049889916e+01 -1.189514439049889916e+01 -1.189514439049889916e+01
-1.196044312222875305e+01 -1.196044312222875305e+01 -1.196044312222875305e+01 -1.196044312222875305e+01 -1.196044312222875305e+01 -1.196044312222875305e+01 -1.196044312222875305e+01 -1.196044312222875305e+01 -1.196044312222875305e+01 -1.196044312222875305e+01 -1.196044312222875305e+01
