1.963862759991372511e-02 1.835742143460217940e-02 1.717565251634529944e-02 1.608409636643336540e-02 1.508375524359303367e-02 1.417725720054206946e-02 1.335601407345849909e-02 1.259966496959259372e-02 1.188663815492142610e-02 1.122651130504836135e-02 1.063348733564454737e-02
2.762652725899692949e-02 2.568133772358467334e-02 2.381086216444069925e-02 2.208614328062543514e-02 2.054964223086253733e-02 1.916652760321893231e-02 1.792481547474437942e-02 1.681247075951515166e-02 1.582604703542194943e-02 1.494382513793673234e-02 1.412410962375834980e-02
5.332603877077331245e-02 4.858041709418188525e-02 4.437360541848435480e-02 4.066630902253847574e-02 3.747135748216828821e-02 3.459157605723138518e-02 3.196137598153363235e-02 2.969729749922645282e-02 2.773264197058323416e-02 2.600512510972457711e-02 2.447618315986781548e-02
1.009952260939224883e-01 9.001575274500021873e-02 8.065984760687749944e-02 7.278720244746747503e-02 6.609518793738088094e-02 6.042894539912939400e-02 5.568151220301749416e-02 5.155384385732163233e-02 4.780429726280509273e-02 4.461195536810545759e-02 4.186405376354840335e-02
1.728955149685963699e-01 1.516848854794430046e-01 1.337008783468928708e-01 1.188929563075204754e-01 1.070037326989082688e-01 9.706472252602429962e-02 8.883529662207605149e-02 8.198477427252036376e-02 7.614608496485746059e-02 7.079920697379885053e-02 6.620185724727647991e-02
2.719925099697534931e-01 2.337905584123146363e-01 2.036900776320281492e-01 1.792617350128621889e-01 1.598951289313265411e-01 1.444312019802129754e-01 1.316404132505642199e-01 1.210492314778108952e-01 1.122842718158390402e-01 1.045689181250043925e-01 9.754131268387775111e-02
3.954469936544290909e-01 3.377675346716748628e-01 2.905351306545100321e-01 2.537339997665504776e-01 2.248001479972948635e-01 2.023894060532068218e-01 1.839701106697004818e-01 1.688429017209024940e-01 1.562916697495260465e-01 1.456252481726680592e-01 1.358871857143301998e-01
5.437279891440972568e-01 4.641305415815199509e-01 3.940803505431392240e-01 3.420752973861855284e-01 3.017305658315978523e-01 2.708435882842885611e-01 2.458160082526459900e-01 2.252799456077287099e-01 2.082341261822495682e-01 1.939563832577951008e-01 1.811190868546924404e-01
7.191243542412929513e-01 6.113035166388155472e-01 5.147431922232637014e-01 4.443317910269550808e-01 3.906283114265010625e-01 3.496613925732268147e-01 3.170676806340277376e-01 2.902330724870307299e-01 2.681181073984638119e-01 2.496066101959306116e-01 2.331934196193725384e-01
9.214630061859075960e-01 7.786244889655722368e-01 6.529672059780488036e-01 5.601660936495644894e-01 4.914136427656982664e-01 4.388853828630997489e-01 3.976473216359170948e-01 3.638865817081938792e-01 3.358638276075753826e-01 3.125872188262122098e-01 2.920928542445839216e-01
1.152037774606532672e+00 9.654580734053127555e-01 8.079699818769791042e-01 6.898864109203796113e-01 6.039919637033849265e-01 5.385278194017546483e-01 4.877731623528622218e-01 4.460735321720416535e-01 4.114328695263910207e-01 3.828733009492962802e-01 3.578002609043110516e-01
