1.011881831862538439e+00 1.085016694800483794e+00 1.164756126696006922e+00 1.247258572068295379e+00 1.336707976525930652e+00 1.435774569785237542e+00 1.542891669340721084e+00 1.661040678907725221e+00 1.789528770749666542e+00 1.929619576264372638e+00 2.082317127982206362e+00
1.423815130237577442e+00 1.533048308655650560e+00 1.655298965896905949e+00 1.790338216230730861e+00 1.940177247111072756e+00 2.103165280183160402e+00 2.282565995019814498e+00 2.483907632453200787e+00 2.703762088379552342e+00 2.945664071459797473e+00 3.206940404753387597e+00
2.749573322885367155e+00 3.023722904887560237e+00 3.340105950275241486e+00 3.695594622180725430e+00 4.091301699787051938e+00 4.527228084915931206e+00 5.012205130597909175e+00 5.539593173770565038e+00 6.066207893229874415e+00 6.632245761211988722e+00 7.258066713236956957e+00
5.210090606910003252e+00 5.863494830554328630e+00 6.607823525783421914e+00 7.470227886615496971e+00 8.329790417253919443e+00 9.272543820268571935e+00 1.031589700944977039e+01 1.148511643249397274e+01 1.275148382150923076e+01 1.413757017392410376e+01 1.563541963453106654e+01
8.922584768390409593e+00 1.026125487159700000e+01 1.165393173604963728e+01 1.319721675041742337e+01 1.494680163505259607e+01 1.690334086413835379e+01 1.904235966025167315e+01 2.136920535940531707e+01 2.394247964588415911e+01 2.675430040725472125e+01 2.989526475460845489e+01
1.404056932313776684e+01 1.615016596903037893e+01 1.855601253691970953e+01 2.133412415738584045e+01 2.449076717808283021e+01 2.790445541822896303e+01 3.169525548666394243e+01 3.591905801890433025e+01 4.059210450376779988e+01 4.546119677763392986e+01 5.087779934122399794e+01
2.041778108091213539e+01 2.367425076036325038e+01 2.760497735798021779e+01 3.210853368148875830e+01 3.709874845855183167e+01 4.268165201188502067e+01 4.897151390593878517e+01 5.574614215308652376e+01 6.288420134939292439e+01 7.072127491484646100e+01 7.958834048380452941e+01
2.807719541014660081e+01 3.294037544903983417e+01 3.888034714217802446e+01 4.562421659969928811e+01 5.315874615106761780e+01 6.168582782403282749e+01 7.102987367852179545e+01 8.086304913659861882e+01 9.175344489039413531e+01 1.039001002167566412e+02 1.139383888237115912e+02
3.713724714048259301e+01 4.408056133657120057e+01 5.247773362532672792e+01 6.196006756172846508e+01 7.291364023460693033e+01 8.508072941054963678e+01 9.795262382154179193e+01 1.121496768638971560e+02 1.274831821052516858e+02 1.423698422301775395e+02 1.567717141896746966e+02
4.758928867235120208e+01 5.710323195587597667e+01 6.840806626322421380e+01 8.143407711731886423e+01 9.651623265717367417e+01 1.126064300440779675e+02 1.302077789429704637e+02 1.496917728143658906e+02 1.676960192270467189e+02 1.893638042004673707e+02 2.096911380655782295e+02
5.950109941173818129e+01 7.198136720469469196e+01 8.687402591472796587e+01 1.040469174809536526e+02 1.237107316701335833e+02 1.449214734718541706e+02 1.672983473172621984e+02 1.932899620898610635e+02 2.163143404993287504e+02 2.423861202229781497e+02 2.668794852176937411e+02
