-8.776326678016630467e+00 -8.683558818767778575e+00 -8.598265705531957792e+00 -8.519817374577542068e+00 -8.447731623618892627e+00 -8.381411079481040360e+00 -8.320165486980840797e+00 -8.263831434782332508e+00 -8.211891776452830527e+00 -8.163326257377775619e+00 -8.118012498529424192e+00
-9.360045155706757214e+00 -9.248011141946335556e+00 -9.147203654531040229e+00 -9.055978436783334473e+00 -8.972935487912764074e+00 -8.897260349243879318e+00 -8.828355766352615319e+00 -8.765284962362784427e+00 -8.707325696625048295e+00 -8.653971983356314013e+00 -8.604488544329797151e+00
-1.038859070195758250e+01 -1.023287028365302831e+01 -1.009584721450301004e+01 -9.975123591299052350e+00 -9.868668477116443682e+00 -9.774435191204247531e+00 -9.691109289065934718e+00 -9.616328349820832955e+00 -9.548414788499940187e+00 -9.486662049734150060e+00 -9.430022323653247440e+00
-1.117921408423717367e+01 -1.097726006976881763e+01 -1.080436989583176910e+01 -1.065566071201101295e+01 -1.052781950431744917e+01 -1.041694802451456781e+01 -1.031996322983104619e+01 -1.023445541599721764e+01 -1.015856529478332959e+01 -1.009038583083383855e+01 -1.002828756958479062e+01
-1.168976304487296147e+01 -1.144485016951875878e+01 -1.124106900317929103e+01 -1.107097103369960678e+01 -1.092750729954423150e+01 -1.080486367522462388e+01 -1.069920272824310814e+01 -1.060667328037379775e+01 -1.052493857323497650e+01 -1.045191199846885866e+01 -1.038627202391944593e+01
-1.202302307336503873e+01 -1.173557164689555066e+01 -1.150658689052943373e+01 -1.131971842233906500e+01 -1.116517938385732123e+01 -1.103499341225688113e+01 -1.092349021559130051e+01 -1.082660336019762326e+01 -1.074141736290403060e+01 -1.066543286803789670e+01 -1.059718041734959115e+01
-1.224927335044776555e+01 -1.192537807293774677e+01 -1.167297542204687488e+01 -1.147341151960790739e+01 -1.131085177416753140e+01 -1.117555721497774357e+01 -1.106024258376055514e+01 -1.096050834061315982e+01 -1.087308026542086736e+01 -1.079521062455751235e+01 -1.072538723592151655e+01
-1.240924989018822089e+01 -1.205441378194518620e+01 -1.178175148484297097e+01 -1.157215786990491324e+01 -1.140369130200633663e+01 -1.126467988845251966e+01 -1.114687290731308167e+01 -1.104523462834185921e+01 -1.095632299437056645e+01 -1.087727452095350600e+01 -1.080644129571010126e+01
-1.252695481294358615e+01 -1.214539441692977562e+01 -1.185647403880284401e+01 -1.163794040062930435e+01 -1.146507076762645738e+01 -1.132333830096831662e+01 -1.120381060968793463e+01 -1.110085298453122959e+01 -1.101093874946309370e+01 -1.093109683372313157e+01 -1.085957802453413024e+01
-1.261750191961982637e+01 -1.221170237381738843e+01 -1.190927533178182784e+01 -1.168311479672047426e+01 -1.150691853733587777e+01 -1.136319766938686371e+01 -1.124242335053713759e+01 -1.113854093584814109e+01 -1.104784472441679100e+01 -1.096746383329809760e+01 -1.089552598631416913e+01
-1.268896369526555645e+01 -1.226141084159098682e+01 -1.194736353979533305e+01 -1.171502949366549728e+01 -1.153623852446617093e+01 -1.139101646060225903e+01 -1.126930683606042294e+01 -1.116476396858706721e+01 -1.107356831297147437e+01 -1.099276417323926580e+01 -1.092049562828105991e+01
