4.588414832443238993e+03 4.588414832443238993e+03 4.588414832443238993e+03 4.588414832443238993e+03 4.588414832443238993e+03 4.588414832443238993e+03 4.588414832443238993e+03 4.588414832443238993e+03 4.588414832443238993e+03 4.588414832443238993e+03 4.588414832443238993e+03
5.426421763639440542e+03 5.426421763639440542e+03 5.426421763639440542e+03 5.426421763639440542e+03 5.426421763639440542e+03 5.426421763639440542e+03 5.426421763639440542e+03 5.426421763639440542e+03 5.426421763639440542e+03 5.426421763639440542e+03 5.426421763639440542e+03
7.664301898881713896e+03 7.664301898881713896e+03 7.664301898881713896e+03 7.664301898881713896e+03 7.664301898881713896e+03 7.664301898881713896e+03 7.664301898881713896e+03 7.664301898881713896e+03 7.664301898881713896e+03 7.664301898881713896e+03 7.664301898881713896e+03
1.102747826892488411e+04 1.102747826892488411e+04 1.102747826892488411e+04 1.102747826892488411e+04 1.102747826892488411e+04 1.102747826892488411e+04 1.102747826892488411e+04 1.102747826892488411e+04 1.102747826892488411e+04 1.102747826892488411e+04 1.102747826892488411e+04
1.547177519615978781e+04 1.547177519615978781e+04 1.547177519615978781e+04 1.547177519615978781e+04 1.547177519615978781e+04 1.547177519615978781e+04 1.547177519615978781e+04 1.547177519615978781e+04 1.547177519615978781e+04 1.547177519615978781e+04 1.547177519615978781e+04
2.098495787944842959e+04 2.098495787944842959e+04 2.098495787944842959e+04 2.098495787944842959e+04 2.098495787944842959e+04 2.098495787944842959e+04 2.098495787944842959e+04 2.098495787944842959e+04 2.098495787944842959e+04 2.098495787944842959e+04 2.098495787944842959e+04
2.756985147437358683e+04 2.756985147437358683e+04 2.756985147437358683e+04 2.756985147437358683e+04 2.756985147437358683e+04 2.756985147437358683e+04 2.756985147437358683e+04 2.756985147437358683e+04 2.756985147437358683e+04 2.756985147437358683e+04 2.756985147437358683e+04
3.520727635651625314e+04 3.520727635651625314e+04 3.520727635651625314e+04 3.520727635651625314e+04 3.520727635651625314e+04 3.520727635651625314e+04 3.520727635651625314e+04 3.520727635651625314e+04 3.520727635651625314e+04 3.520727635651625314e+04 3.520727635651625314e+04
4.390094637218436401e+04 4.390094637218436401e+04 4.390094637218436401e+04 4.390094637218436401e+04 4.390094637218436401e+04 4.390094637218436401e+04 4.390094637218436401e+04 4.390094637218436401e+04 4.390094637218436401e+04 4.390094637218436401e+04 4.390094637218436401e+04
5.369036228266995749e+04 5.369036228266995749e+04 5.369036228266995749e+04 5.369036228266995749e+04 5.369036228266995749e+04 5.369036228266995749e+04 5.369036228266995749e+04 5.369036228266995749e+04 5.369036228266995749e+04 5.369036228266995749e+04 5.369036228266995749e+04
6.448236382731208141e+04 6.448236382731208141e+04 6.448236382731208141e+04 6.448236382731208141e+04 6.448236382731208141e+04 6.448236382731208141e+04 6.448236382731208141e+04 6.448236382731208141e+04 6.448236382731208141e+04 6.448236382731208141e+04 6.448236382731208141e+04
