0.000000000000000000e+00 8.824547143194649834e-01 1.163598473893216578e+00 1.340319584349344950e+00 1.471829855319811031e+00 1.575216814693703782e+00 1.659426159552822355e+00 1.730460369733918924e+00 1.791919550181773957e+00 1.845917571848985972e+00 1.895348491940239910e+00
0.000000000000000000e+00 8.782551585427427199e-01 1.173696549587475602e+00 1.362143354432191700e+00 1.499822887497430202e+00 1.606484231979266042e+00 1.693577285226638196e+00 1.767067960645363200e+00 1.832578547859156970e+00 1.891659564291330753e+00 1.945003867138439091e+00
0.000000000000000000e+00 8.918627480015857145e-01 1.214827836476615630e+00 1.416922107444406720e+00 1.561450917008187389e+00 1.675512827103375457e+00 1.772723212077835342e+00 1.856031339873879915e+00 1.928684223101299722e+00 1.993409716706082691e+00 2.051774145460512955e+00
0.000000000000000000e+00 9.233586405753158033e-01 1.264633200979005778e+00 1.472626685983414063e+00 1.628587711868021870e+00 1.753502510891848942e+00 1.857130681968556019e+00 1.945938695891527459e+00 2.023458634143025847e+00 2.091992447956727119e+00 2.153537774167489260e+00
0.000000000000000000e+00 9.497350770870980341e-01 1.296785191676463000e+00 1.514750062717212131e+00 1.678234425646223826e+00 1.808099931964534335e+00 1.915890907486755168e+00 2.007521911727963015e+00 2.087620816451817518e+00 2.159384547238005325e+00 2.223923606692551402e+00
0.000000000000000000e+00 9.667894195590633899e-01 1.316693181346636266e+00 1.543721341480704723e+00 1.711087604697240749e+00 1.844005839058809215e+00 1.953481780630681897e+00 2.047746008203830570e+00 2.130346047790226294e+00 2.203646352238138206e+00 2.269327391652041115e+00
0.000000000000000000e+00 9.774223067470302340e-01 1.332851517832750687e+00 1.563499450287054060e+00 1.733668657107045874e+00 1.867882706450473052e+00 1.979568133428983856e+00 2.075488290589419194e+00 2.159155676643422339e+00 2.233218706813204335e+00 2.300577464531670557e+00
0.000000000000000000e+00 9.846942119074810762e-01 1.345206276266253553e+00 1.578240172762889415e+00 1.749930027697701007e+00 1.885291583410435123e+00 1.998604170046746731e+00 2.095412022910750238e+00 2.179554698675929103e+00 2.255197461203351850e+00 2.323453661254461622e+00
0.000000000000000000e+00 9.891010514656954911e-01 1.353745030795835191e+00 1.588552060220536077e+00 1.760884482242545346e+00 1.897928506503376411e+00 2.012014354790153448e+00 2.109049541675631190e+00 2.194532966506812954e+00 2.270921168412314728e+00 2.339602104642835911e+00
0.000000000000000000e+00 9.912710469434387051e-01 1.359547912066773279e+00 1.595786612277152017e+00 1.768677154010219965e+00 1.906875535420113010e+00 2.021415647734102095e+00 2.119098133771331050e+00 2.205485085156396963e+00 2.282219479748164304e+00 2.351236881113436539e+00
0.000000000000000000e+00 9.924433124615461566e-01 1.363968700916302623e+00 1.601160647398501169e+00 1.774852570346411085e+00 1.913656368473311886e+00 2.028332237539871130e+00 2.127057563189737266e+00 2.213810943991120439e+00 2.290837119231582619e+00 2.359845253049570601e+00
