-8.190088341874798061e+00 -9.072543056194263045e+00 -9.353686815768014640e+00 -9.530407926224143011e+00 -9.661918197194609093e+00 -9.765305156568501843e+00 -9.849514501427620417e+00 -9.920548711608716985e+00 -9.982007892056572018e+00 -1.003600591372378403e+01 -1.008543683381503797e+01
-8.779168336281145457e+00 -9.657423494823888177e+00 -9.952864885868621059e+00 -1.014131169071333716e+01 -1.027899122377857566e+01 -1.038565256826041150e+01 -1.047274562150778365e+01 -1.054623629692650866e+01 -1.061174688414030243e+01 -1.067082790057247621e+01 -1.072417220341958455e+01
-9.790862163870770019e+00 -1.068272491187235573e+01 -1.100569000034738565e+01 -1.120778427131517674e+01 -1.135231308087895741e+01 -1.146637499097414548e+01 -1.156358537594860536e+01 -1.164689350374464993e+01 -1.171954638697206974e+01 -1.178427188057685271e+01 -1.184263630933128297e+01
-1.054870504908103612e+01 -1.147206368965635193e+01 -1.181333825006004190e+01 -1.202133173506445019e+01 -1.217729276094905799e+01 -1.230220755997288506e+01 -1.240583573104959214e+01 -1.249464374497256358e+01 -1.257216368322406197e+01 -1.264069749703776324e+01 -1.270224282324852538e+01
-1.103525612941666623e+01 -1.198499120650376426e+01 -1.233204132109312923e+01 -1.255000619213387836e+01 -1.271349055506289005e+01 -1.284335606138120056e+01 -1.295114703690342139e+01 -1.304277804114462924e+01 -1.312287694586848374e+01 -1.319464067665467155e+01 -1.325917973610921763e+01
-1.134824755623412784e+01 -1.231503697579319123e+01 -1.266494073758076411e+01 -1.289196889771483256e+01 -1.305933516093136859e+01 -1.319225339529293706e+01 -1.330172933686480974e+01 -1.339599356443795841e+01 -1.347859360402435414e+01 -1.355189390847226605e+01 -1.361757494788616896e+01
-1.155771253007333144e+01 -1.253513483682036167e+01 -1.289056404790608212e+01 -1.312121198036038550e+01 -1.329138118718037731e+01 -1.342559523652380449e+01 -1.353728066350231529e+01 -1.363320082066275063e+01 -1.371686820671675378e+01 -1.379093123688653577e+01 -1.385828999460500199e+01
-1.170428403856931254e+01 -1.268897825047679362e+01 -1.304949031483556610e+01 -1.328252421133220196e+01 -1.345421406626701355e+01 -1.358957562197974767e+01 -1.370288820861605927e+01 -1.379969606148006278e+01 -1.388383873724524165e+01 -1.395948149977266439e+01 -1.402773769982377416e+01
-1.181230938358567073e+01 -1.280141043505136622e+01 -1.316605441438150592e+01 -1.340086144380620681e+01 -1.357319386582821608e+01 -1.371023789008904714e+01 -1.382432373837582418e+01 -1.392135892526130192e+01 -1.400684235009248368e+01 -1.408323055199798546e+01 -1.415191148822850664e+01
-1.189514439049889916e+01 -1.288641543744233786e+01 -1.325469230256567243e+01 -1.349093100277605117e+01 -1.366382154450911912e+01 -1.380201992591901217e+01 -1.391656003823300125e+01 -1.401424252427023021e+01 -1.410062947565529612e+01 -1.417736387024706346e+01 -1.424638127161233569e+01
-1.196044312222875305e+01 -1.295288643469029921e+01 -1.332441182314505568e+01 -1.356160376962725422e+01 -1.373529569257516414e+01 -1.387409949070206494e+01 -1.398877535976862418e+01 -1.408750068541849032e+01 -1.417425406621987349e+01 -1.425128024146033567e+01 -1.432028837527832366e+01
