2.448278520225487043e+01 2.522512188326072646e+01 2.600961672784258738e+01 2.683694189509976979e+01 2.769818222534509289e+01 2.854520908845013238e+01 2.935704646858814826e+01 3.020739691349174194e+01 3.108774592429116268e+01 3.199418952805297423e+01 3.293808100003494843e+01
3.299217699344236365e+01 3.416287055751266877e+01 3.531750627558970734e+01 3.646386547762980257e+01 3.766608762272252164e+01 3.891047094490188130e+01 4.020834255974258298e+01 4.156107282633046651e+01 4.292230915624274701e+01 4.433219934347759761e+01 4.580899483605098510e+01
6.239282816628464445e+01 6.485971667152186626e+01 6.747298590582825284e+01 7.024019537481242992e+01 7.314330815441417144e+01 7.626814175057140233e+01 7.949430249278579197e+01 8.283422060925488495e+01 8.626974847022262338e+01 8.978674412190092369e+01 9.346893092924734958e+01
1.230614969031282726e+02 1.288520441518333541e+02 1.352186908331808013e+02 1.422647024662477406e+02 1.495979606809847553e+02 1.572752009607554555e+02 1.652581074861780053e+02 1.731806946224816386e+02 1.806328567837454955e+02 1.879450656080266810e+02 1.954908831712400001e+02
2.287641921725575287e+02 2.417683976390393923e+02 2.560879211333671037e+02 2.712991724491452601e+02 2.874926422359574190e+02 3.039072650287234296e+02 3.189980950464780562e+02 3.342004903778496328e+02 3.495246204017759624e+02 3.659218892217218695e+02 3.825342300098680539e+02
3.954446537784379530e+02 4.208328866677455267e+02 4.485448988610446008e+02 4.785827558710882386e+02 5.083963226108398317e+02 5.366970307254231329e+02 5.657511864956583167e+02 5.951639292494579649e+02 6.250499146962788473e+02 6.562051040384956195e+02 6.860946408521463127e+02
6.385748294799772111e+02 6.835408203999916168e+02 7.327690719860452191e+02 7.844089250923084364e+02 8.337376373826674580e+02 8.820067228371955252e+02 9.343575249107900618e+02 9.878172625412556727e+02 1.040355745729536466e+03 1.089041412307166638e+03 1.146703205327765545e+03
9.737152852491577733e+02 1.047700316764671470e+03 1.129707015223281132e+03 1.211222774027907235e+03 1.287404762778347731e+03 1.367893530142507188e+03 1.450765092999505896e+03 1.535808153894724001e+03 1.626936391937520966e+03 1.704691018521284832e+03 1.787832735946424009e+03
1.418950275097214671e+03 1.531522804305717045e+03 1.655333485297487414e+03 1.777048949353583112e+03 1.898541587734581981e+03 2.027212626177876700e+03 2.159774651980550971e+03 2.286167908843044643e+03 2.413347619275225497e+03 2.508701160362360952e+03 2.621289028733081068e+03
1.987380916652981341e+03 2.154167412318491643e+03 2.336901265320016591e+03 2.505976771689150610e+03 2.689504611587056843e+03 2.884124962352165767e+03 3.072165558524334756e+03 3.248983986632664710e+03 3.418409970774260273e+03 3.588257973453606610e+03 3.724013733775660057e+03
2.696901306939790175e+03 2.930577550972126119e+03 3.191565320387160682e+03 3.435948422277708232e+03 3.689406564238730880e+03 3.937079868407532558e+03 4.232670932049380099e+03 4.474751715158451589e+03 4.683669164807717607e+03 4.912621064125741214e+03 5.178319336521833975e+03
