2.301013250725594261e+01 3.228708458343494669e+01 3.498985090086040373e+01 3.652275945791370759e+01 3.755989597765508137e+01 3.833807861428780228e+01 3.893491091715968366e+01 3.941189455692322952e+01 3.984754118467323991e+01 4.018641781057541351e+01 4.053137053268188339e+01
3.078099151342772188e+01 4.258534881807494799e+01 4.590511285179834999e+01 4.777616535543121756e+01 4.906305982460320081e+01 4.998017597665683809e+01 5.071077560278259000e+01 5.133513127056869507e+01 5.184680155329516538e+01 5.233551274578880452e+01 5.275682119493682620e+01
5.935647933469471127e+01 7.837809273807032184e+01 8.362977095017672013e+01 8.662811635572457192e+01 8.860005071383527309e+01 9.016363849616087123e+01 9.144279186919564495e+01 9.251144072637458748e+01 9.333812320622257630e+01 9.423627916189568055e+01 9.492419865279852331e+01
1.187379811110380672e+02 1.517256506010390069e+02 1.608896401310639703e+02 1.659515661775459137e+02 1.696333526303965868e+02 1.725406132142949502e+02 1.748507079691974866e+02 1.763489959206452511e+02 1.783386731211485312e+02 1.798741342449451963e+02 1.810662533266709033e+02
2.235247029761144404e+02 2.783250974393591264e+02 2.937714617905109549e+02 3.030762693711911311e+02 3.096551845801250238e+02 3.146957528686912156e+02 3.178980887035052092e+02 3.215415330271017069e+02 3.248850688212514797e+02 3.275400137030362089e+02 3.296202610362176415e+02
3.886262749395543210e+02 4.764742673502998969e+02 5.017534025759172778e+02 5.166983260123902255e+02 5.274827313314121966e+02 5.334324216219031314e+02 5.412271415414064677e+02 5.478216296278498021e+02 5.529552638664154074e+02 5.565823142491869930e+02 5.584628397750381055e+02
6.293033190920159541e+02 7.626656281622896358e+02 7.975643025221304470e+02 8.266937299071748839e+02 8.411980519163873851e+02 8.490471402572424040e+02 8.635684144354887621e+02 8.742982984138607208e+02 8.825680790079577491e+02 8.880086139355695423e+02 8.906421797348206155e+02
9.613177109363632553e+02 1.156535432985873513e+03 1.216340842711318373e+03 1.246354818341786768e+03 1.265928061246382185e+03 1.291771432174555912e+03 1.309896023733482480e+03 1.322389809184961905e+03 1.328255694211413129e+03 1.329801461489998246e+03 1.329413304372573521e+03
1.401418715610637719e+03 1.676381550738004535e+03 1.756480754321545874e+03 1.809216758840955890e+03 1.830069954999392849e+03 1.846690239773718758e+03 1.881150703621967295e+03 1.906782262815339209e+03 1.927324295581804336e+03 1.942371125296837818e+03 1.951317571517065971e+03
1.965282451003709184e+03 2.331308310156750395e+03 2.447682901552129351e+03 2.485081990536426929e+03 2.559272075976624819e+03 2.607089307630683834e+03 2.639928341362259744e+03 2.656272119024298718e+03 2.660998625065828946e+03 2.660881014785144998e+03 2.658173470073178578e+03
2.658493424780865098e+03 3.168073544915853745e+03 3.276531136870494265e+03 3.380841016969562133e+03 3.469715014588072791e+03 3.526881349782889629e+03 3.556751634773549995e+03 3.564327848004337284e+03 3.563359926285999336e+03 3.557966743060893350e+03 3.548679895009678148e+03
