4.596452052086277035e+03 4.725512095858181965e+03 4.856737912131924531e+03 4.990429982101151836e+03 5.125668585057925156e+03 5.262146618172648232e+03 5.398232493618920671e+03 5.537113199159532087e+03 5.674858783968777061e+03 5.811172789326665225e+03 5.947726892924672029e+03
5.401236032923137827e+03 5.576551572128483713e+03 5.757011566075069823e+03 5.940761791575071584e+03 6.125408180168014951e+03 6.311989996524745948e+03 6.500656927667227137e+03 6.687590393226853848e+03 6.873959624121496745e+03 7.060066599902307644e+03 7.242645043744825671e+03
7.612484175515695824e+03 7.926754167463475824e+03 8.251139815481836195e+03 8.582429917304525588e+03 8.917777020596007787e+03 9.255358655195446772e+03 9.593200562427931800e+03 9.926395392934155097e+03 1.025599241546024678e+04 1.058064535290113781e+04 1.089892821999280204e+04
1.098632111243891814e+04 1.154650132892461443e+04 1.212134309261493581e+04 1.270379265502331691e+04 1.329141592420362394e+04 1.387541595383505228e+04 1.445411493075275757e+04 1.502107323726847244e+04 1.557750106971032073e+04 1.612190197469389750e+04 1.665314669888530261e+04
1.544761938714070493e+04 1.636204230236624608e+04 1.729719969410556951e+04 1.824172410617346395e+04 1.918277550296600020e+04 2.011230489764631784e+04 2.102120406492099210e+04 2.190933034878183753e+04 2.277350694784609368e+04 2.361150673257245944e+04 2.443130395428461998e+04
2.099936106447281054e+04 2.236496621859693187e+04 2.377607616578217130e+04 2.519183186116988509e+04 2.659204043351366636e+04 2.796210247843834077e+04 2.929495979767438985e+04 3.058697604176416280e+04 3.183963057916837352e+04 3.305112516873689310e+04 3.422297131138374243e+04
2.762524575328129504e+04 2.956322375737641778e+04 3.156203052246912921e+04 3.356120591840325505e+04 3.552680245779064717e+04 3.743518342337914510e+04 3.928062083985077334e+04 4.106430480188976071e+04 4.278595426804035378e+04 4.444717048527111183e+04 4.605411456730226200e+04
3.531691616981044353e+04 3.795554142281736131e+04 4.066044564888429159e+04 4.336223543289941881e+04 4.599620290326343093e+04 4.854315324368006986e+04 5.099601726095032063e+04 5.335311425694081117e+04 5.562579034875427169e+04 5.781401041326089035e+04 5.993254575312464294e+04
4.407959892442144337e+04 4.753751141533094778e+04 5.108040877117322816e+04 5.459876628938714566e+04 5.800931248466137913e+04 6.129305158386203402e+04 6.444353101681030239e+04 6.746569213297947135e+04 7.037240614955688943e+04 7.316674940265643818e+04 7.586250706187145261e+04
5.389878195965362102e+04 5.831871354156520101e+04 6.282474763324575906e+04 6.727223181191801268e+04 7.157650712715703412e+04 7.569554524218343431e+04 7.963034075215185294e+04 8.340276594851851405e+04 8.702413966478066868e+04 9.050956922330020461e+04 9.386991920299238700e+04
6.478791426914149633e+04 7.028266884496857529e+04 7.588822850671030756e+04 8.140036406676231127e+04 8.669001626479563129e+04 9.175071017792941711e+04 9.657527631124919571e+04 1.011809145135409344e+05 1.055979013129569212e+05 1.098443968823014293e+05 1.139310359746968606e+05
