0.000000000000000000e+00 1.935733310092473403e-01 3.890026692533865571e-01 5.873111567634623498e-01 7.901314484333852306e-01 9.979907780943904072e-01 1.212402508790546563e+00 1.434142814818187617e+00 1.663640292106720153e+00 1.903980666589632165e+00 2.154546120927989250e+00
0.000000000000000000e+00 2.360806710275937803e-01 4.733540899615036324e-01 7.148204251971037593e-01 9.628391661681234837e-01 1.218252381688216701e+00 1.483976980907755205e+00 1.760755589955806499e+00 2.049809634667326463e+00 2.353880526185093913e+00 2.672993089599913219e+00
0.000000000000000000e+00 3.317447290064592380e-01 6.671827769569063094e-01 1.011629559987341054e+00 1.367785396934777964e+00 1.741194961610744940e+00 2.134258535006665625e+00 2.551848486629751278e+00 2.999025390687165782e+00 3.475149529145710403e+00 3.984988385294855107e+00
0.000000000000000000e+00 4.379569690427160822e-01 8.846342379329144023e-01 1.351844679567875573e+00 1.847026628085586708e+00 2.374835309638001490e+00 2.940458013803436188e+00 3.549388891067792429e+00 4.206001515874959296e+00 4.914791284023522167e+00 5.680285354483203264e+00
0.000000000000000000e+00 5.428656449439586140e-01 1.104402792541804956e+00 1.697063871772115817e+00 2.331626861516269855e+00 3.018974093738506781e+00 3.764959034830098972e+00 4.577431412842997815e+00 5.459669275500345975e+00 6.418754260812420398e+00 7.458318703880649991e+00
0.000000000000000000e+00 6.444168213711236604e-01 1.308705216943053529e+00 2.018010025112744188e+00 2.787938143534120172e+00 3.629865737893851474e+00 4.553079025496117538e+00 5.564000501282862388e+00 6.670320706751226680e+00 7.875128393632621737e+00 9.183912478663842194e+00
0.000000000000000000e+00 7.329570012698241044e-01 1.493854820055275923e+00 2.311635080226551509e+00 3.207835813413112191e+00 4.197306979236600455e+00 5.290130572597263381e+00 6.491167460200813366e+00 7.806494931981433183e+00 9.241903055932198185e+00 1.080118109523027670e+01
0.000000000000000000e+00 8.116316008054127451e-01 1.661037606350873830e+00 2.578587429561594035e+00 3.593255382187635405e+00 4.722624472040479304e+00 5.973006200259987963e+00 7.350552455918659689e+00 8.863232232582959114e+00 1.051046882740774890e+01 1.210478593000880210e+01
0.000000000000000000e+00 8.822954995630425401e-01 1.811332832432526629e+00 2.822196496643300634e+00 3.948512276103429031e+00 5.207037282536475686e+00 6.604308954363659723e+00 8.148162887518992648e+00 9.838898443907964975e+00 1.155346050099251443e+01 1.328572392535716062e+01
0.000000000000000000e+00 9.464339334190299269e-01 1.947496925211453345e+00 3.047401097155670868e+00 4.277512694246979663e+00 5.655163233452185523e+00 7.191808640698582167e+00 8.886804411766206613e+00 1.070532079191252706e+01 1.250035694575126399e+01 1.436778576626966242e+01
0.000000000000000000e+00 1.004951456558046630e+00 2.072870934603997739e+00 3.254807741457625525e+00 4.581789851938083302e+00 6.073964327413705178e+00 7.737578683783794986e+00 9.573850309629051480e+00 1.145300132594638853e+01 1.337251373593608150e+01 1.536371162207797170e+01
