1.708753559307748474e-03 1.708753559307748474e-03 1.708753559307748474e-03 1.708753559307748474e-03 1.708753559307748474e-03 1.708753559307748474e-03 1.708753559307748474e-03 1.708753559307748474e-03 1.708753559307748474e-03 1.708753559307748474e-03 1.708753559307748474e-03
2.507750540839824745e-03 2.507750540839824745e-03 2.507750540839824745e-03 2.507750540839824745e-03 2.507750540839824745e-03 2.507750540839824745e-03 2.507750540839824745e-03 2.507750540839824745e-03 2.507750540839824745e-03 2.507750540839824745e-03 2.507750540839824745e-03
5.150134553950691529e-03 5.150134553950691529e-03 5.150134553950691529e-03 5.150134553950691529e-03 5.150134553950691529e-03 5.150134553950691529e-03 5.150134553950691529e-03 5.150134553950691529e-03 5.150134553950691529e-03 5.150134553950691529e-03 5.150134553950691529e-03
1.013286021091734136e-02 1.013286021091734136e-02 1.013286021091734136e-02 1.013286021091734136e-02 1.013286021091734136e-02 1.013286021091734136e-02 1.013286021091734136e-02 1.013286021091734136e-02 1.013286021091734136e-02 1.013286021091734136e-02 1.013286021091734136e-02
1.764008328189130628e-02 1.764008328189130628e-02 1.764008328189130628e-02 1.764008328189130628e-02 1.764008328189130628e-02 1.764008328189130628e-02 1.764008328189130628e-02 1.764008328189130628e-02 1.764008328189130628e-02 1.764008328189130628e-02 1.764008328189130628e-02
2.770830881399246465e-02 2.770830881399246465e-02 2.770830881399246465e-02 2.770830881399246465e-02 2.770830881399246465e-02 2.770830881399246465e-02 2.770830881399246465e-02 2.770830881399246465e-02 2.770830881399246465e-02 2.770830881399246465e-02 2.770830881399246465e-02
4.056684554994540587e-02 4.056684554994540587e-02 4.056684554994540587e-02 4.056684554994540587e-02 4.056684554994540587e-02 4.056684554994540587e-02 4.056684554994540587e-02 4.056684554994540587e-02 4.056684554994540587e-02 4.056684554994540587e-02 4.056684554994540587e-02
5.612549232784250913e-02 5.612549232784250913e-02 5.612549232784250913e-02 5.612549232784250913e-02 5.612549232784250913e-02 5.612549232784250913e-02 5.612549232784250913e-02 5.612549232784250913e-02 5.612549232784250913e-02 5.612549232784250913e-02 5.612549232784250913e-02
7.477760357911035494e-02 7.477760357911035494e-02 7.477760357911035494e-02 7.477760357911035494e-02 7.477760357911035494e-02 7.477760357911035494e-02 7.477760357911035494e-02 7.477760357911035494e-02 7.477760357911035494e-02 7.477760357911035494e-02 7.477760357911035494e-02
9.625524457288546498e-02 9.625524457288546498e-02 9.625524457288546498e-02 9.625524457288546498e-02 9.625524457288546498e-02 9.625524457288546498e-02 9.625524457288546498e-02 9.625524457288546498e-02 9.625524457288546498e-02 9.625524457288546498e-02 9.625524457288546498e-02
1.206168704275354109e-01 1.206168704275354109e-01 1.206168704275354109e-01 1.206168704275354109e-01 1.206168704275354109e-01 1.206168704275354109e-01 1.206168704275354109e-01 1.206168704275354109e-01 1.206168704275354109e-01 1.206168704275354109e-01 1.206168704275354109e-01
