8.802169883242570991e-01 8.802169883242570991e-01 8.802169883242570991e-01 8.802169883242570991e-01 8.802169883242570991e-01 8.802169883242570991e-01 8.802169883242570991e-01 8.802169883242570991e-01 8.802169883242570991e-01 8.802169883242570991e-01 8.802169883242570991e-01
1.292258647598940158e+00 1.292258647598940158e+00 1.292258647598940158e+00 1.292258647598940158e+00 1.292258647598940158e+00 1.292258647598940158e+00 1.292258647598940158e+00 1.292258647598940158e+00 1.292258647598940158e+00 1.292258647598940158e+00 1.292258647598940158e+00
2.655621807358685693e+00 2.655621807358685693e+00 2.655621807358685693e+00 2.655621807358685693e+00 2.655621807358685693e+00 2.655621807358685693e+00 2.655621807358685693e+00 2.655621807358685693e+00 2.655621807358685693e+00 2.655621807358685693e+00 2.655621807358685693e+00
5.227929047435481813e+00 5.227929047435481813e+00 5.227929047435481813e+00 5.227929047435481813e+00 5.227929047435481813e+00 5.227929047435481813e+00 5.227929047435481813e+00 5.227929047435481813e+00 5.227929047435481813e+00 5.227929047435481813e+00 5.227929047435481813e+00
9.104871040859467968e+00 9.104871040859467968e+00 9.104871040859467968e+00 9.104871040859467968e+00 9.104871040859467968e+00 9.104871040859467968e+00 9.104871040859467968e+00 9.104871040859467968e+00 9.104871040859467968e+00 9.104871040859467968e+00 9.104871040859467968e+00
1.430459831162445283e+01 1.430459831162445283e+01 1.430459831162445283e+01 1.430459831162445283e+01 1.430459831162445283e+01 1.430459831162445283e+01 1.430459831162445283e+01 1.430459831162445283e+01 1.430459831162445283e+01 1.430459831162445283e+01 1.430459831162445283e+01
2.094661874053640460e+01 2.094661874053640460e+01 2.094661874053640460e+01 2.094661874053640460e+01 2.094661874053640460e+01 2.094661874053640460e+01 2.094661874053640460e+01 2.094661874053640460e+01 2.094661874053640460e+01 2.094661874053640460e+01 2.094661874053640460e+01
2.898298054801421131e+01 2.898298054801421131e+01 2.898298054801421131e+01 2.898298054801421131e+01 2.898298054801421131e+01 2.898298054801421131e+01 2.898298054801421131e+01 2.898298054801421131e+01 2.898298054801421131e+01 2.898298054801421131e+01 2.898298054801421131e+01
3.861855704085346730e+01 3.861855704085346730e+01 3.861855704085346730e+01 3.861855704085346730e+01 3.861855704085346730e+01 3.861855704085346730e+01 3.861855704085346730e+01 3.861855704085346730e+01 3.861855704085346730e+01 3.861855704085346730e+01 3.861855704085346730e+01
4.971335600379752861e+01 4.971335600379752861e+01 4.971335600379752861e+01 4.971335600379752861e+01 4.971335600379752861e+01 4.971335600379752861e+01 4.971335600379752861e+01 4.971335600379752861e+01 4.971335600379752861e+01 4.971335600379752861e+01 4.971335600379752861e+01
6.229900887002884957e+01 6.229900887002884957e+01 6.229900887002884957e+01 6.229900887002884957e+01 6.229900887002884957e+01 6.229900887002884957e+01 6.229900887002884957e+01 6.229900887002884957e+01 6.229900887002884957e+01 6.229900887002884957e+01 6.229900887002884957e+01
