6.909805667965454035e+00
6.837006495716514642e+00
7.902976359293235831e+00
6.893233602795040049e+00
7.220469143931925515e+00
8.594073250469921987e+00
7.155538147171456309e+00
7.087705575648820755e+00
6.985556235837388606e+00
7.175016513271657459e+00
7.869083326068269990e+00
5.451970755832166837e+00
5.378219757846118831e+00
7.990246307369351264e+00
5.462401807696181777e+00
9.169689610869040663e+00
6.973439771032635015e+00
7.129298354148718708e+00
5.156481818720341614e+00
7.948558449549374849e+00
5.824751445253811610e+00
6.810921625729692508e+00
8.000743768165690994e+00
6.133907885349348277e+00
8.847642677317626436e+00
5.017597433052618072e+00
6.874313239331162784e+00
6.799538536081788820e+00
7.650940950473805735e+00
6.877072523150951966e+00
7.469416473655967614e+00
7.893390516610724994e+00
4.921417600654739211e+00
6.738611797384094437e+00
5.372055788280255761e+00
5.968966296556843076e+00
6.359502494381553461e+00
7.972784791632386181e+00
6.934314175314765905e+00
7.788765280750941322e+00
6.796598753846710750e+00
6.711697471379353352e+00
7.276107621269336079e+00
9.027458824632260459e+00
7.524788241789803322e+00
5.877645158313463014e+00
7.669977241765979059e+00
6.820125126830118845e+00
5.609672740980209404e+00
7.587475920308672350e+00
7.844314363660849665e+00
5.295834447246877907e+00
8.478267940518987800e+00
8.484172667803404622e+00
5.799565113969616270e+00
5.403517576444355264e+00
7.106088139064668852e+00
6.975841951467325330e+00
7.420076597159711795e+00
6.986954288743550734e+00
6.525666372413279070e+00
7.127187135687147901e+00
5.883934018649912723e+00
6.287739153690864669e+00
7.682948220634460590e+00
7.062069972008219843e+00
7.162797985938660794e+00
7.837546750756713365e+00
8.052338296418094288e+00
7.845009075952831701e+00
7.183068186480135786e+00
5.879947659314288977e+00
6.659231004177172508e+00
6.435361755893649338e+00
5.636475598728209135e+00
7.827039311115835396e+00
9.068241479387319615e+00
8.661486378521946250e+00
7.086529664036869569e+00
8.833110959589323130e+00
7.649829259451014885e+00
5.838736466655795709e+00
5.989443305109486637e+00
7.560967127196965620e+00
8.488922914432091460e+00
4.794610275113885045e+00
8.288019295621385396e+00
6.052374308286729843e+00
8.555815970952426852e+00
7.535536686505575510e+00
5.814648661318967626e+00
6.870094190132570056e+00
7.032050890537205667e+00
6.834380814440257801e+00
7.011874985487309253e+00
5.668322978129097578e+00
7.715173119074623109e+00
5.824336110522700061e+00
6.172541365020498105e+00
6.543133746699835385e+00
7.516834676741106946e+00
6.822857522311672973e+00
7.444249256067910103e+00
7.758412024437646437e+00
8.563601894272549586e+00
6.071489613858091161e+00
6.724440298066723720e+00
6.118704209456146792e+00
7.409736331307178681e+00
7.126626393968480855e+00
7.006892756506420739e+00
9.341099972768313719e+00
7.301924885957405742e+00
6.353096999221451213e+00
7.811351049370757416e+00
6.013674678671817375e+00
8.958750502664436510e+00
6.706110491262493589e+00
7.018473254715545728e+00
7.903680897153409823e+00
6.438003239766864283e+00
7.262695290479976862e+00
7.136521055450793405e+00
7.577697023442676816e+00
6.682405021707990223e+00
9.218326272150362044e+00
8.226044542746686616e+00
7.664935939561827283e+00
8.871830238089831511e+00
8.426554928498267927e+00
6.233270707517502451e+00
7.762646772446168519e+00
6.974648329424637083e+00
7.161427271574821063e+00
8.463906463243526801e+00
7.409850134357001572e+00
7.866321812013814530e+00
8.097774061232577480e+00
6.904681179621687370e+00
6.153653721780909081e+00
7.218698086035540307e+00
6.651659625641608287e+00
6.876472978678873638e+00
6.666471314546274840e+00
9.316338207215585143e+00
7.390247083144032558e+00
5.426450447730414517e+00
7.892914224007419932e+00
6.813294452534386814e+00
8.065712711774551735e+00
6.844458180526852509e+00
6.098042411139185326e+00
6.086031217877169830e+00
6.226489179972527488e+00
8.953637506113894418e+00
7.385982265383920442e+00
7.747877243396773750e+00
7.188880137254125557e+00
8.687733305371216019e+00
6.709399060369379164e+00
7.574632116261866166e+00
7.422235331690925086e+00
6.110246714742637586e+00
7.122694003258321693e+00
7.219988552556888095e+00
6.086488028194567690e+00
6.642156798166111820e+00
8.333824065224291644e+00
8.988918846592449441e+00
7.596272794131135875e+00
8.467257818910454148e+00
6.102328059974540864e+00
7.365213188750614037e+00
7.203244541155002345e+00
7.629091670311702877e+00
7.641794136343656341e+00
7.308792428659263152e+00
7.036344601533799370e+00
6.859755212756035725e+00
7.813066726942626161e+00
6.383820171271683996e+00
7.254904903439951092e+00
6.142132938164636791e+00
8.674253393721967242e+00
6.684554544722208114e+00
6.786015363746837004e+00
9.308960263053174700e+00
5.052333819352010202e+00
5.344020496235891926e+00
7.322843033641655452e+00
5.377590871800916439e+00
7.118964191700037247e+00
5.460342998039204865e+00
5.596478820918210140e+00
8.099432272802777888e+00
6.386250612109940938e+00
6.937578720640283692e+00
7.880194432943092409e+00
5.966015301472617161e+00
6.754157361139601079e+00
7.532285264725526730e+00
7.723413997521693553e+00
7.196054879824292705e+00
6.543367275693683816e+00
5.595502253773319445e+00
6.243010038158995911e+00
8.410271796741598749e+00
6.254596319112234681e+00
8.348581985093858293e+00
7.374419423317403854e+00
6.089368038224629132e+00
6.854251336386580462e+00
7.718022038931497519e+00
6.618787043978617390e+00
6.604264010001457130e+00
6.163622306435446951e+00
6.604696659848018570e+00
5.784040172293964055e+00
8.136741967870419145e+00
8.090406116176364293e+00
8.233441014967777249e+00
8.386399262538295929e+00
7.788083466374009944e+00
7.479646216867683606e+00
7.242181196472402327e+00
6.210843954954071933e+00
8.601955984934193111e+00
8.900680317117384277e+00
7.787157115447304712e+00
6.410366036830596137e+00
6.011218653936234446e+00
5.505765581991811430e+00
6.358101059015057288e+00
6.655346569117901012e+00
7.625130623837204524e+00
7.323062962529155229e+00
7.260633554802764955e+00
5.519304118531387360e+00
6.027139684877561798e+00
7.510808132547651894e+00
6.567714449133273291e+00
7.534131679201995446e+00
7.009029617561932213e+00
7.300961401094530956e+00
7.675911933928187381e+00
5.815942766408907616e+00
6.761859828745378387e+00
8.813162121818624684e+00
7.308677635592669475e+00
5.873993495570136503e+00
6.299938366930875944e+00
7.220910067560764034e+00
6.640956960549971200e+00
7.557164039084430129e+00
7.553625933527958303e+00
7.488830040131388088e+00
5.862192850855060477e+00
8.569806496875912671e+00
8.983596346830925228e+00
6.847229755828021069e+00
6.821043833690623615e+00
8.779377006560105556e+00
6.861474567272026981e+00
7.344143999282285229e+00
5.841617965255779588e+00
6.909616767721876052e+00
7.296117116428286309e+00
8.414208977234030939e+00
6.190695456881226022e+00
7.345700653165073035e+00
7.995088686032995717e+00
7.585313561382858616e+00
7.082475150904145700e+00
7.918575866844341782e+00
7.607122276806391525e+00
8.065903964330528808e+00
6.325089325886940728e+00
5.043998354098177650e+00
7.471166165739413501e+00
5.729295965185493777e+00
7.704311616090508963e+00
7.793580325507160289e+00
5.123662672161349185e+00
7.396543299160764917e+00
5.418259809428075613e+00
6.541798826660640387e+00
8.198470059808586896e+00
5.754415139593135109e+00
6.560291667645990366e+00
7.756276219686709439e+00
7.987968117884111763e+00
7.877334991961578936e+00
8.111159711157139185e+00
7.503177391655714068e+00
6.664984607997602950e+00
8.639921293993923612e+00
7.975930818762147823e+00
7.338407446070775997e+00
6.639643195343787774e+00
7.287861634479895656e+00
7.479659660875730864e+00
9.029577252397821496e+00
7.134481820245719419e+00
8.183496542430836129e+00
7.773777879247968592e+00
7.090669454715095910e+00
7.185745315611828055e+00
5.488089714040056855e+00
6.357501484218954779e+00
7.976629741482827995e+00
8.332781217578890676e+00
5.874090682224498039e+00
5.832335275658133256e+00
6.070022265298287145e+00
6.721817792080591047e+00
7.553851850683370728e+00
6.854618316796535993e+00
6.377444618121107744e+00
6.996844858955325819e+00
6.703672687666129448e+00
5.034170076242315162e+00
5.459144230284253219e+00
8.882977959861579009e+00
7.734956851762995633e+00
7.389774317993698105e+00
7.362662400155221221e+00
5.695945318621242315e+00
7.390597307932988969e+00
6.691206116446711150e+00
7.160967173497499338e+00
6.917216571101504563e+00
6.043989411752949792e+00
8.335921363511127780e+00
6.263034143951391464e+00
6.069397191405859537e+00
7.690477063726044449e+00
6.064788288246343306e+00
7.422303147508467092e+00
7.631487660929338723e+00
7.182313354244327819e+00
6.928612992348025301e+00
7.619848959774838448e+00
6.477307663183964337e+00
7.512287325611293198e+00
5.910129955796175061e+00
8.338199515925623473e+00
7.299841004036876413e+00
8.508867207302589719e+00
6.228296814829581862e+00
5.440603971990793930e+00
6.846131100027387895e+00
7.349133460200845569e+00
7.135220792075942953e+00
5.476567890609694622e+00
6.679376185846251701e+00
7.183101013177283001e+00
6.380770923035790965e+00
6.978578963575824190e+00
7.887264472978533725e+00
7.126516537702483056e+00
7.482146041291915850e+00
5.904024359706232516e+00
8.438906355813134752e+00
6.685707494888022850e+00
8.366907710258342235e+00
8.003219308058712400e+00
7.208680446111759288e+00
6.786763209275012976e+00
6.331548827444057004e+00
5.776752825296074256e+00
8.730181188463943087e+00
7.183728868678517898e+00
8.535332294166023459e+00
5.782453983031133227e+00
8.225867885561138237e+00
6.976742580327179866e+00
6.139498207065819280e+00
5.877034098872676360e+00
8.996175123287853737e+00
7.347465092822244692e+00
5.474740486745864665e+00
6.974388229756710800e+00
5.629250493097403663e+00
6.611438018421973872e+00
7.709902111873253361e+00
6.664431200614377104e+00
7.182539706306850569e+00
6.595900454218754483e+00
8.559080225267727826e+00
6.337941999410154459e+00
7.691145861258538829e+00
7.252981345205916419e+00
7.937598670488884345e+00
6.662548613595535407e+00
5.399196300321149167e+00
8.471687267184682568e+00
6.614602085928792619e+00
5.635949955540069389e+00
6.341057964450965478e+00
6.257686301061932355e+00
7.685018989162366587e+00
7.240476814029774388e+00
6.617294070205176126e+00
6.715673204176787259e+00
7.859964380972301434e+00
7.055650156321569000e+00
7.075683900592160569e+00
6.224673711877343862e+00
8.106734486744450408e+00
6.402214800417339369e+00
7.680073235949876675e+00
6.963747175075929441e+00
6.844109601199719783e+00
6.064011098331756777e+00
8.280026834352593568e+00
9.181887828580489241e+00
7.982104593306618590e+00
8.727739241454571584e+00
8.797203479121392888e+00
6.762901425703526925e+00
7.419721880513518997e+00
7.748134983578787605e+00
7.048738729580931839e+00
7.537000692755145614e+00
7.243008368284646892e+00
8.140756675899881500e+00
7.253735650647444189e+00
6.723695274392241572e+00
5.916640639301926186e+00
7.669624773944364371e+00
8.332489337090757786e+00
7.669513451398423776e+00
6.926217264804579443e+00
6.437160380340962718e+00
6.409877847342543511e+00
8.086327330268971991e+00
8.473895495919895993e+00
7.731572090781508422e+00
6.074476889155509873e+00
7.270785696844126456e+00
8.505214033085799485e+00
7.021756929892765342e+00
8.414961237500143909e+00
6.232535696081074050e+00
7.875492887845064516e+00
7.121765774786493530e+00
7.727087491650965312e+00
6.531318174216737660e+00
5.985235081717546812e+00
8.123687685763647082e+00
7.902756816528935246e+00
6.905835832850602429e+00
6.666312698066986009e+00
6.262029295560283870e+00
6.217682928020923150e+00
7.311857420920958361e+00
8.891781135136440639e+00
6.307737936208828167e+00
8.408533791607554875e+00
5.754501133981493766e+00
6.888803562493056809e+00
6.805161619593160793e+00
6.292409199654711571e+00
5.968487474944144111e+00
7.706112643469793966e+00
5.882463930247585182e+00
7.730202197466277347e+00
5.875036783780730687e+00
5.875840338306005606e+00
7.298321275589315427e+00
7.284599902897716639e+00
6.553422001557279053e+00
6.067482219327605897e+00
6.446949221351398585e+00
6.138369697786280277e+00
6.870249369088629265e+00
7.750443967681984958e+00
6.117099055461983070e+00
7.601676951827396778e+00
7.752837206550996285e+00
6.536413268495552487e+00
7.144160417468195412e+00
6.516819793956928564e+00
8.236788506661547160e+00
8.416824540406437904e+00
6.558607996630863468e+00
6.155070974469900591e+00
5.474547410551900306e+00
5.731573708882060636e+00
6.913145332938029242e+00
6.479265128959718290e+00
6.434896438099992899e+00
6.831126514069865152e+00
8.067286610268293856e+00
8.842068824632224988e+00
8.125809396837636811e+00
7.090817275703397371e+00
7.124231508093409104e+00
5.401904173564476608e+00
5.800778357941939412e+00
6.667229391976055020e+00
6.661002950965663416e+00
7.458880357951402473e+00
8.235060345538954607e+00
7.245702864003948029e+00
7.489510569277904040e+00
4.436538320319809436e+00
6.340705937239818013e+00
7.583480588973241510e+00
6.882430110975882975e+00
8.224619372043274979e+00
6.733667037525060017e+00
7.046006684356683536e+00
8.470200951457650618e+00
7.986656846331396942e+00
9.393950788637898341e+00
5.888919383797563967e+00
5.566325962824062223e+00
7.110071443895999543e+00
6.853798553776830893e+00
7.719691143790620380e+00
6.791869347571972249e+00
5.573080101602449155e+00
4.130313575036157481e+00
5.574279584652287234e+00
7.871231985028004807e+00
5.463460978742172180e+00
6.718790650296441846e+00
7.065412506993905772e+00
7.097336177789025591e+00
6.096132696179097366e+00
6.604132929949090069e+00
8.001201575207952388e+00
7.561090460336330032e+00
7.707106461826392696e+00
6.995146670901575270e+00
6.563067821189557449e+00
7.302628288519676047e+00
7.795111466672383749e+00
7.692628028863657264e+00
8.079952978707471090e+00
6.859313239720029820e+00
6.021918721208026071e+00
7.102142094254968896e+00
5.590760306026670179e+00
6.176560456949544253e+00
5.181624097614073499e+00
7.459542426060922438e+00
6.183144224686441426e+00
7.571639360570369348e+00
6.451630572263650443e+00
6.353763847814155596e+00
7.705303831435443840e+00
8.868924641759390326e+00
7.106543521748934111e+00
8.239228225212800183e+00
7.095757861164830871e+00
9.042281565139697719e+00
8.514215801649164916e+00
6.478943929464669793e+00
6.625823253550326974e+00
5.848986813319115186e+00
6.200579759370288713e+00
5.460818676643018676e+00
7.650866047830076511e+00
5.165679044488605598e+00
7.326836236316134787e+00
7.332699295206567491e+00
6.878908937441305937e+00
7.157678279517253550e+00
7.194966090043304341e+00
7.365740000089716411e+00
8.946430561935651227e+00
7.087627781920872394e+00
6.033528766752021433e+00
5.549363641130442559e+00
8.117431953728148741e+00
6.946701417145177970e+00
6.336543984825413922e+00
8.373119769374515187e+00
6.753280924853181766e+00
6.764078438319547359e+00
7.323380020308639438e+00
7.124729424485783724e+00
9.262213387646420770e+00
5.729149643987146767e+00
7.189870921109532631e+00
6.771408791643799496e+00
6.747905354396760202e+00
8.304252459916757090e+00
6.891307758255546645e+00
6.508367861534854804e+00
7.116118349475043736e+00
7.260102225823195532e+00
7.529281099634908436e+00
8.043088384489648135e+00
7.390282690797687515e+00
6.673508758765089866e+00
7.092550850680789054e+00
7.683760169033922338e+00
8.609732588071471682e+00
8.953970764876846289e+00
6.034912244827005168e+00
6.929411130302026045e+00
5.818152683322212582e+00
8.698099845342868619e+00
6.666026140187706339e+00
8.204502981256972305e+00
6.351285445100572247e+00
5.570889255674924101e+00
6.811668235319250364e+00
7.893777733211186032e+00
5.913984695833052641e+00
6.652764113565292625e+00
5.940021360276975138e+00
6.819258472096713319e+00
7.266376205461366311e+00
8.202172535749276960e+00
8.568952552221603014e+00
6.651682266843495839e+00
6.314614870771193544e+00
6.839377389165741228e+00
6.314568675588891900e+00
8.757863805132085844e+00
8.569902265128099828e+00
8.145288563718569463e+00
6.271485461412901863e+00
7.856209876836937056e+00
7.534707549027730877e+00
6.910524324508627636e+00
6.945144455225825908e+00
6.035113345018878306e+00
8.530044134851012316e+00
6.157951770787541967e+00
7.110171365674034405e+00
6.363273674054744866e+00
6.161694359143296218e+00
8.045045982795981487e+00
7.517402544406801113e+00
8.323334777140550145e+00
6.879042558435357613e+00
4.559531828984861868e+00
6.345523620043358903e+00
7.953904981852931932e+00
7.812986044031376309e+00
9.088722844460692230e+00
6.386599021612262561e+00
7.128699008054486086e+00
4.987891787528810461e+00
5.089311592987888488e+00
6.887451284018101028e+00
6.778951086757832201e+00
6.398303608333756998e+00
6.004093863263302744e+00
6.778211760770263439e+00
6.965066701457715226e+00
6.377370861582877914e+00
9.482077827312677343e+00
6.479536230829088694e+00
5.351217013145367574e+00
6.415380832971687042e+00
5.783893280662675274e+00
6.168617883144582592e+00
5.943731520877620689e+00
5.419108133487197776e+00
7.354660009141239740e+00
8.046709776215051235e+00
7.297039717695159133e+00
6.966527831250028946e+00
6.792422575820808106e+00
6.861575886030078841e+00
7.072971701718403281e+00
4.478752254311532788e+00
8.515746109771676231e+00
7.309913296030570606e+00
5.847115518472249640e+00
7.544088220280645629e+00
5.737093612470360426e+00
5.744823355569610435e+00
7.591409459233147139e+00
6.610230497424653962e+00
5.522163051442908532e+00
7.652977808433488072e+00
7.183818007131550942e+00
8.340342008564700649e+00
6.138946877071666641e+00
6.707300013171288988e+00
6.849397370167638499e+00
5.902213157132464971e+00
6.237862818915954399e+00
7.096694841381555818e+00
5.724001383423845901e+00
8.384479647358347165e+00
5.029317696000670246e+00
8.400989846952736428e+00
7.976260389221113023e+00
7.337063195525407089e+00
7.632025621528239157e+00
6.802058070441890258e+00
5.086568540019940521e+00
6.685219164821818438e+00
8.529194864884075855e+00
6.133282794158922968e+00
7.330047476286144281e+00
6.756727258317130058e+00
6.350536162759511605e+00
9.161193954647011140e+00
7.776286906692974732e+00
5.997770524780934309e+00
7.166417411901572443e+00
6.749871751322048752e+00
7.147162307294338213e+00
7.504231788013628446e+00
6.905654133516800464e+00
6.453240873124079791e+00
6.952824605122244428e+00
6.552120752836790629e+00
9.084938976763410778e+00
7.173065684341691117e+00
6.948371208118964582e+00
6.248155514949541356e+00
7.685923835600227960e+00
5.581327781156039336e+00
6.953270444429136887e+00
6.323465864314860241e+00
7.029709807173882830e+00
8.254062880981296146e+00
5.323582425385409600e+00
6.529669518203563783e+00
9.046836383170532514e+00
5.976840422879332593e+00
8.144126784193737478e+00
5.575712556191017910e+00
6.894927395195451503e+00
6.576859001368612567e+00
7.694668320580747789e+00
6.174282251288979673e+00
7.343101672729107854e+00
8.923306282350820240e+00
7.196604928992844208e+00
8.447334660611947044e+00
8.080517732871426162e+00
9.511151935160544468e+00
8.635547807696674738e+00
9.147544073974595236e+00
4.791041005821418786e+00
5.226589505961233506e+00
8.162965785065356528e+00
8.158390056764057263e+00
8.184354632726059009e+00
6.590767959957384292e+00
7.128018449869080619e+00
6.662635527320360573e+00
7.627525567882919688e+00
5.343427455448039431e+00
7.348357901772317291e+00
5.950302595979160891e+00
6.521084802558684501e+00
7.942521408703298924e+00
7.359530390893942453e+00
6.124520972048906664e+00
7.006702581176592837e+00
6.589239155478713528e+00
7.428266202562398668e+00
7.645924554659021766e+00
7.681968066208811230e+00
6.371218242508335905e+00
7.581346467885369478e+00
6.734727290723567350e+00
6.927384695922787827e+00
7.150884818897574213e+00
8.837311991367666764e+00
6.618311280358765814e+00
7.640762334454888283e+00
6.291986485111246807e+00
8.729790942073950788e+00
6.882374859320999683e+00
7.790496120517154566e+00
8.466939712202504964e+00
6.516958132754814059e+00
7.539060978067940511e+00
6.661750083004938539e+00
7.317467717337629018e+00
8.411600023810263949e+00
6.335852090778081980e+00
6.943518307251948407e+00
8.091145402875536519e+00
6.511310211945060544e+00
7.721310071686059651e+00
7.764218803699803217e+00
6.988465605394051927e+00
5.944100301505476303e+00
7.595263164981462367e+00
5.923931568357486022e+00
7.489008006497547498e+00
7.166339742125409806e+00
8.755370783773138044e+00
5.272008113192342194e+00
8.084797828945271547e+00
7.031408586056656418e+00
6.364061012595771949e+00
7.105448366435523688e+00
7.645680092907328529e+00
5.755472005774336708e+00
7.264593676215385543e+00
6.828750190380217688e+00
6.549706882620900394e+00
7.242068278388830826e+00
6.233328050245074969e+00
9.475552477671465468e+00
6.850327656088954775e+00
7.848194681205118428e+00
7.582399496464880428e+00
7.053429687272624093e+00
7.610961294871852800e+00
6.860124063639849723e+00
7.890594108572776655e+00
6.684502754668041113e+00
7.358403556517422395e+00
5.850656299386468362e+00
7.328252953704541106e+00
7.091796415570753354e+00
8.306807609219493571e+00
6.205160221706285562e+00
6.903478354803622707e+00
8.667546535772299166e+00
7.548974688846077363e+00
6.502697433160901319e+00
8.575192933282441032e+00
7.891971929045801026e+00
8.072320411426293418e+00
7.402093460961518545e+00
6.262522446376604712e+00
8.475532093514187792e+00
7.713645554814791083e+00
6.268609252005915344e+00
7.045298607431281113e+00
9.390152296754813221e+00
7.160452104007767993e+00
7.476688375977442291e+00
6.515006463401066483e+00
6.510852226782315455e+00
6.380921253607620081e+00
7.440953431781668570e+00
6.020518721707949439e+00
8.248973005731260244e+00
8.885592303403424097e+00
6.595940281527190585e+00
6.764768691520347765e+00
5.353806927984742892e+00
6.407051621023220456e+00
7.965403439356696147e+00
7.300481464144723986e+00
7.907079313585040126e+00
6.813850609683951731e+00
7.746113752977235478e+00
7.578220354210202458e+00
8.335954041284658445e+00
8.859709058313338659e+00
7.732347662098134400e+00
8.262378943844156609e+00
9.434744015029778552e+00
7.902907664034786173e+00
5.941594889454037798e+00
7.904803461534728015e+00
9.268831108975197353e+00
8.399894007550068764e+00
7.338172589401772861e+00
5.863031725937521088e+00
8.771352471099273629e+00
7.115574150169030609e+00
5.553740093552489654e+00
7.458143240794465001e+00
6.402164457203061154e+00
7.104336811742061109e+00
6.621431527786232785e+00
6.925247276182296297e+00
7.177068603274647351e+00
9.160778733572906063e+00
7.308775003520350921e+00
8.347003828536024628e+00
6.386398235192589645e+00
8.695380778978154979e+00
7.684147519531010495e+00
9.417694530042217238e+00
6.746948911579764285e+00
7.917931681899219143e+00
7.805580240907405987e+00
7.104987397192192411e+00
7.692622670191543222e+00
8.609328722429546943e+00
8.159750268681147389e+00
6.835515250673392273e+00
8.122339714381519471e+00
8.627579020864761361e+00
5.391375266475727734e+00
6.965614711344317200e+00
6.978180425765978967e+00
7.052062483751015520e+00
6.452949237769948887e+00
6.137559193572175609e+00
7.948898226259172084e+00
5.871268401596571707e+00
8.258947398526490957e+00
7.092913670109894930e+00
8.120051058121202203e+00
7.035068584919797807e+00
6.512094278639785294e+00
8.745954453048264909e+00
7.113648224567899803e+00
8.538414209154597145e+00
6.993451955709972800e+00
7.362419537545813242e+00
8.117619306158585957e+00
8.222773575206606012e+00
7.648315624145637592e+00
8.421264155540670870e+00
6.186887406267528533e+00
6.537225585490815227e+00
5.717495509828190769e+00
7.249788085649919722e+00
5.756288576261534118e+00
7.992084024687691191e+00
8.802325007955602132e+00
7.067558639167062395e+00
6.733750231108055928e+00
7.810634263654173459e+00
6.952882381735091322e+00
7.634085341215482323e+00
6.386704632924593561e+00
6.489779719792303503e+00
7.325020217578487092e+00
7.765546761414721999e+00
7.205265292973866309e+00
8.042616899096362459e+00
5.788085299153539864e+00
8.324890871759807354e+00
8.998617840495198195e+00
8.069165460486070529e+00
7.203264253172824816e+00
7.623118504261814365e+00
6.682145019431710686e+00
5.961967014782226570e+00
5.795051811028219646e+00
6.651463862568922636e+00
7.533776942954470535e+00
7.867923844398514888e+00
6.851112001900224513e+00
7.876409607313087591e+00
7.037946779477381121e+00
6.962324494928375351e+00
7.108663860534667478e+00
6.071201053342697662e+00
6.565107828704768167e+00
7.011965588442728325e+00
6.281141265609496926e+00
5.282451912879675859e+00
7.245622567425303195e+00
8.897209221305811155e+00
4.760501323285038389e+00
7.092130863049554534e+00
8.334256696190809777e+00
7.818790454980900861e+00
6.849011551958623656e+00
5.490656032342173809e+00
7.159630194551231064e+00
9.073469854556526215e+00
5.444768638041168174e+00
7.852532001885803581e+00
7.076543715109918864e+00
7.458494733636555907e+00
6.385764004402228800e+00
8.282943332724560292e+00
7.541643279409870892e+00
5.329583612017922079e+00
6.882491348620521698e+00
6.812958272878110400e+00
6.218583643699944652e+00
7.140983699304825016e+00
7.038904935729343393e+00
7.792305198528019616e+00
5.220434425669338907e+00
9.142446224997327064e+00
7.089468599037756391e+00
9.243992184047259641e+00
6.504918107928341797e+00
6.460147532947304150e+00
7.054230076304062180e+00
5.868659128601185770e+00
5.985565520620250268e+00
6.464943733995647257e+00
7.973187339488658765e+00
6.299611355147840541e+00
8.978769465220883816e+00
7.531568151062268512e+00
7.008894586521247305e+00
6.627602113127789352e+00
8.283073142318668758e+00
4.906022944209237124e+00
5.776075932636258514e+00
