-4.935090081620637648e+01
-3.577872525845486962e+01
-7.002825285821108992e+01
-9.139202005289916997e-01
-5.159576380327052902e+00
-2.253309446669027238e+01
-3.001994384740828536e+01
-1.521788198084323085e+00
-5.627781744049570989e+00
2.721429251350855338e-01
-3.829876461083040340e+01
3.327969318178475078e+00
8.810925685903384874e+00
-1.415390664982933231e+02
7.297262202778256324e+00
-5.987439310941044823e+01
2.514821402886627766e+01
5.658913892224427400e+01
-3.148835328476707218e+00
8.092127486545723514e+01
1.985046318515742314e+00
-4.793697748144040816e+00
-5.623606041847688175e+01
-1.612513648270487465e+01
-2.783727259821262123e+01
-3.890673893411076278e+00
-4.800494495609746082e+01
7.251272548821361852e+00
5.429058444945439987e+00
-2.983081914927515754e+01
-4.901825035118235974e+01
1.050153786878036044e+01
-5.478805322733933281e+00
-1.474155612945469329e+01
2.529396138927950233e+00
-1.221945935886560619e+01
-2.542084943337613367e+00
-4.569855957046456751e+00
-2.583764373060239450e+01
-6.506313839706217550e+01
-1.554482578841998475e+01
3.766337917512828426e+00
-4.143279220488238934e+01
1.264336709182498453e+02
-3.094944423818924406e+01
-1.211900616285129217e+01
-3.611092777396515885e+01
-1.344048522314278671e+01
1.086814221978329442e+01
2.445916757110444451e+01
-4.131196630947579251e+01
-4.108371156238717958e+00
-4.240457777469418943e+01
-4.898307044166722335e+01
5.185404589702557132e+00
5.226869083197016153e+00
-1.593891829419590067e+01
-1.996020197825509968e+01
-6.141081520684565476e+00
-1.115332877298897074e+01
-1.227521553846600000e+00
1.841478832552729727e+01
6.109549256777427217e+00
4.398567457577883033e+00
8.099072816839907318e+00
3.249264138812668534e+01
-4.948422696453235403e+01
-5.055726563647112926e+00
2.536602137001591473e+01
5.950634138598161371e+01
1.547790202939268056e+01
-3.287853281912248349e+00
3.589681250718967931e+00
-2.134417347490762040e+01
-1.149910761530827585e+01
1.277425912943090225e+01
-1.457351849224760372e+02
5.347748824476184382e+00
-1.991463116730574257e+01
1.314156068447055077e+02
2.805400011613073730e+01
7.562827942516378243e+00
-1.422147605191094044e+01
-7.732786167178255710e+01
2.637258878289867425e+01
-2.154885010973512180e+02
-1.919417407345727042e+02
1.732854260055682971e+01
3.438709003057374503e+01
-2.564557128942124109e+01
1.254661506723095954e+01
-3.769740156176249002e+01
-2.700576248447941907e+01
2.228825556168521871e+01
-2.628793229796610831e+01
6.597087134978210088e-01
-7.959190969680366834e+01
-3.623725296333759616e+00
-2.639247659746524732e+01
1.084504010282398667e+01
-8.336508374168806768e+01
-1.688746574456399685e+01
-7.125280936608578486e+01
-1.076306854586619011e+02
-1.421617624634563981e+01
7.414225457793691021e+00
-3.434267313477630523e+01
-1.764409855114081438e+01
-6.538177724443903571e+01
2.048577615105750738e+01
2.610305190469171066e+01
-8.440375122125442431e+01
-2.466439022526174085e+00
-6.734825524063126068e+00
1.283432541468846466e+01
-1.694798132759660803e+01
-6.161311795433812222e+01
9.553387473281873099e+00
-2.694761640105480183e+01
-3.482760141794915398e+01
-6.887194899449241348e+00
9.905392835979000665e+00
-3.499798984010067215e+01
-3.098739252711311565e+00
-3.918423988605536579e+01
9.942856577414204367e+00
-3.756701701958809281e+01
-1.014036063549692699e+02
-5.321337492696875415e+01
-1.390881402764680388e+02
6.943863548357512627e+00
-8.641702016299132083e+01
2.103139894316336722e+01
1.399775109137954132e+01
3.933178805055467819e+01
-2.993681728885439952e+01
2.777993071190758201e+01
-5.199798625234780047e+01
-4.906037987782110577e+01
-1.119754069390910445e+01
-2.857377215555879957e+01
8.409319585201046721e+00
1.721068670307886350e+01
-4.010140972910085111e+01
-1.272844941090988868e+02
-5.543081555697426666e+00
8.870767639145924477e-01
-2.500663817687564006e+01
1.434641880745130038e+01
-8.787709487852316670e+01
-2.215498997348640842e+01
8.579590993286728917e+00
-2.728110760805793689e+01
9.444695789053184853e+00
-1.251421964272039986e+02
1.632729572293192177e+01
-5.177147102174785687e+01
1.132098503554880153e+01
6.254877673653118109e+01
-1.040330507742237387e+01
2.543176208472141298e+01
-6.272079955966546549e+00
-1.457706267209687212e+01
-3.688864861072215717e+01
-1.377268844283207727e+01
-1.711402912282028410e+01
-7.667896697950709495e+00
2.279578063265944365e+00
-3.303555441831122153e+01
-5.366830061482141900e+01
2.044491897635907662e+01
-5.305740192204211780e+00
-2.839356826687890134e+01
-3.828176290504870849e+01
2.927759404301195900e+01
5.868744406626319687e+00
-5.991165671420458239e+01
-6.165781290381801227e+01
4.077209279872658954e+01
2.401370479107572464e+01
1.256138496659605153e+01
-4.552976664520429040e+00
-2.403250191348888620e+00
-3.654763811837256071e-01
-4.550393171525684011e+00
1.042439226774786221e+01
-1.061701437981291747e+02
-3.817177735876612132e+00
4.843063784589503484e+00
-3.032775665745066362e+01
-4.088239453230016807e+00
-3.491383532651343558e+01
-9.569522826673164673e+00
7.126020673925268056e+00
-3.858797634893198847e+01
-2.938933724979415274e+01
-1.706998154048415017e+01
-4.053235137373667385e+01
2.129840486270040856e+00
-3.550994385096055339e+01
-2.511820250156233669e+01
-2.022020732469263748e+01
-3.132309623946275678e+01
1.527158049199260859e+01
-6.369545130214646633e+00
-1.286455817369005672e+01
-2.362711000884519308e+01
1.560465822872993158e+01
-9.657567438008391036e+01
2.077014246921862650e+01
-1.041519927054832806e+01
-3.218016238604832324e+00
8.727736237335193437e+00
-1.024062792014865408e+01
1.288391771687565779e+01
-1.169057858952601237e+01
-1.936286040037430212e+01
6.750874070628924528e+00
-4.612598460342633189e+01
-9.505560958061414567e+01
-7.718085287317990151e+01
-7.689763237445640698e+01
1.598799891454473254e+01
-5.357835880536185869e+00
-5.388755184350884520e+00
-1.513992481679179036e+01
-2.814968303496880253e+01
-1.381448319130613527e+02
1.965502017798826273e+00
-1.578717122056059452e+01
-1.125335392557826708e+01
5.078348217205530091e+00
7.764194736158970045e+00
-7.441668362652308133e+00
-5.407971430816360225e+00
-2.437402930809366808e+01
-3.378364501779287821e+00
-6.962286506400232611e+00
1.413125842305998958e+01
-3.375546543968812330e+01
3.377862707669009978e+00
2.175740422195849533e+01
-2.975532680722972145e+01
-3.743250171548697836e+01
7.348278126542027167e+00
-1.581577206677411596e+01
-2.161694749188791320e+01
-3.670650264994037570e+01
-4.159237810249123868e+01
-4.942045590982161229e+00
1.415740438890316000e+01
-5.630376109662756789e+01
9.071729282781234360e+00
-9.856729103670659242e+00
-6.257759799963878322e+01
3.090408478951485449e+01
-7.321247180630052753e+00
-4.190045921071123303e+01
-7.368800721640036500e+01
-3.671881218224098120e+01
2.328796805868205411e+01
-8.851907337525608455e+01
-1.207164362865114526e+00
3.882428042315950734e+00
-1.279347371620224294e+01
-6.527929330548431608e+00
-4.412203482176755642e+01
-4.081774004892758967e+01
9.638440831258776598e+00
1.525292325325244747e+01
-4.727644584199879318e+00
-8.170911771117243916e+01
-8.886619040390542068e+00
-8.295604135639041488e+01
-6.090885538332804572e+01
-3.301956802223867271e+01
-3.239308088895086257e+00
-7.935536974572187319e+01
3.597830785363021278e+01
5.095995843190394226e+00
-3.626791861752099067e+01
-3.091247676820876222e+01
-7.723034517270207289e+00
-3.309953325705919269e+01
-4.159890795488536241e+00
-1.454508059261843300e+01
-1.758804308140679495e+01
7.954353496543262736e-01
5.562374468984671694e+00
3.107582881657435792e-01
1.136372192349335819e+01
-2.123069653308630222e+01
-6.113491587992939458e+00
-6.222348453792346845e+01
-2.685020684992105089e+01
-9.567255617704267934e+01
-8.546778998068839428e+01
2.726172609161039873e+00
4.179381443963393394e+00
-6.143607523429636785e+01
-9.460722094749326061e+01
-7.569610757157624903e+01
-5.335812785703637928e+00
-5.609524716326086491e+01
-3.642416870395118167e+01
-2.001952654790329689e+01
-5.109075812639821379e+01
-6.425090746532987396e+00
3.154666001488294569e+00
4.881170883006598160e+01
-6.655292713740709587e+01
3.105115142097929493e+00
-7.032480791917805618e+00
1.178092081507656985e+01
-2.559524468097151839e+00
1.985422656470291258e+00
-6.129679797953031084e+00
-2.125292577464369970e+01
-3.455269393165690417e+01
1.094322814332281268e+01
-3.433161757527159352e+00
-2.260423619327411870e+00
1.106338110126034735e+01
-3.174657382145051088e+01
9.162330380067942315e-01
-2.278574969903274905e+00
5.720242364487603481e+00
-2.479571721390675521e+01
3.724753030446845514e+01
6.697029839151582564e-01
-6.671944710583375127e+00
-3.470648169216474344e+00
-3.618798096184946189e+00
-2.195053181176081125e+01
1.037365366058384097e+01
-1.676851772949521546e+01
2.350281097283186682e+00
1.356410862466509570e+01
-3.000459065004451986e+01
-2.229774347611964913e+01
8.690647845616695122e+00
2.180579989817397291e+01
-1.562258212979941163e-01
-1.612876551600493258e+00
-7.070196567829952983e+00
1.705667836229713430e+01
-7.317497443127467704e+01
-1.773509103248970860e+02
1.306132183050067397e+00
4.998412153604476771e+00
-3.245754856139319600e+01
-4.194520077999186469e-01
-1.632028506949700386e+01
-3.270197945405925566e+00
1.131166226308778278e+00
-1.293274228507743828e+01
-2.250225557484100136e+01
-1.985434378126410593e+01
1.371633633410056063e+00
-1.748313906990824762e+01
-9.954795567532619316e+01
1.096707348889049172e+01
2.825228013219657441e+01
1.542240471340846852e+00
-9.362138248514384031e+00
-2.855291747130650037e+00
1.262817679640738788e+01
-1.679412800343379786e+01
-4.783453703034865612e+00
4.498552768064655538e+00
-7.979348294779811113e+01
2.987149244932697911e+01
-4.991956972137086268e+01
-8.418125258422151092e-01
2.924556764387398289e+01
-8.523366599592009152e+00
-2.574935326921422529e+01
-1.046919626778617385e+01
-1.925561004482560747e+02
-4.557036743496337294e+01
2.241091357494042313e+00
-1.310748530072123685e+01
-1.179539640805160161e+01
-4.236932303872890770e+01
2.930583432258936227e+01
-1.971889004165859660e+00
4.932925785869065294e+01
1.772553125201102375e+01
-1.154504784332875715e+02
5.139433969873607566e+00
-2.944312267234272440e+01
3.223455277136963559e+01
-4.519557869684831530e+00
-7.103716411652385432e+00
-5.656804933925104706e+01
1.514257071266092680e+01
-2.119574565529910615e+01
4.550344012954155914e+00
-1.456230128608422092e+01
-8.974166825055363006e+00
-9.826961039801972220e+00
-1.599190020588048355e+01
-2.357265257673225278e+01
-2.560510035382412752e+01
-2.043316037177646649e+01
-3.689038761562642321e+01
-2.069092955596352112e+01
-1.067553438261438714e+01
-5.734761378029907064e+01
-8.602621351210473222e-01
4.674292622011307685e+00
-7.518550764850715495e+01
-1.083861881627035473e+01
-9.479150061817563255e+00
-4.843649376616940572e+01
-1.893728249602963842e+02
-1.200879382410175822e+02
-2.866113104776741238e+01
-9.883270016663209390e+01
-3.285579824614342215e+01
9.257561943717519171e+00
1.579196030644834536e+01
-3.759685068389990192e+01
1.671367322908918140e+01
-5.631175566683941724e+01
3.032663864053211000e+01
-4.663324969214954763e-01
3.812629537691464066e+00
1.521858721454191254e+01
-1.863467264054088446e+01
-1.485728804708087409e+02
2.811184520260758291e+01
-5.966923018989018601e+01
2.876618727382719953e+01
2.476029709817612456e+01
-4.750729081752342609e+01
-1.811601378787054273e+01
-2.914256249393292819e+01
1.528335887740377075e+01
2.017695402036861196e+01
-1.097823716681841688e+02
1.320753976615560532e+01
-1.121831569673859121e+02
-1.261557848052143527e+01
-3.257940562898602366e+01
-1.740582401816755009e+01
-2.565684969463472953e+01
-9.419764584162294341e+00
2.069632255451324454e+00
7.927321502363156469e+00
-8.891569176374832750e+01
-3.039819511660425633e+01
-5.991138906607375247e+00
-2.884454734539758647e+00
-2.489495268330574618e+01
-1.073857170789051452e+01
-8.736085594078758731e+01
-1.412760335294478864e+01
-1.423696867494072649e+00
-1.485581790323976747e+01
-2.196041409713961912e+01
-2.323812535627894249e+01
2.203988243715411954e+01
-1.351008889318109141e+01
-1.508255323707435309e+02
-1.263795843753268855e+01
-2.452526067885446537e+01
-7.220364784297998995e-01
9.967398229106947838e+00
2.699613749882155389e+01
-1.803909373304031760e+01
5.179389301636547316e+00
-8.247863445247276104e+00
-2.140404958389535750e+01
-1.862047457731114264e+01
2.826685648227521597e+01
-1.048119010117661674e+02
-4.361852121951415029e+00
-2.689065129474511195e+01
-1.532320028665344580e+01
8.676586029140707979e+00
-7.689221978765999665e+00
-1.540224805672914954e+01
-8.002505855519302713e+01
3.489600784054255200e+01
-2.494673794415029988e+01
-1.860209534358364181e+01
-7.719295478670574084e+00
6.302218430969332985e+00
-4.252416047039605473e+01
3.926788819184366730e+00
2.112220568329939852e+01
-1.340703966645924083e+01
-2.701256053706765670e+01
-1.549431641994005986e+02
-4.941439638121119060e+01
-3.077042481383432460e+01
-4.818947450428004231e+01
1.722001801808801247e+00
1.025686470875280065e+01
-4.697999843244360818e+00
-1.056697902943233203e+01
-1.274234799716978159e+02
-3.579739337140927091e+01
-1.972155077343813900e+01
-2.006929168939586816e+01
-4.900856681088498590e+02
-1.804018129435280571e+01
-5.068432342379492184e+01
-5.247448990618522657e+01
-5.432832135030548670e+01
1.203718779333939892e+00
3.014948422292945907e+00
-3.951078281004447490e+01
4.046803276531409210e+01
-3.179077700367088255e+00
-8.124957940691274416e+00
5.103163736863280064e+00
-1.074537286686700099e+01
-3.184500335740904120e+01
1.420454296609932499e+00
6.064024636633803311e+00
2.096721919211631757e+00
-5.527830421099188243e+02
-5.343307425753664575e+00
-1.346770407178519235e+01
2.041145635794237023e+00
-3.402524500724666723e+01
-3.457459442609706457e+01
2.704008909878029954e+01
4.690861299501193571e+00
-2.514468094535186538e+01
-2.218958281568575330e+01
-7.834606704639554664e+01
7.917086976603059156e+00
-8.630084671804070240e+00
2.090585990072213463e+00
4.781099280208854907e+01
-3.442010868119450606e+01
-6.436620971083357290e+01
-1.698593881820997922e+02
-4.712555486021028628e+01
-1.907250778209890996e+01
-2.732747834992551361e+01
1.265914201954728924e+01
1.419347563901465037e+01
3.930164112867714721e+00
-2.679604449060661864e+01
-1.443217500636819750e+00
-1.359647105428575742e+01
1.951177233249745768e+01
1.339513431472641969e+01
4.431927029879534530e+01
-8.335561528144080512e+01
-4.279601557135720213e+00
-5.331947650324127608e+01
-9.836963998281680688e+01
3.115381688864545140e+00
-4.290420112585707102e+01
1.156742474660495645e+01
-2.763331867972647160e+01
6.048900885339207889e+00
-1.171442794527047226e+01
9.754006939647297258e-01
-4.054124025409510068e+01
-8.805376751168296323e+00
-3.018496598715955770e+01
-5.494377831785277522e+01
3.198382154404407629e+01
-3.776617573305065889e+01
1.197483624635970045e+01
-4.299269448891118373e+01
-7.148474508792423876e+01
1.539629422669258929e+01
-2.995217709375538107e+00
-5.606287224210973363e+00
-8.209436522640862677e+01
2.141783657897212834e+01
-1.754441470358688093e+01
-5.657765277967700968e+01
-1.515995753323932149e+01
3.115857895441877190e+00
1.442785441175146843e+00
-4.048942382777295279e+01
-1.665505266004056466e+02
-3.923610860965709435e+00
-4.027346409543770278e+01
7.992086519630902330e+00
2.257466316672434914e+01
-1.867418782625190943e+01
-2.544993492625872022e+01
7.762779970702467836e+00
-1.667211910254900431e+01
3.695694585352794093e+01
-1.734572683107035118e+01
-2.057969050818337564e+01
-1.794037386036325188e+01
-3.348522440027591074e+01
8.284160442333813990e+00
-2.890012948830008099e+01
-2.204726397675258340e+02
-7.622602782186731929e+00
-1.047726414271528483e+01
-2.433331964444823825e+01
-9.068816851304291049e+00
-6.111287150740281504e+01
-7.500807351714684046e+00
1.447922998431567976e+01
-8.436749049399622891e+00
-9.085150995530966611e+00
-3.778999064501113025e+01
-8.640205994302959880e+00
1.099456516607278900e+01
-4.627961641889669409e+01
-9.903546795079819276e+00
1.325922759016157215e+01
4.855142664763025095e+01
1.351438075367696001e+00
-8.270197516508233093e+00
-1.658796417771281995e+01
3.214923642231042322e+00
1.513878805456442933e+01
2.997571804374001658e+01
-6.325736619356666779e+01
7.706420231474930915e+01
6.940416893202382198e+00
2.266614037662020564e+01
-2.110346074305743969e+01
9.749533514091126563e+00
-9.261278506801318144e-02
-1.369732193816707877e+01
-1.366626178443584649e+01
-6.292471490383377386e+01
-1.421804649151636113e+01
2.353385514412002522e+01
1.226520674786843301e+01
-1.655751316540136031e+01
-1.259584245436126366e+02
-1.751730978819887241e+01
1.715950450196487509e+01
9.840297665960861195e+00
-2.143645357000013973e+02
-1.366994682841777831e+01
-4.971244318250592187e+01
3.464691799455067667e+00
-1.484326052678907217e+02
-8.153167908975774480e+00
-3.900696422829423682e+01
-4.996266895261214813e+00
-3.051037974682003551e+00
1.327913091105710919e+01
-1.593565378531275201e+01
2.267124826654617209e+01
-9.805721979816553358e+00
-2.036155567614696338e+01
-1.075442436513367284e+01
1.885896656234399416e+01
-1.268402000466840036e+02
-4.570910349120458704e+01
-8.022194008857695735e+00
1.063078736768875387e+01
1.639161643473926233e+00
1.808804587175472989e+00
1.175676094306254527e+00
-2.886059265731091728e+00
-9.290977743268013000e+01
-1.042578141960620997e+01
3.588938455195057031e+01
-2.119120736446620867e+01
4.193772655783959635e+01
-2.524822235875853949e+01
2.978707122603464086e+01
-3.797451478492739625e+02
-5.213924811426386441e+01
-7.580813395575205504e+00
1.989754985843319446e-01
3.150065957704919128e+01
-5.494483003338245908e+00
-6.423607417291350430e+00
-4.082937000630681723e+01
3.259164476988189563e+00
-1.755320927590219071e+00
-5.049776379096874734e+01
-4.280395520610727544e+01
-6.565894340478280355e+01
-1.921935085261156928e+01
-9.921870855410816148e+00
-2.160311123235624109e+01
-1.496710337065906060e+01
-1.114648449439846445e+01
1.761535391670986428e+01
-1.029873901145219861e+01
-2.011139363996944667e+02
-3.045784569100760564e+00
2.376727662189205148e+01
-9.672590545834464137e+01
-9.757603647884025122e+00
-2.201004363912034023e+00
-6.466424872154675541e+00
-4.140097222014446743e+00
2.677639414241639315e+00
-1.148900538465031786e+02
-2.182762051467761921e+01
-2.819664329664283287e+01
-1.177994210419001320e+01
-1.347103926837826293e+01
-1.111664354355916657e+02
1.497708089011211996e+00
-1.361852037022799777e+01
-1.799479032157796610e+01
7.119746532296630903e+00
-2.168227747545006423e+01
-1.786705153369257459e+01
-1.679577551708280225e+01
7.693358052889379906e+00
-4.636958647049777937e+01
-2.708402452876816824e+01
-1.660978982192818876e+02
-3.825562261548111564e+01
-9.428803889272785455e+00
-6.828089954299684905e+00
-4.581211376743976871e+01
-5.816127817382948706e+00
-1.788918769091742433e+01
-1.614782187412038184e+01
-5.595957616992200201e+01
-1.309141103274760098e+01
-2.686233661307596776e+00
-6.568640575947028992e+00
-7.547250314822576911e+01
2.100445305480207026e+00
1.814494061984441942e+01
-6.593410053406842053e+00
-5.749532046398417151e+01
1.146806850737539207e+01
-7.216180195088054461e+01
9.865495933066995349e+00
-7.491536506666307105e+01
-4.246635731324386143e+01
-5.922592468719085446e+01
-6.216868834209162742e+01
-2.770225274093718326e+00
3.449118545541750791e+00
-1.927195467632163854e+02
-8.316755388434012275e+01
-2.531951278724591248e+00
-4.170188048929048819e+00
1.415345088790309092e+01
1.078487362966734509e+01
-1.161224664354722336e+01
4.817043293907772750e+00
-4.316611663771345775e+01
-9.741614428191496700e+00
-3.216866745920106041e+01
-9.241199342125582916e+00
1.724371323023206060e+01
2.101399725421288167e+00
-2.978911354532738187e+01
-4.878351116506564722e+01
6.013913807703738712e+01
1.341467808346715174e+01
3.863482372614271299e+00
7.371809983133061905e-01
-2.678063283607116318e+01
-7.859908677018484013e+01
-6.855534680494019995e+01
-1.603973363784098183e+01
-4.729992106780537142e+01
-3.993198932657469413e+01
-4.502739896298044187e+01
-4.103547810569580179e+00
-6.264201900241550902e+01
-2.891967565693448705e+00
-1.875261969565872278e+01
-5.882596526230372547e+00
-1.318323013796307350e+02
-2.538768151109979954e+01
2.619882318479085370e+01
1.555850708290745388e+01
-1.766260005513686338e+00
-6.570289244090963621e+01
-9.878873835062222497e+00
-6.666022040471398213e+01
-3.177245143062464194e+01
-2.330388008252248255e+01
-3.432133517431520886e+01
-1.248966979880333383e+01
2.530022258786084421e+01
-5.052170635501806828e+01
3.746894109569439024e+01
1.889386564535834623e+01
1.307413109050958155e+01
-5.258998343382609164e+01
-5.470147663565512630e+00
-8.240384029950109834e+01
-3.810842705113827833e+00
2.984498370127857925e+01
-5.769026757942810946e+00
-6.718348805049936345e+01
-2.980990857831784524e+00
-1.521963046525888785e+01
3.266797049339220393e+01
-5.949003663440180389e+01
5.687412869133368076e+00
-2.228402768433716119e+01
-6.582148939724902448e+00
-1.322367170963025274e+01
-1.381136928674459341e+01
-1.284809407952707261e+01
2.566530533433615346e+01
-2.079048994903314451e+01
3.956064399397655507e+01
-6.850464566807204392e+00
-5.157816177783388412e+00
-1.237463220007111886e+02
-4.047626438218685507e+00
-5.651471886764375085e+01
-1.215923902774557064e+01
1.942960333164592157e+01
-2.109016492846603796e+01
-2.854331350047505111e+01
-3.054681445931964845e+01
-3.144643415219616145e+01
-1.321853821504828375e+01
-3.680458665236164961e+01
-4.015221432508678845e+01
-6.179498924108611391e+01
-1.952870737704688509e+01
1.578227936713483359e+01
-2.759355360675272095e+01
-2.410470110002916044e+01
3.760893328789370571e+01
1.308145055001659784e+01
-8.121246210391382192e+01
-5.966052289074195869e+01
-1.901517227209023986e+01
-2.487651256656499754e+01
-5.859455034342317958e+01
-9.270249807414256793e+01
-1.289122421442243649e+01
9.435985462245298550e+00
-2.984588952908870851e+01
2.295132648772778339e+00
-1.279475299839896252e+02
2.549674601764309045e+00
-4.018953745277940470e+01
1.116276085087038155e+02
-3.718733328030975827e+01
-2.292577312747289398e+01
2.674141771522045019e+00
-1.231134206867864123e+01
-9.023047273772226617e+01
-1.825479174588417663e+01
2.628600507105420547e+01
-5.896064125499833608e-01
1.789110550863733806e+01
-4.716632825940905605e+00
-6.835774037220198807e+01
-8.447700108227854798e+01
-1.578176944555525552e+01
-4.120309315468966815e+01
-1.039018734111978119e+02
-1.236970474946820104e+02
-1.166461698593684559e+01
-1.125011079758951382e+01
-3.604366171268338803e+00
-1.313820927222686805e+02
-8.730929422381450422e+00
-5.883390110333493794e+00
-4.329575689893317758e+01
-4.628456181877481868e+01
3.742469435603197780e+00
-5.371607590358598827e+01
-1.927535439492748992e+01
-3.010660563693727454e+01
1.137358863425652089e+01
9.810145916352666973e+00
6.238648878108506324e+00
-9.975413212852436118e+01
-9.343662864646830712e+00
-1.160267031067814969e+01
-2.669296455941639579e+01
-1.822710294473663453e+02
1.995838523900965811e+01
-1.316408277188447755e+02
-3.419331598161079455e+00
-4.575492203358680854e+01
-2.656524709218774660e+01
1.027612077928097278e+00
-4.758916097411747614e+01
-5.078772135628059914e+01
1.452355402248940663e+01
1.598037561164710496e+01
9.771783088339361711e+00
-6.159540724325051997e+01
-1.683015938751850626e-01
-7.067042326911177952e+00
-2.460927205462849088e+01
-1.131004378387297038e+01
1.769464996631995746e+01
-6.579819108579613385e+00
-5.328645418186260940e+01
-8.018215993761259597e-01
-9.055469304877078685e+00
3.663762135371780460e+01
-5.342378999450920674e+01
-4.454021780436414701e+01
-9.384410404596565058e+00
-2.697263011196537263e+01
4.379440042198712035e+01
8.566984628053887718e+01
6.908693813462377875e+00
-3.471194152018233581e+01
-9.429329126617449219e+01
-1.064804748325377659e+02
-1.586648134285769629e+01
-1.053165779237588140e+02
-4.672081848053494468e+00
1.003009817565089179e+01
-8.586582151770926430e+00
-3.350821611040373682e+00
1.458637583208655997e+00
-4.371148641556283110e+01
3.021722925583708275e+01
-1.735460010095266625e+01
-5.585333200489912997e+01
-8.049627256244184537e+01
-8.058636242230932112e-01
-1.165670919148851681e+01
9.744458174717692600e+00
-1.153483983669957524e+01
-6.271213315679415246e+01
-6.868585372158122482e+00
-2.192186953778400493e+01
-5.079019258642074419e+01
3.336687154789615306e+00
-5.687887547648460895e+01
2.870667906073322229e+00
2.413591276988609025e+01
-2.331668442971931654e+00
-1.794030603058035922e+01
-1.274201278020609607e+01
1.428445889593604079e+00
1.317159032163181109e+01
-5.708207492830297269e+00
-9.984505800060651382e+01
-3.006336915717565716e+01
-3.234757633853132575e+01
-2.502168752507168392e+01
-1.257033955779206735e+01
-3.543766845518803166e+00
3.482016289337389026e+01
-1.336846783892633539e+01
-1.889169778369341657e+01
1.981379381623355584e+01
5.152640899852485745e+00
-4.919716500146932958e+00
6.735911338670121040e+00
-5.654812574489824328e+01
-1.252556673802464502e+02
-1.176551271742937388e+01
-5.901978653043806844e+01
-1.656012093985191314e+01
9.528543333356537914e+00
6.317054591238047578e+00
-2.173524338606603123e+01
6.214579225662782846e+01
-8.117802990366726590e+00
-1.130303570131882225e+02
-6.309254016476188553e+00
-2.647863362295993284e+01
3.543912668078519346e+00
1.700277535817349417e+01
1.829084958101066150e+01
-2.886091416121416842e-01
1.639797646427450672e+01
-2.201085477992546657e+01
5.193136886426145793e+00
-1.697647360242081049e+01
-2.425275650163166574e+01
-1.042626793720073692e+02
-9.106619433066043712e+00
-3.436363892395547737e+01
3.693397641325827863e+01
-6.744119819463685417e+01
-1.866918334718411643e+01
-1.146134457556672714e+01
-8.219760295231935743e+01
1.244657275016652420e+01
-1.524500099857232271e+01
-2.325462461554070615e+01
-9.999300988393770240e+00
1.947744587489069090e+00
2.407900831499318883e+00
-6.932841220523641823e+01
-3.262321594709555939e+01
5.477554054214124335e+00
3.291112916783276887e+01
-4.145313745939347427e+00
1.418325618240578478e+01
