1.565637522338877119e+01
1.574196845812370604e+01
1.764353361827498290e+01
1.576681907466071664e+01
1.644671706792873067e+01
1.916566777481276773e+01
1.604827190518432900e+01
1.684344055416973163e+01
1.610820395273853478e+01
1.647275700098782636e+01
1.815018229051354837e+01
1.222396002477561971e+01
1.240882348292956827e+01
1.834581007335971137e+01
1.238989183572784647e+01
2.035028581212510446e+01
1.637757039830311712e+01
1.646328763505301751e+01
1.212523740168157715e+01
1.783811994071024642e+01
1.417627813431557904e+01
1.498297423204371626e+01
1.745996507352801075e+01
1.443752972099232146e+01
2.041540488211863291e+01
1.149067659278025921e+01
1.513024377354780903e+01
1.469903489561149890e+01
1.764509031269929551e+01
1.566863946135181251e+01
1.729945252284126056e+01
1.825770488147585269e+01
1.149711983109134472e+01
1.555053205828700591e+01
1.179781936865916769e+01
1.358789050089423078e+01
1.379225247053741477e+01
1.772242912963979933e+01
1.567429860114181928e+01
1.700315774637295618e+01
1.581761741761017248e+01
1.546452606731689094e+01
1.680261105696660096e+01
2.031044229676490787e+01
1.658661579704284961e+01
1.306042374177149945e+01
1.718124612233831883e+01
1.578026981726463340e+01
1.314260389431271570e+01
1.711307209314145084e+01
1.766342562579203701e+01
1.162109705613676880e+01
2.008819081862070988e+01
1.897758539716561543e+01
1.268510346754149865e+01
1.237151885621562641e+01
1.591373257785017614e+01
1.685870976290570056e+01
1.673439552035586431e+01
1.590704560072249230e+01
1.500284353502853563e+01
1.624687191189901014e+01
1.312318192278239692e+01
1.422620491309231205e+01
1.733009260807891749e+01
1.600484067777724562e+01
1.574007350786588688e+01
1.687821997861077961e+01
1.830147370595152267e+01
1.786641235755721979e+01
1.662716320810053361e+01
1.333721583630858376e+01
1.542901701925337932e+01
1.386022078036883443e+01
1.255473615249392338e+01
1.813410631127068484e+01
2.015189251961407635e+01
1.968859088624241593e+01
1.552148095167799013e+01
2.022705320979665089e+01
1.720243415932115028e+01
1.258096027621224522e+01
1.357536408070266631e+01
1.691590097355229361e+01
1.869659961474286192e+01
1.096865641338743558e+01
1.839280795691626835e+01
1.402064460369708243e+01
1.915346749538206339e+01
1.723281675348363251e+01
1.305213764479507077e+01
1.673076668695054181e+01
1.595387404740714921e+01
1.520406755387039688e+01
1.579514023100508524e+01
1.177171651258282381e+01
1.738874066908829263e+01
1.404073781496046536e+01
1.430907850687284899e+01
1.508054115612808133e+01
1.723820002673251395e+01
1.577801745206549278e+01
1.670123436088143976e+01
1.783191808232259490e+01
1.903694081340240274e+01
1.277222421243165229e+01
1.534601881214456043e+01
1.384015562564943558e+01
1.667498974764802711e+01
1.687329032152178243e+01
1.564977497613960900e+01
2.055213796769077206e+01
1.651686297415339411e+01
1.406573384743581379e+01
1.763283190243425835e+01
1.341605955578942044e+01
1.973200805267887858e+01
1.585340642365273744e+01
1.625618587713633190e+01
1.779793395670938949e+01
1.473275542580634934e+01
1.648838281168217890e+01
1.647357235455616831e+01
1.732145813338187423e+01
1.568199899340734582e+01
2.208578575338916394e+01
1.834013078472493419e+01
1.748462004228068878e+01
2.048218783927367426e+01
1.897554043225058251e+01
1.408384954531135413e+01
1.717692547742533904e+01
1.591601846683761323e+01
1.670801889035088550e+01
1.912711822044527210e+01
1.620903084006183192e+01
1.792511645871317683e+01
1.829599692311406045e+01
1.578174425559727467e+01
1.390703957523168910e+01
1.627630418135703039e+01
1.586955849237633487e+01
1.567389075246678587e+01
1.542043001401789404e+01
2.001317492502976592e+01
1.677431319431143564e+01
1.199112436337522603e+01
1.792156506381202519e+01
1.535240330679328302e+01
1.742322053862198317e+01
1.565801498188630347e+01
1.413342210914195540e+01
1.392083850465673223e+01
1.403415826444804360e+01
1.980343965317718613e+01
1.707440232185642515e+01
1.777048268631846994e+01
1.638018580020346704e+01
1.980118741327056497e+01
1.519894037105990314e+01
1.677563837518135514e+01
1.715012686413590259e+01
1.377942814561405172e+01
1.546262799064277793e+01
1.723591465572156167e+01
1.403005991610291758e+01
1.492768734860556101e+01
1.843849627952633341e+01
1.931916122109007006e+01
1.706536366552957418e+01
1.930574145920802565e+01
1.482885430654311598e+01
1.632814596234174331e+01
1.612582669615714082e+01
1.743863710329130967e+01
1.677539669559120128e+01
1.633207185218876489e+01
1.624117711625702043e+01
1.575462944997057946e+01
1.739445671241622193e+01
1.474478499606656356e+01
1.650873907560110965e+01
1.275551046844671177e+01
1.887506769377092297e+01
1.504225501298097356e+01
1.593147054073964952e+01
2.102786705776232168e+01
1.159873859353712078e+01
1.214401332887199381e+01
1.642986999752804422e+01
1.179964312938848359e+01
1.534674733218179199e+01
1.207999326662930528e+01
1.363229712154316609e+01
1.813794687898166202e+01
1.476817764219858731e+01
1.570715491615387194e+01
1.780514562805921130e+01
1.375770661581951337e+01
1.581803305548559102e+01
1.761940000554568186e+01
1.742986707149636416e+01
1.698528494198413696e+01
1.571462744598850492e+01
1.238288184267634406e+01
1.367696732381857139e+01
1.890661446470140561e+01
1.427514970875438038e+01
1.852066003901987656e+01
1.617270822584182000e+01
1.445950160813946894e+01
1.595076211918403075e+01
1.759073568835098200e+01
1.602619619209621860e+01
1.491046256011723692e+01
1.406620174414348412e+01
1.459014301519957435e+01
1.337836092913185126e+01
1.858617641609413695e+01
1.841800237863520096e+01
1.914973084622528177e+01
1.841954134187242786e+01
1.837175683192331377e+01
1.678941306388914612e+01
1.671565519469582028e+01
1.414948569866189132e+01
1.919535084937481173e+01
2.079989684978062314e+01
1.752786553550559034e+01
1.399869216806320793e+01
1.354518628736753705e+01
1.195957649843480297e+01
1.476684895606349990e+01
1.526215987901822935e+01
1.739885853022304474e+01
1.605972454591494980e+01
1.670043396180577133e+01
1.181922251109217648e+01
1.341565340135991136e+01
1.643211796980094519e+01
1.494417298638580505e+01
1.654270585206552369e+01
1.622286746797790258e+01
1.689200497175068350e+01
1.727988157419288129e+01
1.349814182021888875e+01
1.564987612314603105e+01
2.060202983187476988e+01
1.704564733371656615e+01
1.355101481128490981e+01
1.440306801667633785e+01
1.654281541380761311e+01
1.528559301520240687e+01
1.746926541154622115e+01
1.648135106877567324e+01
1.676083843578615529e+01
1.351568784739509965e+01
1.903756032646543161e+01
1.981012661754898829e+01
1.619120944511820781e+01
1.546794632319942053e+01
1.982665472966952791e+01
1.573730827616851613e+01
1.668222665712812258e+01
1.291639038430409592e+01
1.575247653148399074e+01
1.598483959475495375e+01
1.822394401711486012e+01
1.390129832722019643e+01
1.621628428560991608e+01
1.798121979560168882e+01
1.706306002420132373e+01
1.592081814157633701e+01
1.724544903998378231e+01
1.710107194825884847e+01
1.794364521584723704e+01
1.505946476427115144e+01
1.117688886427280792e+01
1.615360986295345214e+01
1.341345065976105211e+01
1.802375828860276741e+01
1.756373468161802620e+01
1.216644248485340007e+01
1.700517991712868238e+01
1.175913328111048450e+01
1.424184378155394981e+01
1.826347383800534629e+01
1.274047522191445303e+01
1.576134330387653826e+01
1.761627930711833301e+01
1.791439330577977884e+01
1.807672661232567535e+01
1.816634388316663973e+01
1.720214893376184762e+01
1.551086079962608189e+01
1.889390056790940164e+01
1.805708517725198448e+01
1.671211219845051232e+01
1.525790156866541025e+01
1.656085761810662405e+01
1.703102724353159658e+01
2.040683386250476516e+01
1.540328371353391823e+01
1.869454982373937213e+01
1.764404763764557771e+01
1.564124129091186788e+01
1.662933154303540562e+01
1.268004595521317945e+01
1.513920117577487368e+01
1.839246243125624503e+01
1.847884193837090550e+01
1.357513946690426643e+01
1.352479203068055114e+01
1.358126328821744622e+01
1.603577371385193828e+01
1.705486600499617467e+01
1.533193035372352675e+01
1.428641133800736185e+01
1.601529813960968340e+01
1.550660837797008362e+01
1.158286710408638776e+01
1.202040670614121076e+01
1.896289458785910398e+01
1.777570890987327346e+01
1.684145313805114341e+01
1.666884646763793754e+01
1.246927099582949516e+01
1.663962435612105040e+01
1.572000811981885882e+01
1.715311298380598970e+01
1.534698468677623140e+01
1.395636188904021147e+01
1.818968173891512308e+01
1.418198245147813452e+01
1.351310367150987268e+01
1.740392791531428784e+01
1.372264063452451133e+01
1.625487099612388775e+01
1.722158310691643734e+01
1.679250331017320619e+01
1.580122092224672592e+01
1.710262277788707053e+01
1.555147268398198790e+01
1.690146843396195919e+01
1.343639581018577900e+01
1.941721117666133267e+01
1.626170283500231406e+01
1.807104757454909816e+01
1.393982880620913178e+01
1.236613641363651794e+01
1.560511918434133527e+01
1.625368702403252641e+01
1.621013045434549937e+01
1.259167132256250454e+01
1.528336935236184146e+01
1.603648284331899276e+01
1.481721924011451463e+01
1.599046849804743609e+01
1.779711917206861571e+01
1.550887353044179839e+01
1.660559413908213600e+01
1.318109265141279884e+01
1.855686250516058777e+01
1.528982522465573801e+01
1.834066530315958587e+01
1.814461971466338497e+01
1.597751021773510871e+01
1.526001226486093287e+01
1.438005734115648693e+01
1.359435597338234913e+01
1.946061322418450956e+01
1.679442764274182309e+01
1.843731323926534671e+01
1.307776848869853303e+01
1.838469412571063089e+01
1.552654633200111789e+01
1.425454633851861175e+01
1.254674449316195073e+01
1.962903950087311244e+01
1.577072919287442865e+01
1.191843794690804792e+01
1.581298951810638265e+01
1.270335724300060498e+01
1.488324614029079207e+01
1.693798199427353168e+01
1.505834352811331200e+01
1.625838754695589827e+01
1.477530885415823647e+01
1.849724280372938523e+01
1.486269966060493886e+01
1.803035430737850930e+01
1.659984929053737801e+01
1.855618258528152253e+01
1.503093515961593951e+01
1.110414506223347075e+01
1.968592996294486142e+01
1.547837886746083491e+01
1.205073705077996493e+01
1.393331490813907969e+01
1.437461443103524239e+01
1.749922709915856700e+01
1.644404642472002109e+01
1.545267644816428287e+01
1.577078685535660973e+01
1.693306157268627743e+01
1.582318851744855515e+01
1.624977054171648305e+01
1.463854744338652480e+01
1.827397962417400734e+01
1.508857311792106337e+01
1.744562757141015652e+01
1.633962021432474998e+01
1.579667996582661615e+01
1.412996253506616107e+01
1.898245549615951688e+01
1.948561247214343339e+01
1.885147202968087043e+01
1.980176731709211779e+01
1.938813702374874737e+01
1.664336035448382134e+01
1.656938681783128331e+01
1.756068660016509497e+01
1.618760075356669503e+01
1.713502440972090213e+01
1.572083095957962051e+01
1.773408378993395829e+01
1.637647857385785599e+01
1.474575204497020131e+01
1.355629921734518462e+01
1.699365737607102389e+01
1.838606060208148563e+01
1.776031329884609278e+01
1.631323309408739064e+01
1.537986582112448808e+01
1.479147582094819846e+01
1.816718259094689003e+01
1.959386680689004478e+01
1.775131602749345916e+01
1.363321058953685672e+01
1.571848197678767001e+01
1.930453763039172088e+01
1.613905617511801793e+01
1.831979377869672732e+01
1.412613205796134430e+01
1.773638629310194048e+01
1.675877108643716795e+01
1.732112459428084961e+01
1.443460890808847807e+01
1.317648511239403852e+01
1.828448967942139447e+01
1.762056555940842983e+01
1.606659202057107194e+01
1.429669033177084714e+01
1.420755712346635313e+01
1.442736553960556911e+01
1.592249686388357155e+01
1.973747387007053078e+01
1.445914158410355377e+01
1.900002345289223982e+01
1.345726142832054784e+01
1.557441858992791062e+01
1.488826286489302042e+01
1.497950863829899149e+01
1.287127960580159147e+01
1.730331681770285357e+01
1.243543166772575326e+01
1.761795340438595048e+01
1.268503279261404870e+01
1.328634429336348433e+01
1.644211432118908789e+01
1.646773658491219550e+01
1.522326054807225937e+01
1.382726238593688350e+01
1.419241011253731166e+01
1.431249321295425503e+01
1.546382590557456460e+01
1.642175511597999460e+01
1.368413904488989630e+01
1.732880176123620686e+01
1.810738561574345340e+01
1.497740840345712243e+01
1.656198523100083975e+01
1.510693750721407724e+01
1.817197561855872223e+01
1.890469558404830153e+01
1.515782404965168695e+01
1.390437049288907012e+01
1.214701098864530771e+01
1.262596600961116344e+01
1.584685353496997884e+01
1.486628870291981208e+01
1.484080861015782560e+01
1.487906791085450031e+01
1.801924447099104398e+01
1.895620757759227715e+01
1.828280766300057891e+01
1.570109878855029883e+01
1.625372128685894779e+01
1.269382135473640183e+01
1.370261695660346390e+01
1.477394929471284790e+01
1.511939921857616298e+01
1.711851581836493708e+01
1.828881618503179496e+01
1.692289985163285237e+01
1.737634052734616219e+01
1.041729221089130952e+01
1.418201287021263646e+01
1.674260451667393568e+01
1.608135407027724639e+01
1.850676642107730530e+01
1.548145247974313143e+01
1.549642731984224397e+01
1.852954949095961723e+01
1.811319311481995342e+01
2.175489191034565906e+01
1.307600528008074825e+01
1.230171505025033518e+01
1.611791086930018579e+01
1.623571808008835760e+01
1.720811694014892979e+01
1.567295422036869645e+01
1.223025625798839933e+01
1.047927859494826031e+01
1.216741103983882155e+01
1.807211420016355419e+01
1.220604709850752023e+01
1.537755700973893269e+01
1.663540690662326327e+01
1.597227113081164163e+01
1.453054364770426865e+01
1.548258162823188577e+01
1.793875220318608754e+01
1.742487497182018430e+01
1.763679098775975973e+01
1.604637373766134800e+01
1.506607441006810966e+01
1.673717130050257751e+01
1.815981023557186447e+01
1.737953208158851481e+01
1.828391091275694436e+01
1.548456599526055477e+01
1.405319775637074109e+01
1.664048923315221984e+01
1.293992984819043102e+01
1.347795742640299821e+01
1.209423323608239542e+01
1.675657230854279689e+01
1.499081756539763788e+01
1.687272010576352343e+01
1.369501656152654512e+01
1.490678161008077751e+01
1.733849596283513961e+01
1.941797921060799936e+01
1.666784163537710839e+01
1.762445355015359283e+01
1.689207668450444544e+01
2.017944165828237502e+01
1.883794012535402018e+01
1.485492279914809188e+01
1.566121553678872580e+01
1.366192013707042641e+01
1.395495847465061523e+01
1.286407444699781166e+01
1.764362912428943631e+01
1.124193413376518791e+01
1.598074804747805011e+01
1.700895626843651698e+01
1.582013594567791159e+01
1.562574614256270777e+01
1.631558011871436165e+01
1.697985112106861294e+01
1.967458819688380345e+01
1.523026191635672788e+01
1.355123962224161183e+01
1.246006263011742732e+01
1.864079966072090500e+01
1.555928784942637755e+01
1.385744421673974180e+01
1.821144364971205576e+01
1.527220054396528326e+01
1.475211245536122995e+01
1.597182120154651486e+01
1.555763472056948338e+01
2.091824792400946009e+01
1.292825812498347915e+01
1.620328883770528350e+01
1.521544989876557885e+01
1.544529411905333660e+01
1.838933141066168986e+01
1.555403466398736434e+01
1.420257832455426694e+01
1.605091209479657266e+01
1.621557656667843617e+01
1.797512046470516367e+01
1.775607378358130717e+01
1.660604233332156809e+01
1.570631148725481019e+01
1.638068606145177597e+01
1.734479219592663313e+01
1.876116813369625547e+01
2.007345338155754888e+01
1.338447405488606279e+01
1.516134232273309301e+01
1.329027647204144635e+01
1.899229575348094912e+01
1.492035976112462414e+01
1.782299292025023618e+01
1.452342165116525941e+01
1.232596202403478536e+01
1.576682615400140897e+01
1.754601477817665867e+01
1.413365221953624484e+01
1.576791082046529091e+01
1.355529095009427820e+01
1.522904111884973055e+01
1.615403163953419607e+01
1.879402207724967511e+01
1.981579191125376838e+01
1.494605193944441446e+01
1.487603467051449613e+01
1.537619764466147743e+01
1.494143802051823045e+01
2.014519153774003968e+01
2.040259432716435128e+01
1.789859242201470124e+01
1.407963896591377662e+01
1.827893456318478016e+01
1.762971387519139554e+01
1.530690987057838726e+01
1.588975913111580773e+01
1.375282592358974654e+01
1.862546098738281586e+01
1.279519782689688157e+01
1.627232866896570584e+01
1.450758318944273206e+01
1.461341992404861045e+01
1.791008038156826387e+01
1.695834312586496750e+01
1.849420568035781898e+01
1.621941850809065500e+01
1.104650112297884412e+01
1.443683425462974768e+01
1.860245517807098992e+01
1.730053666694848147e+01
2.009474834559772205e+01
1.450726255558109301e+01
1.576615627571407963e+01
1.141772266622944798e+01
1.245553102841828519e+01
1.629108487058459431e+01
1.620767892933403331e+01
1.479557622749687340e+01
1.343637480960692621e+01
1.489051801917602802e+01
1.656949346748170626e+01
1.448649165532221517e+01
2.055221987095809411e+01
1.512706283036051147e+01
1.237621350667443565e+01
1.450113398153492561e+01
1.263795209770778172e+01
1.419455574108547147e+01
1.436004076040199529e+01
1.165044317284738362e+01
1.656349136820893264e+01
1.768177212227109862e+01
1.729299629411299222e+01
1.556975238365292569e+01
1.607809479113666029e+01
1.577509673027402393e+01
1.662347067207296192e+01
1.064935920514024836e+01
1.988386498042291706e+01
1.741206448071864799e+01
1.312461872971096355e+01
1.679013657623701405e+01
1.307042901601010421e+01
1.326995867387016581e+01
1.694825308524827179e+01
1.536880916274699160e+01
1.224396173920252906e+01
1.678976249651254804e+01
1.617196893450756434e+01
1.877665696234286585e+01
1.423731540119996275e+01
1.484976088591079701e+01
1.595520284721846949e+01
1.396575403353391565e+01
1.421829825376698686e+01
1.642671574816326796e+01
1.332542254695635364e+01
1.869831804228749306e+01
1.157653408054184396e+01
1.888951253396776053e+01
1.782329337182538964e+01
1.694092657819046721e+01
1.757284447554145856e+01
1.546963807956432468e+01
1.153962351775586548e+01
1.536756154051834500e+01
1.875353035089253240e+01
1.453971818050497866e+01
1.673233056824581055e+01
1.468650209705742249e+01
1.438723343292143042e+01
1.980156065410573518e+01
1.789287578872834672e+01
1.364481689975104572e+01
1.655088593465013247e+01
1.506622300947496029e+01
1.662321170921652325e+01
1.716271078253243232e+01
1.622560465096303517e+01
1.485902583415750833e+01
1.667520685555912863e+01
1.493983356160190468e+01
2.008181354319459899e+01
1.524836544297680696e+01
1.637321382562524263e+01
1.440026853854950595e+01
1.791555650827189083e+01
1.303580248147349607e+01
1.617978709520580693e+01
1.385150407679686957e+01
1.639015946663726098e+01
1.825397782031641114e+01
1.180244632704793517e+01
1.409363199078513418e+01
2.010181834081393148e+01
1.304246412913373909e+01
1.767989826728217295e+01
1.229968214208470734e+01
1.595580481333471035e+01
1.423125823242332544e+01
1.723750484347713297e+01
1.393438962920556534e+01
1.680378345794025563e+01
2.003782085793627488e+01
1.611041515371821120e+01
1.867374951007685624e+01
1.813818403632522447e+01
2.029632503351266948e+01
1.902174731283702158e+01
1.969108987945386602e+01
1.160438505623321603e+01
1.154938994901233329e+01
1.819524363057464456e+01
1.711841616086237039e+01
1.904864410862972335e+01
1.525582471390900174e+01
1.630087985464260569e+01
1.525250832743245333e+01
1.714042933094855314e+01
1.233583035954241502e+01
1.611606921855046082e+01
1.408036427617081543e+01
1.504067545003112549e+01
1.795898392994618931e+01
1.776131182152482424e+01
1.372529753474333347e+01
1.558815188641742822e+01
1.479760537567315026e+01
1.632186053735203046e+01
1.763991661073127659e+01
1.722927940327545571e+01
1.457826421164737418e+01
1.729273920290485123e+01
1.479611322661763850e+01
1.580919621807687392e+01
1.634482015664118038e+01
1.926683431008623160e+01
1.405109105885711074e+01
1.663823473927367047e+01
1.400928164934090603e+01
1.891341729171610808e+01
1.586460445311444367e+01
1.805335737054551970e+01
1.895151514446839514e+01
1.397077424138099744e+01
1.712050623617776424e+01
1.506087372722604734e+01
1.659289360950729986e+01
1.894492186128966082e+01
1.386569885018053938e+01
1.593877311466687274e+01
1.803319118757284656e+01
1.508240255209857672e+01
1.804742371779275345e+01
1.736441620509791051e+01
1.629562982196871701e+01
1.340168412335444259e+01
1.705975832903490641e+01
1.358675878851991214e+01
1.683081285092034207e+01
1.621615007142917619e+01
1.966164438489739652e+01
1.135048047058283771e+01
1.822403458852381775e+01
1.605114110665550342e+01
1.500182812171453683e+01
1.620158300947413821e+01
1.745474457280107572e+01
1.244303349770877531e+01
1.631055488698126510e+01
1.541474776244327671e+01
1.470240934324593596e+01
1.670645450867774429e+01
1.432719594491342718e+01
2.221198286297918756e+01
1.556396214207884832e+01
1.794138913875273289e+01
1.671931265994931692e+01
1.592034353343630215e+01
1.717029101873193042e+01
1.607803079326833640e+01
1.719052032118003481e+01
1.479178832652743836e+01
1.715742402471271078e+01
1.366084075475601978e+01
1.665774332084759735e+01
1.676744133765674150e+01
1.895758564015677194e+01
1.437251465116898430e+01
1.591841472859216111e+01
1.976430479210207380e+01
1.756695955122212638e+01
1.484309542302529294e+01
1.944911367129742885e+01
1.758728426497798125e+01
1.755797153290526680e+01
1.654234237215847259e+01
1.350071323440688964e+01
1.930177761136766179e+01
1.830823678308268043e+01
1.400733080376998174e+01
1.666209749449189559e+01
2.011826215933911399e+01
1.665378603085487796e+01
1.714544830810549314e+01
1.427881470796545749e+01
1.452148844762435687e+01
1.439014100330322599e+01
1.736535497102189751e+01
1.305476315817166899e+01
1.830887522188841032e+01
2.072802750571556629e+01
1.597021261461760844e+01
1.560678726596776933e+01
1.185521291699823365e+01
1.453379526871466965e+01
1.726667845961918601e+01
1.669358346134985638e+01
1.802525993914294844e+01
1.594520829341697699e+01
1.785235153282180676e+01
1.720459501823263437e+01
1.863688459175243750e+01
1.957780193632833488e+01
1.762098235099920984e+01
1.760904934681310152e+01
2.163335537794323216e+01
1.806786054821152376e+01
1.364739912086217544e+01
1.803135266126678360e+01
2.145027201324992205e+01
1.828210616197493366e+01
1.629997202520028665e+01
1.353799375030194518e+01
1.935446054919011516e+01
1.672134834463233943e+01
1.353423673261376159e+01
1.703339425064524093e+01
1.406407390969370219e+01
1.597072049061369547e+01
1.542924683129364283e+01
1.580609973493908171e+01
1.635894437006455604e+01
2.028565212487513136e+01
1.671840065458222213e+01
1.913000256127877208e+01
1.549184883562381465e+01
1.933060689373648700e+01
1.700612550634803100e+01
2.087786202434513427e+01
1.632246286498152088e+01
1.776562256340521628e+01
1.707625815657457835e+01
1.632921964463406184e+01
1.705058453009019459e+01
1.875482372129538788e+01
1.841750030474090138e+01
1.520955622694429366e+01
1.910888590346199223e+01
1.897630260909783928e+01
1.159802277617692567e+01
1.516231327604045553e+01
1.508214535934866518e+01
1.580788887374102636e+01
1.500400208890430065e+01
1.327853987579375428e+01
1.827927261903269240e+01
1.293759424443158323e+01
1.786368430492809978e+01
1.658826537405486334e+01
1.824602074319660616e+01
1.586806953602239290e+01
1.550024041065416647e+01
1.976440858943742285e+01
1.604504945778138492e+01
1.947957920959749245e+01
1.584967884021918927e+01
1.673878459605903757e+01
1.823269629103279144e+01
1.848226760095606735e+01
1.651141058985963284e+01
1.969904097061577630e+01
1.355437531804007456e+01
1.437160148690004391e+01
1.274923248255242214e+01
1.627815155726615259e+01
1.346656420553257227e+01
1.749517874709624365e+01
2.057107601014417853e+01
1.558964861789715428e+01
1.552329625686437531e+01
1.819836926326453508e+01
1.610728584640881422e+01
1.760371342080165746e+01
1.447018052994340032e+01
1.468794363341441489e+01
1.743003738367196931e+01
1.755657505002700702e+01
1.608406216337067818e+01
1.794654319598879511e+01
1.288439922255714443e+01
1.954685453009010843e+01
2.067103625748498885e+01
1.794343000541701372e+01
1.637758428930832721e+01
1.767563924084222649e+01
1.512013497988904476e+01
1.382040947198969860e+01
1.308399424792202659e+01
1.494965518247140146e+01
1.762410703286762370e+01
1.834877571183866607e+01
1.569191083405590348e+01
1.708229035117282280e+01
1.605511595468086838e+01
1.617645883871682244e+01
1.626564789895379803e+01
1.350800950984032944e+01
1.513655775390906122e+01
1.566783957207158906e+01
1.421306712596165589e+01
1.199002942406396244e+01
1.640347784211970961e+01
1.902829865496467221e+01
1.105644694466297828e+01
1.620538054746541334e+01
1.874907995013461814e+01
1.768720324408108979e+01
1.491776956162160772e+01
1.289540546329653559e+01
1.624541793522395139e+01
2.026482090241270484e+01
1.252772236473565926e+01
1.738718046297323383e+01
1.615174277601983377e+01
1.713831398357334734e+01
1.501771314009564406e+01
1.847972333052755545e+01
1.699924464700520588e+01
1.162132335033417796e+01
1.586200718839459078e+01
1.561434951746139710e+01
1.486973614050734227e+01
1.623079572819548488e+01
1.550621232575831954e+01
1.732262477467302730e+01
1.228368026721705242e+01
2.043697096333139385e+01
1.579899735512312908e+01
2.006692023544174575e+01
1.545658899073476888e+01
1.506420086334963138e+01
1.652918671239310200e+01
1.320432392964935175e+01
1.360147641630484472e+01
1.394568643101961314e+01
1.808590958772753154e+01
1.440659601641579357e+01
2.062581123129482563e+01
1.672458522012063042e+01
1.595269083840175739e+01
1.487340477627599711e+01
1.830096575561605832e+01
1.186588429808015377e+01
1.329074261618784369e+01
