2.607797291252518335e+01
2.634143098896038282e+01
2.638835068030493858e+01
2.660638645992185047e+01
2.668123063905113668e+01
2.693512198751068354e+01
2.643820126504942891e+01
2.670489749421903980e+01
2.650192091167991748e+01
2.685962021763043595e+01
2.677102288024070731e+01
2.648718618412749493e+01
2.633739327648072504e+01
2.606586326441902202e+01
2.663552462633560936e+01
2.698777012855134672e+01
2.684231072887723712e+01
2.695564931204989989e+01
2.658488133704850043e+01
2.751510920034888841e+01
2.647971048742601852e+01
2.638305069616853871e+01
2.638654213064000942e+01
2.623945602041931124e+01
2.713121036622760585e+01
2.678383155530354998e+01
2.609395882781973341e+01
2.654965537357838912e+01
2.701396506652599783e+01
2.618751349566809949e+01
2.656527634597387078e+01
2.714147597475312068e+01
2.711105922276328783e+01
2.650249951576643070e+01
2.651495389333103958e+01
2.612415482616688678e+01
2.637383169442182407e+01
2.664644077781576925e+01
2.645436676252484176e+01
2.632598843518917420e+01
2.643294926656017196e+01
2.666969972356127982e+01
2.651521435015365569e+01
2.816548221431185084e+01
2.640476012352610269e+01
2.631761108471982880e+01
2.657700813908468263e+01
2.649832422263625631e+01
2.642649730198263569e+01
2.690282101778757351e+01
2.660401496226222662e+01
2.651321545620066900e+01
2.705772299039654172e+01
2.673701441871071438e+01
2.632559388408662926e+01
2.650537650610931451e+01
2.652541515728262311e+01
2.685012571848983498e+01
2.670821186102057254e+01
2.659921310199842992e+01
2.651685039778567443e+01
2.684344716727082414e+01
2.629557826445761748e+01
2.625952749742100423e+01
2.676813245949142583e+01
2.687576621716016234e+01
2.620319759212179633e+01
2.672002361588693020e+01
2.715338665675972152e+01
2.718617953889770433e+01
2.665905738192486751e+01
2.631505583943817328e+01
2.660882962007417518e+01
2.624117135696269543e+01
2.636268290244424861e+01
2.683512812599929021e+01
2.633255817436020152e+01
2.721751962029156857e+01
2.649151534281463682e+01
2.820580945709389198e+01
2.699364556467389775e+01
2.626571426085774874e+01
2.628458070506076183e+01
2.633982504414234427e+01
2.722787566542410786e+01
2.525676187614681112e+01
2.563827931906871527e+01
2.639560463602447271e+01
2.741153924783884577e+01
2.670209928997064708e+01
2.626347392577372375e+01
2.664034247633117047e+01
2.625553718055562058e+01
2.657524554601968703e+01
2.632647252505466895e+01
2.644525117674493231e+01
2.625482420599928446e+01
2.636028076057937142e+01
2.617590549409123923e+01
2.649607098889919143e+01
2.629629761864998727e+01
2.660939133079136809e+01
2.623666754682017199e+01
2.609474943859549967e+01
2.690813139877081994e+01
2.629310046568207326e+01
2.615984983741054748e+01
2.622635994583833963e+01
2.629285557485309255e+01
2.684766372993180994e+01
2.665048925766132015e+01
2.669122090969995043e+01
2.656735541765192465e+01
2.643691242352724657e+01
2.704888410751937045e+01
2.638968094203391956e+01
2.666812878343171178e+01
2.664616351003405725e+01
2.649074254759580072e+01
2.666605160351082304e+01
2.636796443460116279e+01
2.666132156462299463e+01
2.643039468682854931e+01
2.688344127766049496e+01
2.621411942176018783e+01
2.771671312222133565e+01
2.657437509445026080e+01
2.618453866139134334e+01
2.705015380743316200e+01
2.609633037953972234e+01
2.636455997314715205e+01
2.603631986711934587e+01
2.678300539434349048e+01
2.676281123440548981e+01
2.740433791835948796e+01
2.640006880975215608e+01
2.694595452422709059e+01
2.649297967229267670e+01
2.626572150055562815e+01
2.629280418932830798e+01
2.641645097204400372e+01
2.666848098696118541e+01
2.670460245402955479e+01
2.613872156574052497e+01
2.635917616174265277e+01
2.661308598397772585e+01
2.648075061387680762e+01
2.663670977105357451e+01
2.661743860381011473e+01
2.616163287352719635e+01
2.644834438031557511e+01
2.639692773254591884e+01
2.617706464493039675e+01
2.644091994346945285e+01
2.642590772428684431e+01
2.678388310966874997e+01
2.658079507680395182e+01
2.685218860000259156e+01
2.765915796607805532e+01
2.652104860658528196e+01
2.678980039556245174e+01
2.679307515660821082e+01
2.639985446994978702e+01
2.635796116565961711e+01
2.660632703150986345e+01
2.637890686185983213e+01
2.651022366755933035e+01
2.704910963066868135e+01
2.692671834509110340e+01
2.636839476975092111e+01
2.730630431958888948e+01
2.665167528683195997e+01
2.627942583796630061e+01
2.625590870183623338e+01
2.698057135921135341e+01
2.665365261244915018e+01
2.608345775205179962e+01
2.624677480231912341e+01
2.683113599103035085e+01
2.684148192989414383e+01
2.651813364002919116e+01
2.676372932565118390e+01
2.627296789469983196e+01
2.712379749220599479e+01
2.648720064728513535e+01
2.675303504825114942e+01
2.667396083172479848e+01
2.675834247954117018e+01
2.654301612362542073e+01
2.645738459020503797e+01
2.618740000429079373e+01
2.628049277235732006e+01
2.660460270080329792e+01
2.654597424105395476e+01
2.669800761054466420e+01
2.614631285932046012e+01
2.624022905746278411e+01
2.637296750964924286e+01
2.642003139588723570e+01
2.646614953574953688e+01
2.659013650230735948e+01
2.662763751290913206e+01
2.656937672860749444e+01
2.660748111536850047e+01
2.639494566603480052e+01
2.643621019125566818e+01
2.681979702504941088e+01
2.646999566907379631e+01
2.620476764703471417e+01
2.671110429047803336e+01
2.637875903700114577e+01
2.653148506357138103e+01
2.686711342195849284e+01
2.649385148300643777e+01
2.655667954442469636e+01
2.628297348886371765e+01
2.623030840741466818e+01
2.650509933771991200e+01
2.686384866453317954e+01
2.622264898995672411e+01
2.682754207732250507e+01
2.653045768555693940e+01
2.717143802052578394e+01
2.669113475365702470e+01
2.660650059766339837e+01
2.624884327645850135e+01
2.690420939450905280e+01
2.644037736844711617e+01
2.688428678797663451e+01
2.601559933590851870e+01
2.618625431188593211e+01
2.636231397525716602e+01
2.652184121485242940e+01
2.645620468635843281e+01
2.682287622072090016e+01
2.635174361369990947e+01
2.665559026122264186e+01
2.653908668751591904e+01
2.646665954672334919e+01
2.642077185597099742e+01
2.640313273015181039e+01
2.673028320697630988e+01
2.642037669490855478e+01
2.655034368716223980e+01
2.680467511442475370e+01
2.604823538490200008e+01
2.651812095505465550e+01
2.718539237381173734e+01
2.652509923125853675e+01
2.630142805984723964e+01
2.634551645827013999e+01
2.615417657005764340e+01
2.662323345876484382e+01
2.673904483970818546e+01
2.609154331145782635e+01
2.683288699007334799e+01
2.613449542668604408e+01
2.660185906463084393e+01
2.669415594060956209e+01
2.639196600517607294e+01
2.661280517359591613e+01
2.671059585785951640e+01
2.666338858661765698e+01
2.670606632831277238e+01
2.630751413170673914e+01
2.640166645477165730e+01
2.641106662868241983e+01
2.675654627194671775e+01
2.646336272288863256e+01
2.659878059977927478e+01
2.672554055174532550e+01
2.626546287958171888e+01
2.652844336715043028e+01
2.622926464882220898e+01
2.645666823460032901e+01
2.665334818570499920e+01
2.645936220176099596e+01
2.638935743630099751e+01
2.691544728742701409e+01
2.637116145550044166e+01
2.675290612854041683e+01
2.659558588371146470e+01
2.647721553180872434e+01
2.646615717614804453e+01
2.627728571332954743e+01
2.625780934155500290e+01
2.687714963386133604e+01
2.661104181449627504e+01
2.668043768353527412e+01
2.692633606196613982e+01
2.700356187394027074e+01
2.689472526839654165e+01
2.694568565789450076e+01
2.638343832389546151e+01
2.645606917650366086e+01
2.628956339833530365e+01
2.623034663413909584e+01
2.663152511622047314e+01
2.665366408489444439e+01
2.634109390499907022e+01
2.614443335464693519e+01
2.683997336788252142e+01
2.653590211072332750e+01
2.664414542881604575e+01
2.675511390229712561e+01
2.625095032723493205e+01
2.645392115550021117e+01
2.628665838325287041e+01
2.646816007868164888e+01
2.740029365009104367e+01
2.656187525937639293e+01
2.625280801490407612e+01
2.630554494111220265e+01
2.619158385083937901e+01
2.652869100603675179e+01
2.667871420080246025e+01
2.640436365914683847e+01
2.625918940910651145e+01
2.645504938857720845e+01
2.647120924050523172e+01
2.694635291516533471e+01
2.650695223505226750e+01
2.729972264820298733e+01
2.660518188906735304e+01
2.691548752897324448e+01
2.667636286640663457e+01
2.634167134613198868e+01
2.657150759034084331e+01
2.695785646808417368e+01
2.678312000683035876e+01
2.650507804595235939e+01
2.645750104780108813e+01
2.679574076089556911e+01
2.613087698770686984e+01
2.637503552962334652e+01
2.673595017701063625e+01
2.635357722646040202e+01
2.662863704384926677e+01
2.663822602269192430e+01
2.651718138169235317e+01
2.652402400951268646e+01
2.677194779349338205e+01
2.654346714408438856e+01
2.657328365473767917e+01
2.629560098874208052e+01
2.723859976681433182e+01
2.597754262579019269e+01
2.573878010899443325e+01
2.636955792008120625e+01
2.632933761191725353e+01
2.640703945963741717e+01
2.653147862965306558e+01
2.645638754046831309e+01
2.640328474685702531e+01
2.649188887385753333e+01
2.654826377299559681e+01
2.621062061023621936e+01
2.641783369266431691e+01
2.713795794342513545e+01
2.629930092492759286e+01
2.587445001482683438e+01
2.636166838527242362e+01
2.723923846213438082e+01
2.653670830471310182e+01
2.691973316395251459e+01
2.698605186873010098e+01
2.655144784873391473e+01
2.621564465740357264e+01
2.615014519540090987e+01
2.647943292309810204e+01
2.654745658538922726e+01
2.689455987809196813e+01
2.653337804775674158e+01
2.624412320450119296e+01
2.720819386543371365e+01
2.628226765091403649e+01
2.639936313271391555e+01
2.614514771666745219e+01
2.575278537790745759e+01
2.630185325807269692e+01
2.646519880826417648e+01
2.641881618817023991e+01
2.624927165093049553e+01
2.613023528401117801e+01
2.687931488816502679e+01
2.655509601075209503e+01
2.706884425080170331e+01
2.655506764443271095e+01
2.612509813111955737e+01
2.650419957668873394e+01
2.661080145291271037e+01
2.691529797747989505e+01
2.702316313290157268e+01
2.648387940897555382e+01
2.661884054561232915e+01
2.733820202208244154e+01
2.624855139276314731e+01
2.627727408340342663e+01
2.638613583203550661e+01
2.626752725385813392e+01
2.677786729566196300e+01
2.648880936399200436e+01
2.622702699677574856e+01
2.641752344962878851e+01
2.665190252156025963e+01
2.637619789573000162e+01
2.663746577495658130e+01
2.632725536892576201e+01
2.650499953730286506e+01
2.649228777516054834e+01
2.675405980645336967e+01
2.605771426717456052e+01
2.653590271627126640e+01
2.629022096108656115e+01
2.682546310564157466e+01
2.576361448400075460e+01
2.637350796863847791e+01
2.703051657880678249e+01
2.655177907657616743e+01
2.652960191621878039e+01
2.688295274096071807e+01
2.684148694518171396e+01
2.655622900667731301e+01
2.683977669347677875e+01
2.624340067789853492e+01
2.699654339562493988e+01
2.674148650407823880e+01
2.637049995688721538e+01
2.641736281319845148e+01
2.669030509981803334e+01
2.598588212758204463e+01
2.716727469521356397e+01
2.626064960837265971e+01
2.666074360192214954e+01
2.640114390945018386e+01
2.655983089687106258e+01
2.697853329399185895e+01
2.663815373164925404e+01
2.666081049521835666e+01
2.659651035978458822e+01
2.640863430426270497e+01
2.688550157220106485e+01
2.620735694702216279e+01
2.619657327124969015e+01
2.653037374208270194e+01
2.666231806577434327e+01
2.680800787846783351e+01
2.618770793730709556e+01
2.625488372957170213e+01
2.706580220158775774e+01
2.626526162127538555e+01
2.646827718735949020e+01
2.617824925988315954e+01
2.634730084360762703e+01
2.626875942345031945e+01
2.630680062370265659e+01
2.646671148292080034e+01
2.618827564759976667e+01
2.718724877610202384e+01
2.617036125708000327e+01
2.648372880017177522e+01
2.627107636879463826e+01
2.663896930786449957e+01
2.625438929217943951e+01
2.582708163105871790e+01
2.637441909608514834e+01
2.664570050615839136e+01
2.642016466421955556e+01
2.635014685981059301e+01
2.660976507170380501e+01
2.639848049753891246e+01
2.654989171933630132e+01
2.628602329914883740e+01
2.633010645897411450e+01
2.630380960299316939e+01
2.679953494007168047e+01
2.607144495404008921e+01
2.634601760163968720e+01
2.673200390475540189e+01
2.688612288797685324e+01
2.655637381044743961e+01
2.670439815441295650e+01
2.637574364523152326e+01
2.654343252794751606e+01
2.736056351320985414e+01
2.616957012262810167e+01
2.619434478513721842e+01
2.642347737691397924e+01
2.671485620967087016e+01
2.634419419015739550e+01
2.631621630195786565e+01
2.665673393580527772e+01
2.634815737164353777e+01
2.664864006143761799e+01
2.594247368488231587e+01
2.658290226798089861e+01
2.622613074087257701e+01
2.640034256606941199e+01
2.655921240793759353e+01
2.653328488285842468e+01
2.645076732995767088e+01
2.640308797366287763e+01
2.604269041725001443e+01
2.667307258816617832e+01
2.660464365976258705e+01
2.661808700358687929e+01
2.306679581163461989e+01
2.622109942510451219e+01
2.632621911866135633e+01
2.645235204337041068e+01
2.647737469746516581e+01
2.647536567735733115e+01
2.642261994344153209e+01
2.666341175971138000e+01
2.703930041462899680e+01
2.762193643921091279e+01
2.629290810525981215e+01
2.626863171026070631e+01
2.652961910638168774e+01
2.635025959067661461e+01
2.655475247924096038e+01
2.660840622694286139e+01
2.648690599601832218e+01
2.292695574552908511e+01
2.630048247286504193e+01
2.689518841931840143e+01
2.639244714349752030e+01
2.634948361312035559e+01
2.641498190014317515e+01
2.672712170179238456e+01
2.646675151273120719e+01
2.652200400715446449e+01
2.676948864505902748e+01
2.626855208741926617e+01
2.684034569034702145e+01
2.654974173355185485e+01
2.662253422929916269e+01
2.716660970878274384e+01
2.669081990611357469e+01
2.641855433186447044e+01
2.584703300723504071e+01
2.612487826525375567e+01
2.645496513778562075e+01
2.662031124377517699e+01
2.654512530038209661e+01
2.633849799095969502e+01
2.638729386681825417e+01
2.656889579866037820e+01
2.641582706495046295e+01
2.669602025292351755e+01
2.644245094810776209e+01
2.668032751103510236e+01
2.698189759036540636e+01
2.670599795400539733e+01
2.676749784822550282e+01
2.667495621386296989e+01
2.618672345779486932e+01
2.719650833920513833e+01
2.679989259933881840e+01
2.660958876445238275e+01
2.636946965347215155e+01
2.627740248632198927e+01
2.621310654276385321e+01
2.641743592059265211e+01
2.675608978134368954e+01
2.696453962235682411e+01
2.630278694703338260e+01
2.645938205111906427e+01
2.682336609835874697e+01
2.604215828034466540e+01
2.669969220289931400e+01
2.642456489012147358e+01
2.659364007867225155e+01
2.669209421573759755e+01
2.620327817707493523e+01
2.633507828479105228e+01
2.652254271745459846e+01
2.669444236017443473e+01
2.625129168275543634e+01
2.666419395515003998e+01
2.631906726850866107e+01
2.641974009847308480e+01
2.659714162220006983e+01
2.627262843738662923e+01
2.624903427258323063e+01
2.633065752200400311e+01
2.649718360963834130e+01
2.649772092059174611e+01
2.667220563086357288e+01
2.681550707686255919e+01
2.646937509588315152e+01
2.637888418491729681e+01
2.643484675908621284e+01
2.687457976149107708e+01
2.690521535483003390e+01
2.666171514853886038e+01
2.657378823275303148e+01
2.642954427833683440e+01
2.668755777319984190e+01
2.652026401973762404e+01
2.550150558438326698e+01
2.713530893527149601e+01
2.627490841626604379e+01
2.628171003310490050e+01
2.602121210559380415e+01
2.662064835908768146e+01
2.632027297929016640e+01
2.700354685397087451e+01
2.624030102868346148e+01
2.626052251272449212e+01
2.636170133006453398e+01
2.671810611601176788e+01
2.650827324879628577e+01
2.612152493683788634e+01
2.605961838203256775e+01
2.652791502165928250e+01
2.684670477892268536e+01
2.698449458733102801e+01
2.718394901031024347e+01
2.638365992236958846e+01
2.656218760061437933e+01
2.665928926931974274e+01
2.664250724021076167e+01
2.670112928134039976e+01
2.788172388292423420e+01
2.684526223930151900e+01
2.658938232712807803e+01
2.669651308618085750e+01
2.690525056302794837e+01
2.646044215885376616e+01
2.650982668303458922e+01
2.624051324295760423e+01
2.654596838624729571e+01
2.609135441935541166e+01
2.676611503547519533e+01
2.633765649024462618e+01
2.649031056728745170e+01
2.601825545439987764e+01
2.654000337357592798e+01
2.697610937011540955e+01
2.687995891970149387e+01
2.553235139762273320e+01
2.637487171927932650e+01
2.670286302157637692e+01
2.673691197730022395e+01
2.608698384129729675e+01
2.617059468840125191e+01
2.608836817463907209e+01
2.705131828330013377e+01
2.660847604621631035e+01
2.668601403530374228e+01
2.657613170062541030e+01
2.664168008624619688e+01
2.620738404832536617e+01
2.626507136554209865e+01
2.652814704869342677e+01
2.653199257155938540e+01
2.660335788672273338e+01
2.640162799072186317e+01
2.635805523118688143e+01
2.660967830188201333e+01
2.625524450603916193e+01
2.653409453991389455e+01
2.645562849253110471e+01
2.662223831602022983e+01
2.593572473683343560e+01
2.672392377717005729e+01
2.697140338695589890e+01
2.648769112759237032e+01
2.693103656055609463e+01
2.639045531739157013e+01
2.690657356254268961e+01
2.414079955794113630e+01
2.691502350974587898e+01
2.687557905594348995e+01
2.626058406262200151e+01
2.689478591691477050e+01
2.646204523046071699e+01
2.630440040462053730e+01
2.645741350327898544e+01
2.651690827001675643e+01
2.634402141386090079e+01
2.639247818177773297e+01
2.635350836626639648e+01
2.675518120138076483e+01
2.626502432576216961e+01
2.658297830477931711e+01
2.652883990637201350e+01
2.622623796632524318e+01
2.634603097417857498e+01
2.672939507719092944e+01
2.625400508572602121e+01
2.565026351472533861e+01
2.683687720168836677e+01
2.722716405103528814e+01
2.621126488300069468e+01
2.669032089873053337e+01
2.702614731719768315e+01
2.653060793793611083e+01
2.673451193685559701e+01
2.646606310185052280e+01
2.622188082675529586e+01
2.636692872950061428e+01
2.646852792706795299e+01
2.632491686086905247e+01
2.623299654900074529e+01
2.634070920552949246e+01
2.705912667250231607e+01
2.613497822823137540e+01
2.656617001053018612e+01
2.659146667107688700e+01
2.635431343315212871e+01
2.651002047716883681e+01
2.654193041447706491e+01
2.653022741017957742e+01
2.637131207630864083e+01
2.627440566205495998e+01
2.622634935089718056e+01
2.642626966674288269e+01
2.655774654816195834e+01
2.625314650070231437e+01
2.657614881790595973e+01
2.640065111898093164e+01
2.641841314592420531e+01
2.641337821871366032e+01
2.635198827853764669e+01
2.691937476892962877e+01
2.649788136453753395e+01
2.624938869329889712e+01
2.676502322878877749e+01
2.616474262996507605e+01
2.699109094235063822e+01
2.658436305245231779e+01
2.620113248366669723e+01
2.640770682851052698e+01
2.620884341287546704e+01
2.639948018639915972e+01
2.626868424654912815e+01
2.695085296132674557e+01
2.608612072497817280e+01
2.638165030420532275e+01
2.687882751394045044e+01
2.730361286944571475e+01
2.572718278868705966e+01
2.660213130595730036e+01
2.709280439012945862e+01
2.679106430373485637e+01
2.701996497377240303e+01
2.699861190543015255e+01
2.692358822638652782e+01
2.665385844209231436e+01
2.649656865353426838e+01
2.629212608423949860e+01
2.662907748419002019e+01
2.657312354264286114e+01
2.664031165089090791e+01
2.634515927972643112e+01
2.644800913795734232e+01
2.656528845202410594e+01
2.739070787375931104e+01
2.644829896599731001e+01
2.653118626092509658e+01
2.633891958147432888e+01
2.642663010285559722e+01
2.622270479482813244e+01
2.631570625334370561e+01
2.620259278601588449e+01
2.656678997687322408e+01
2.613117087538194028e+01
2.610837980604264885e+01
2.679462209573557629e+01
2.654975614146860607e+01
2.637254218898488034e+01
2.650553942216538417e+01
2.625861702174915990e+01
2.608973971559953497e+01
2.648222098617952724e+01
2.689866552077728556e+01
2.710962123811441415e+01
2.621253234784308006e+01
2.629807996776253276e+01
2.639919061479213269e+01
2.630870849480834295e+01
2.694739468510488223e+01
2.610101973237851780e+01
2.629945451942967338e+01
2.692085217617386661e+01
2.670769446684880677e+01
2.678378308051196655e+01
2.699997265387082734e+01
2.669934843367082067e+01
2.634593830068206444e+01
2.642638501939109119e+01
2.651187481412853231e+01
2.625362352863157867e+01
2.658969217095182103e+01
2.724975283453386510e+01
2.661351889498473611e+01
2.647611770017647359e+01
2.667918820411796332e+01
2.630174726996392565e+01
2.691147038034614525e+01
2.634217515929412912e+01
2.643136138083082187e+01
2.630649061630356300e+01
2.627513392551281868e+01
2.646991665439963981e+01
2.658315027758180804e+01
2.631806878832867369e+01
2.782105226789462904e+01
2.643474068452360370e+01
2.707954459022039373e+01
2.659547088198542042e+01
2.666389819161122432e+01
2.600884217922157404e+01
2.654786798669556447e+01
2.637741860729056498e+01
2.622320811172266986e+01
2.686131330879197776e+01
2.615629139543580095e+01
2.637190624758750346e+01
2.652183349969163828e+01
2.686001481975472416e+01
2.632413418088708568e+01
2.633434856580606720e+01
2.691327250033555174e+01
2.658169602332691284e+01
2.631361486044079356e+01
2.725287638788995537e+01
2.649491266994482430e+01
2.662151100770915946e+01
2.682330775978516613e+01
2.641283378944262950e+01
2.662900589924447559e+01
2.652784250609329320e+01
2.608933303733556386e+01
2.634592283864731144e+01
2.704327655821543885e+01
2.595947302732201933e+01
2.660025743525966391e+01
2.640650394686417712e+01
2.595603181229216716e+01
2.650215138741896226e+01
2.604536534860926622e+01
2.621359812764330854e+01
2.676557581095858040e+01
2.815364403863804910e+01
2.637934885731465329e+01
2.642927121311367955e+01
2.646484205514843779e+01
2.642492182737441908e+01
2.617548831617932592e+01
2.662254917137943266e+01
2.691382968055950187e+01
2.655041484914363537e+01
2.682706187054645852e+01
2.672725456826537993e+01
2.649752182532847655e+01
2.662217032461558119e+01
2.674831654518766300e+01
2.660112390090580448e+01
2.673467358588823117e+01
2.607488787410784425e+01
2.645324180453371810e+01
2.671356098021533398e+01
2.733283635205771134e+01
2.600739378897651477e+01
2.669609786452747358e+01
2.642260639800588251e+01
2.681578650483152160e+01
2.649609788128873333e+01
2.655790066860481602e+01
2.663208177302021795e+01
2.635051179661786591e+01
2.649397622140349995e+01
2.656360030106134218e+01
2.669226788501146075e+01
2.664497215772098571e+01
2.662024372985615628e+01
2.676742676293815748e+01
2.704563836124907539e+01
2.640241472652087396e+01
2.580784155713809014e+01
2.684729919646906637e+01
2.643357978912172257e+01
2.661859904282209754e+01
2.655640493203918595e+01
2.644517185221229738e+01
2.678046651406384626e+01
2.642006232787571207e+01
2.664431851691279007e+01
2.718896394842613518e+01
2.655935500486339151e+01
2.721814725244530564e+01
2.659642343849645840e+01
2.674838650995479838e+01
2.642610870831322245e+01
2.634476757486481802e+01
2.651794213807988854e+01
2.671861423029258731e+01
2.630133511329404428e+01
2.659286585572135664e+01
2.635009177585470752e+01
2.666430977911204536e+01
2.710612553144710546e+01
2.659946561438755452e+01
2.611435830738901132e+01
2.644052251751872973e+01
2.698732086660402274e+01
2.679344562083770143e+01
2.779124797215717990e+01
2.662178986080016330e+01
2.658050645366802200e+01
2.634335730646307638e+01
2.633928592151642079e+01
2.655062002824615774e+01
2.656107676073497714e+01
2.625059806732588186e+01
2.639245462489452621e+01
2.625104435455705243e+01
2.668459417891153862e+01
2.637676330745398445e+01
2.650114873690472450e+01
2.753806920829174487e+01
2.628426006953122851e+01
2.606632094603628502e+01
2.645504441373577720e+01
2.661900607872667024e+01
2.665103111126063595e+01
2.631370039449666365e+01
2.619273763167711877e+01
2.650921945134814450e+01
2.669922092120759771e+01
2.649579280525995273e+01
2.647541457571423962e+01
2.621945670094555680e+01
2.686638978220798890e+01
2.738382730037392321e+01
2.693954820198177913e+01
2.665419930123971426e+01
2.669142945603471162e+01
2.636516629532525258e+01
2.641464508389617549e+01
2.649766607331548585e+01
2.659885000458780269e+01
2.617328300168810529e+01
2.683439321087280405e+01
2.632986636399982672e+01
2.658213714220255497e+01
2.657503943963820348e+01
2.663264411270665732e+01
2.681620942889639991e+01
2.604637563732467243e+01
2.641525305061531981e+01
2.666034729361945210e+01
2.649947888835686172e+01
2.640574360689697642e+01
2.677500019670333131e+01
2.665793215839585173e+01
2.595216508264729782e+01
2.659705011220103188e+01
2.668739345267658791e+01
2.665873817459487327e+01
2.645035247625128250e+01
2.648722447641739564e+01
2.655288083975119662e+01
2.777571181486564456e+01
2.634032362119887694e+01
2.607191310759571934e+01
2.645197485615244659e+01
2.655634789526357054e+01
2.664881410597081413e+01
2.733098404210159060e+01
2.680598276931868895e+01
2.651936917863076815e+01
2.667178846592378250e+01
2.644397004522761563e+01
2.661241730159144936e+01
2.653146680055306206e+01
2.643590540763034369e+01
2.617648799147082173e+01
2.657842020613134082e+01
2.701722089913528180e+01
2.684430639977199462e+01
2.679727120488587389e+01
2.638676674463295058e+01
2.641971579309938534e+01
2.616197380880657875e+01
2.632600516554884962e+01
2.621474183695318061e+01
2.621106800640700385e+01
2.683871644384180399e+01
2.638515893319527095e+01
2.734115949973511306e+01
2.625908239354612306e+01
2.619453277130742208e+01
2.652503672140301205e+01
2.703904627796055138e+01
2.678352660610289604e+01
2.631117661459120427e+01
