1.602429642455876433e+02
1.565781329518241876e+02
1.660305031396908078e+02
1.553872041879650965e+02
1.587861618550184630e+02
1.681995553769653782e+02
1.590271423076013377e+02
1.550578344738818828e+02
1.579839912914712841e+02
1.551676650914185700e+02
1.625310779502018761e+02
1.424048846119835900e+02
1.437087434101065071e+02
1.611812252829863894e+02
1.434786775094795814e+02
1.681513850534652761e+02
1.530125560377122724e+02
1.528182450865874387e+02
1.425174392060351636e+02
1.597404000239718869e+02
1.502277523488272095e+02
1.578628403455878981e+02
1.633403653272281986e+02
1.515168165809567995e+02
1.704652281827970057e+02
1.411620254282012752e+02
1.555829397482334002e+02
1.535356486007032402e+02
1.557207384616917807e+02
1.572446440235042928e+02
1.606750266789095747e+02
1.594031430341452165e+02
1.408625595256568204e+02
1.550149424710398023e+02
1.424698058526522289e+02
1.472694762963906214e+02
1.497349530031324321e+02
1.597132831029635724e+02
1.554860309800850189e+02
1.620611276140506050e+02
1.546159278890773976e+02
1.549787009957619830e+02
1.593498887760292178e+02
1.631596147525071672e+02
1.618157477107341435e+02
1.478691953324371298e+02
1.638214288468679740e+02
1.542434932303293635e+02
1.456860054972738396e+02
1.602928514437939214e+02
1.633444194310737885e+02
1.422629623439456736e+02
1.673580867306916105e+02
1.675995261380201669e+02
1.476333728280000344e+02
1.433600805358769037e+02
1.597588359928619752e+02
1.556842400942350366e+02
1.577083007534333490e+02
1.535755715677526894e+02
1.520756168003983362e+02
1.548508640497205135e+02
1.461990541153444667e+02
1.527573055840881011e+02
1.623441126515926953e+02
1.539390816278998955e+02
1.604958952475030287e+02
1.568936996488880027e+02
1.589911206667078716e+02
1.580343228148717003e+02
1.544735684890887057e+02
1.498911860194853034e+02
1.533123313569238633e+02
1.536571911660001888e+02
1.456477273315713035e+02
1.622895365816882531e+02
1.695116505114878862e+02
1.659761795179640842e+02
1.601477371060931034e+02
1.644788751012697219e+02
1.571410600474835348e+02
1.468483927282412651e+02
1.466820944267154232e+02
1.588668651437693597e+02
1.622065167209887591e+02
1.368183802204485460e+02
1.685224795477959105e+02
1.459954099544506505e+02
1.644194374283640627e+02
1.585638502946594883e+02
1.472631343854588124e+02
1.574133939775743158e+02
1.569643373736261651e+02
1.543734928596980751e+02
1.563000679504751815e+02
1.464029114404987411e+02
1.643004967796786957e+02
1.495666032081520882e+02
1.510651319852035783e+02
1.547860831905933026e+02
1.611187008958443982e+02
1.563401442506062438e+02
1.603334570633412284e+02
1.629772131026103068e+02
1.625798473994410074e+02
1.496587454434596793e+02
1.549333925896607980e+02
1.508287392766949893e+02
1.594735659778873185e+02
1.559474616082339935e+02
1.563095367622835852e+02
1.755692162909677734e+02
1.613794053922493674e+02
1.480523623519477781e+02
1.614897907847508804e+02
1.492582592407754873e+02
1.688127071006754534e+02
1.486966086285300435e+02
1.540267177825459157e+02
1.603964290922027942e+02
1.508821315078125735e+02
1.569856928565673968e+02
1.583101035347608558e+02
1.577236012291501766e+02
1.532241171216303997e+02
1.782504302784363688e+02
1.661175013485919294e+02
1.604037438903633586e+02
1.681695147003351565e+02
1.697149284487534260e+02
1.486412067097415957e+02
1.622464798483229629e+02
1.540591613078497346e+02
1.560344082506176449e+02
1.611032592136897392e+02
1.593047800900306186e+02
1.615869534117238402e+02
1.647712250730117205e+02
1.567318575913065501e+02
1.491090475814975207e+02
1.567817129407285677e+02
1.518894472852278454e+02
1.514559809886950177e+02
1.526350384050418256e+02
1.729196323198777918e+02
1.585978461964374731e+02
1.432963114792088959e+02
1.630550797587999341e+02
1.532154806272272651e+02
1.656684220955264948e+02
1.565255973644526932e+02
1.478663009174975969e+02
1.514680713625786268e+02
1.548897680178006340e+02
1.714300902221274043e+02
1.586956521882746074e+02
1.605520435405857711e+02
1.539478118713886090e+02
1.664028970549043436e+02
1.509708519206244262e+02
1.592625176172085730e+02
1.554798460360823640e+02
1.465845189836884117e+02
1.590981118336386260e+02
1.577264548735041387e+02
1.502090084758484352e+02
1.524131908107304980e+02
1.649411229727236901e+02
1.701226590590721344e+02
1.599502726252225671e+02
1.634176365053964446e+02
1.495335669709213562e+02
1.578866782387891590e+02
1.589501911792264650e+02
1.576666011196605268e+02
1.598102744995566695e+02
1.582054112219085766e+02
1.582274598538388943e+02
1.526265474535744886e+02
1.622125368355708588e+02
1.527965383009403126e+02
1.557552578924163811e+02
1.511396193015481231e+02
1.657397254539099549e+02
1.529349779265596680e+02
1.534250731853258003e+02
1.797840515467077012e+02
1.382812578746840018e+02
1.417246629734944179e+02
1.598355600866854047e+02
1.435818019584230854e+02
1.593829084143899024e+02
1.446051341307232860e+02
1.480083039973366112e+02
1.636391611211568318e+02
1.550165711809925426e+02
1.574670376817680619e+02
1.598502864110455732e+02
1.507676320713434279e+02
1.531150117306797256e+02
1.609167983776830226e+02
1.628741043306939389e+02
1.573553488128664242e+02
1.544714123226048343e+02
1.451853786828620230e+02
1.499363837071125829e+02
1.632514539523317296e+02
1.502704254257351977e+02
1.646200698892194509e+02
1.573113292062996322e+02
1.494505926389507806e+02
1.524072411872870987e+02
1.612606404360561783e+02
1.563904705970508928e+02
1.537054977914885967e+02
1.486495699493277129e+02
1.525553301472226053e+02
1.480576994576381367e+02
1.635290869624712968e+02
1.649054210836410164e+02
1.618542492257192862e+02
1.640224034436139959e+02
1.606646655194302014e+02
1.559374648124432667e+02
1.589957651703095678e+02
1.485873103582487147e+02
1.651637813704608959e+02
1.723515709486484297e+02
1.605470263980087964e+02
1.512756190093103612e+02
1.499086543994734200e+02
1.467273452964643639e+02
1.499439606700528316e+02
1.551024951306756918e+02
1.595718239360222128e+02
1.584378120903259628e+02
1.589803619482004251e+02
1.469447075912464129e+02
1.498660603957974615e+02
1.600597498983813125e+02
1.535245885731193596e+02
1.615120852206201789e+02
1.549814627378246712e+02
1.568478665594099368e+02
1.578775100308759249e+02
1.478588667154603797e+02
1.549380580869348591e+02
1.668980250477891900e+02
1.609715426045051743e+02
1.473708267663879496e+02
1.492365881103677907e+02
1.580951385813818888e+02
1.553830651845922830e+02
1.581900936335166250e+02
1.592269307366264570e+02
1.589982122347011568e+02
1.470024717724051015e+02
1.669060889670453207e+02
1.681320932660532321e+02
1.534174065918183771e+02
1.554666404758217197e+02
1.688721841037952345e+02
1.553214112097222426e+02
1.579714165413345199e+02
1.481528897896761237e+02
1.570613909576303229e+02
1.589600127133515173e+02
1.656277210702896241e+02
1.542101979243537926e+02
1.568218293957979199e+02
1.639937891631304581e+02
1.606780314161811134e+02
1.598268477007823378e+02
1.653746647570903860e+02
1.618762546462406817e+02
1.624707794662541858e+02
1.490802689735686215e+02
1.396449517520952952e+02
1.569070149833197263e+02
1.483636801240883187e+02
1.604477651268541933e+02
1.643049104951633979e+02
1.419286392999975135e+02
1.601307932020944804e+02
1.428455974507308497e+02
1.532880481956946710e+02
1.658859160611723382e+02
1.441746461452465837e+02
1.540699172949078388e+02
1.587417784363328792e+02
1.595918092476665606e+02
1.616868835791593426e+02
1.641851811872582516e+02
1.613887113226956558e+02
1.525360243480012628e+02
1.667725761084717533e+02
1.640126633560851985e+02
1.623338696213155856e+02
1.502627801083311283e+02
1.611368637959262742e+02
1.638987502459150392e+02
1.677750209138730497e+02
1.553573741198779601e+02
1.608566376930233162e+02
1.595863578696018124e+02
1.597844802105530846e+02
1.595477724486123066e+02
1.431390351381207608e+02
1.509127111853233032e+02
1.583486542615900419e+02
1.683704674969194741e+02
1.488940640029935025e+02
1.479737062879360110e+02
1.488011966805700297e+02
1.559074577301797433e+02
1.613027432233395189e+02
1.555311950032021002e+02
1.547806619861816557e+02
1.566825202601492890e+02
1.529863882908210826e+02
1.384716410174733028e+02
1.437595959350331896e+02
1.631885115762347880e+02
1.609143821293868086e+02
1.587180149546077814e+02
1.589678467151680650e+02
1.432919097538736537e+02
1.568684548128805432e+02
1.490163459209369421e+02
1.555816159711091586e+02
1.575327098693844050e+02
1.484757974448994275e+02
1.662624824833415857e+02
1.528756801169254800e+02
1.504636179353358614e+02
1.589998741994116642e+02
1.542564981381039217e+02
1.595508639004799818e+02
1.615523903902549705e+02
1.601918223786166209e+02
1.549296944229757855e+02
1.607723128159293253e+02
1.545892197493867002e+02
1.633322701210972809e+02
1.475721924282051702e+02
1.592847700985319932e+02
1.605204243608116315e+02
1.678418849915408089e+02
1.505022379217624859e+02
1.425666777630317199e+02
1.558450992596768288e+02
1.587045592466126607e+02
1.578159408945385564e+02
1.445967628322466112e+02
1.538067454205549041e+02
1.609517951659637447e+02
1.517381990329606083e+02
1.548610301783306795e+02
1.594066331938892915e+02
1.563929620682869768e+02
1.617361178761275653e+02
1.478237480183769321e+02
1.681915636217559893e+02
1.524514078129022039e+02
1.598981696855667849e+02
1.588057962667405434e+02
1.563139788640174856e+02
1.531085245894111040e+02
1.516013115862416782e+02
1.455530188298752989e+02
1.671543499540659639e+02
1.556099940869107741e+02
1.676852664112055322e+02
1.475197617377541519e+02
1.634180885651205699e+02
1.566121514845683578e+02
1.513363882446027731e+02
1.464167090591080012e+02
1.690952693121681989e+02
1.601576209216667053e+02
1.430279143433180309e+02
1.557771883754911073e+02
1.459066135528987616e+02
1.578553409109270547e+02
1.595039653477013246e+02
1.531341268197707279e+02
1.525377158929246093e+02
1.513628510954820570e+02
1.668655792449395960e+02
1.502966066615385614e+02
1.593940494741818270e+02
1.559162781814005712e+02
1.659419214131149829e+02
1.549561741390963050e+02
1.447044518686219305e+02
1.631325773426753756e+02
1.538572753894022469e+02
1.484782732292794094e+02
1.510126125244524928e+02
1.495843297451466469e+02
1.582408222596220639e+02
1.554440401871635515e+02
1.561191605276243024e+02
1.568903601497880800e+02
1.595471976491107569e+02
1.576678429493133251e+02
1.567576872947167885e+02
1.516944002377961453e+02
1.664742020028947991e+02
1.528776400770189809e+02
1.585226662116714351e+02
1.574888570617442269e+02
1.534811517922336463e+02
1.472811294826364872e+02
1.657271879063746098e+02
1.721077437550897002e+02
1.665045356925155033e+02
1.704376850013043168e+02
1.698595301136379305e+02
1.556891554129331041e+02
1.606158599809682528e+02
1.611757223626204052e+02
1.578853592886369768e+02
1.597530853132880111e+02
1.608812978764533170e+02
1.633785374723686630e+02
1.564548125717962250e+02
1.526469340699681538e+02
1.463485032626061582e+02
1.561576742149715074e+02
1.668761398393195066e+02
1.568068974351409963e+02
1.565584425397494499e+02
1.497255176916349910e+02
1.511081452584201941e+02
1.625205080327287419e+02
1.635932382805730185e+02
1.606296729949189626e+02
1.480369659502943023e+02
1.561823535090784674e+02
1.673928136068845447e+02
1.540875473338159907e+02
1.649039056069622120e+02
1.498240108849272474e+02
1.655648789056704118e+02
1.588892988179696601e+02
1.588940742718671686e+02
1.520470199983085422e+02
1.486126523990258761e+02
1.653478198672422366e+02
1.638252782738074700e+02
1.525267165405964249e+02
1.531790691478606448e+02
1.509916797656180165e+02
1.506753426115590457e+02
1.539903090804284034e+02
1.713208062552468220e+02
1.536488026208951396e+02
1.636214705590545861e+02
1.470875322434385453e+02
1.578815028539706873e+02
1.546410623511941935e+02
1.473442763833953393e+02
1.478250880586485039e+02
1.652318422892284104e+02
1.496534294927342046e+02
1.615375895303596394e+02
1.505416647296618748e+02
1.497730861769389037e+02
1.572973734740292002e+02
1.592039491324447340e+02
1.507495292283868480e+02
1.514526506020417287e+02
1.519674268943057882e+02
1.504142871652691724e+02
1.530256847751132057e+02
1.643566901885365610e+02
1.487976780604170415e+02
1.645341870283848777e+02
1.610402395380011740e+02
1.509757389271726993e+02
1.560838575027102593e+02
1.514724425439632682e+02
1.639727455844991368e+02
1.631625140666031939e+02
1.542546947418513810e+02
1.508860967551301258e+02
1.430863427016919900e+02
1.447288926069200272e+02
1.565763751722675750e+02
1.527195954233309294e+02
1.525904624933548064e+02
1.603431687107153323e+02
1.619421596224830466e+02
1.684963406030058763e+02
1.638624314775761945e+02
1.558094818768037157e+02
1.582554709444377465e+02
1.423419616506118643e+02
1.477282601263353570e+02
1.537126137204477061e+02
1.539000651985523120e+02
1.610260088634840088e+02
1.623015941444334658e+02
1.591136407798797450e+02
1.591566327621656569e+02
1.351887990437921303e+02
1.530509025036132300e+02
1.625952456896944511e+02
1.530514932703911199e+02
1.655699343128557359e+02
1.529378889484855506e+02
1.544603162731514772e+02
1.631490938614288382e+02
1.615545136650549409e+02
1.809899077452234053e+02
1.494987742337342809e+02
1.474597654456144085e+02
1.602359032805115078e+02
1.567930408226336283e+02
1.571508528441396209e+02
1.564390342260660134e+02
1.462211863742434161e+02
1.294192338209159061e+02
1.455221111569684354e+02
1.626023699359236616e+02
1.438701793719381499e+02
1.533674974496649952e+02
1.549191314860713078e+02
1.547568650459153332e+02
1.497735889940476852e+02
1.548050763963590839e+02
1.642399912542998948e+02
1.622664312468799892e+02
1.615689599305364936e+02
1.572008088887108670e+02
1.497041848060361247e+02
1.569586103931765138e+02
1.593104096432559516e+02
1.589014804277200028e+02
1.646979604505191332e+02
1.546435375421819174e+02
1.474308543461250451e+02
1.542202032692841556e+02
1.434260833133660924e+02
1.499599542411117739e+02
1.413885026976415986e+02
1.611818192169045290e+02
1.471166169772037051e+02
1.596451496713251856e+02
1.520307409650313843e+02
1.528180022340012272e+02
1.591650366335183264e+02
1.677094779047894519e+02
1.551168703293283500e+02
1.637895305257350174e+02
1.580123639128864568e+02
1.712657227065358541e+02
1.648180412749887012e+02
1.527403431867865322e+02
1.518260170457276956e+02
1.475719453231326952e+02
1.499963377813345744e+02
1.434200361962699901e+02
1.579895346272843142e+02
1.414739833736596779e+02
1.604412567872237787e+02
1.603435988685529878e+02
1.517873875719758132e+02
1.597609293841089766e+02
1.564171074713384826e+02
1.602359982944227852e+02
1.687404903409070300e+02
1.526755229565694663e+02
1.499953032921860938e+02
1.453662594222466851e+02
1.669664364257732529e+02
1.538529977509776074e+02
1.530888031386508601e+02
1.659836277452706099e+02
1.545152039439117573e+02
1.566052054035438630e+02
1.537175508731028799e+02
1.622946223072628129e+02
1.795648091944148632e+02
1.471567803182149134e+02
1.583279110350136705e+02
1.556080157884020707e+02
1.518423604269241309e+02
1.595302902658579001e+02
1.580515523404568796e+02
1.512343775539359854e+02
1.559579392700335632e+02
1.546103891712164682e+02
1.593905518854294030e+02
1.595149674499938044e+02
1.596276486442028784e+02
1.518034802770456793e+02
1.568317183936136985e+02
1.604950488671837832e+02
1.705812916804389090e+02
1.703111275304720209e+02
1.503540460278604201e+02
1.567856439789558749e+02
1.476189221656713926e+02
1.615897377613717651e+02
1.509198525211419337e+02
1.604095795538401887e+02
1.485474219053384672e+02
1.483836407640253867e+02
1.566844643807000921e+02
1.635793404503620536e+02
1.434260358962454802e+02
1.536109197849509371e+02
1.470136588294491276e+02
1.517107991779229792e+02
1.570819197103790543e+02
1.621601867150829719e+02
1.638898409790022583e+02
1.547824784577928483e+02
1.487257255547870045e+02
1.531611144965613107e+02
1.487199938543830910e+02
1.659625515407886667e+02
1.649719495184354230e+02
1.624876788199649695e+02
1.493726004469110364e+02
1.663235658875042873e+02
1.595316496964836972e+02
1.556618199057768663e+02
1.571131743556502443e+02
1.496755125844049701e+02
1.674919781333859987e+02
1.534151034047085034e+02
1.570595625683119749e+02
1.492533768548412070e+02
1.487559389208299478e+02
1.649265469048030184e+02
1.586686686462337263e+02
1.610657851250664976e+02
1.550655072403217218e+02
1.372366447779082534e+02
1.480767069762424057e+02
1.602459353590642195e+02
1.613165889267508817e+02
1.716271430252627113e+02
1.501769482912507101e+02
1.565117056672308991e+02
1.409690571378418440e+02
1.389360781434652665e+02
1.562533015797021960e+02
1.556790337035484981e+02
1.498727198791720809e+02
1.494693445570410972e+02
1.577534544702284904e+02
1.576552714006537315e+02
1.522734685418446077e+02
1.777161936186528237e+02
1.535947534599807511e+02
1.430776124451547560e+02
1.479769461755130635e+02
1.456982105548365780e+02
1.484893500642841673e+02
1.455389394749789176e+02
1.427164007413918796e+02
1.630824743575164746e+02
1.651869026057757139e+02
1.565441476810063364e+02
1.537353990331312446e+02
1.489355957776919013e+02
1.565481313498401619e+02
1.537059434481853373e+02
1.377145173864114724e+02
1.655045744966649863e+02
1.556216794115717335e+02
1.459817983936708856e+02
1.592581695627879697e+02
1.465764853551700924e+02
1.476126935156940192e+02
1.588237950391140316e+02
1.511766214635513847e+02
1.454579139736278250e+02
1.599318186806949882e+02
1.585371710308861282e+02
1.632015907353732587e+02
1.477886115340627100e+02
1.540234017296347133e+02
1.559118715424069421e+02
1.495133995689108133e+02
1.512263190099947394e+02
1.567027865687285839e+02
1.445557409670464040e+02
1.659142199774378525e+02
1.405787525340258242e+02
1.646105782497578787e+02
1.650632724618606915e+02
1.596507129129960276e+02
1.602060647664407327e+02
1.551150679207621010e+02
1.424326802962628733e+02
1.526870592626952430e+02
1.679019605239146529e+02
1.505669268242505154e+02
1.585947384985319957e+02
1.598829481700953181e+02
1.507038642983043815e+02
1.667084167441242641e+02
1.599355920038614158e+02
1.502062346700186026e+02
1.541582997133224922e+02
1.572138783039105761e+02
1.585080561072466310e+02
1.589941304060610889e+02
1.530448017159122571e+02
1.513948066442457048e+02
1.561523011652179207e+02
1.530187869437035886e+02
1.713032486552445164e+02
1.564480610974918307e+02
1.566434035194194223e+02
1.538641875603518656e+02
1.631961839030355179e+02
1.456798603008444957e+02
1.559003099363355886e+02
1.504118536839622777e+02
1.576722854379360399e+02
1.625497060328184489e+02
1.426981852316592096e+02
1.519854550382713967e+02
1.704846075592757302e+02
1.477833371832210503e+02
1.614293841716373947e+02
1.432624897682959499e+02
1.591161028126974770e+02
1.526009293012734531e+02
1.645133288539215357e+02
1.503569063610707133e+02
1.589537145167126937e+02
1.651467701239243411e+02
1.606872251878825182e+02
1.674961043600483208e+02
1.612293963007765853e+02
1.703305381254806719e+02
1.692858374487979916e+02
1.700485852279395260e+02
1.376149202880949929e+02
1.430670952653833012e+02
1.584466547581233158e+02
1.648746034410802395e+02
1.620564985525610950e+02
1.523401877080015083e+02
1.560564346374840454e+02
1.557894811267821922e+02
1.560177752413205781e+02
1.417662683641082140e+02
1.600196941000817503e+02
1.459677564177554530e+02
1.511684436611709259e+02
1.604208180685984644e+02
1.580055940720765193e+02
1.477301261586730163e+02
1.564576309653286046e+02
1.521920898526205406e+02
1.597296780617969603e+02
1.623452603975069906e+02
1.625682882470687787e+02
1.517083843653912538e+02
1.582862230235415382e+02
1.545376143715708110e+02
1.563462459042549426e+02
1.566795150018228640e+02
1.686176859733430149e+02
1.542242272611080409e+02
1.595517852962569521e+02
1.520198547909863578e+02
1.685409679396780973e+02
1.548954714140770932e+02
1.607682273960568864e+02
1.620276894530649088e+02
1.537931668664889742e+02
1.611257434220894140e+02
1.535880882837466004e+02
1.598467475278007441e+02
1.649797072320945688e+02
1.522435921148283740e+02
1.577252750187003301e+02
1.613814838473077486e+02
1.510802401095610321e+02
1.606073347849845447e+02
1.578068693422196134e+02
1.547527173100670836e+02
1.465874577892593607e+02
1.636507264235676189e+02
1.477519497218385993e+02
1.599601789800975666e+02
1.584609455671433977e+02
1.662304283327068219e+02
1.422047187182650703e+02
1.609349863423852014e+02
1.563464375983334662e+02
1.545586720711834801e+02
1.525472943047037120e+02
1.617362254877660632e+02
1.493029769809861023e+02
1.597290248663857426e+02
1.551942887832714462e+02
1.508166313524119175e+02
1.558389209626460854e+02
1.516657510207988082e+02
1.878392133005590949e+02
1.526624734291601158e+02
1.596803660804784499e+02
1.612082287034253625e+02
1.543080464563853127e+02
1.634554060089324139e+02
1.572673070368824426e+02
1.627698505761749175e+02
1.529961015697945186e+02
1.569865441073976626e+02
1.491577942926330138e+02
1.559999408547487292e+02
1.568935565398098504e+02
1.583882420079056317e+02
1.500921595027044191e+02
1.555228014940074104e+02
1.654493298926491320e+02
1.614098361627713700e+02
1.533980273671803900e+02
1.652846366202900867e+02
1.609163432984097710e+02
1.644283802331498237e+02
1.583860001914230224e+02
1.521858958710578236e+02
1.644106688129959934e+02
1.613584985502560585e+02
1.537135197355321168e+02
1.526512381825284876e+02
1.734735356877922641e+02
1.586296223926433981e+02
1.582468228850598564e+02
1.529360982992360789e+02
1.550505318079897563e+02
1.533641146757852880e+02
1.623208627490571416e+02
1.508591746627876660e+02
1.658624311186970033e+02
1.673342794035706049e+02
1.558098400175941265e+02
1.556742438837400186e+02
1.436904820116629367e+02
1.490569560195366989e+02
1.646288618347644217e+02
1.585692537495343970e+02
1.596420115058984379e+02
1.518865328223903077e+02
1.633844440336212358e+02
1.580547790893755007e+02
1.624528375274356904e+02
1.677638199224199695e+02
1.624192468544470955e+02
1.649896907966159745e+02
1.911519842268119760e+02
1.637619594144222219e+02
1.474175250910915906e+02
1.630102368601092451e+02
1.758395510026935824e+02
1.676086552854527838e+02
1.560008811604299410e+02
1.484776668514812457e+02
1.675274810843302475e+02
1.556811576256866090e+02
1.472024899281529997e+02
1.592675457253720595e+02
1.537308513273898711e+02
1.547479071655799032e+02
1.545925330097787480e+02
1.531318646159227796e+02
1.562682330200057379e+02
1.679504335400504829e+02
1.565805467653086680e+02
1.625517284578871227e+02
1.541548052186519158e+02
1.670012175411222017e+02
1.612403597100978061e+02
1.777018330038416138e+02
1.547048687497054971e+02
1.645619157243451696e+02
1.612074241544412700e+02
1.532488267655627681e+02
1.608601906143761937e+02
1.640121970515889132e+02
1.641993858475377692e+02
1.552445106502350995e+02
1.615404527413425058e+02
1.646211874651363019e+02
1.423810949221748103e+02
1.546392668299849333e+02
1.548675687695985630e+02
1.537819218130264289e+02
1.507640901882594449e+02
1.519548616377990413e+02
1.596020504526607340e+02
1.486351142364321447e+02
1.641561779360820026e+02
1.547981359199562519e+02
1.622036271082778285e+02
1.572426415776723729e+02
1.513661355465782776e+02
1.666915385625353849e+02
1.548205333256373990e+02
1.633209602873647270e+02
1.565332528104967764e+02
1.605418470217938705e+02
1.627751296977608035e+02
1.675303047639633292e+02
1.577540147103200354e+02
1.669784482718373795e+02
1.507217754118294977e+02
1.526524286016945098e+02
1.466627493834778875e+02
1.578465672242614630e+02
1.465049018315665421e+02
1.651430480785263626e+02
1.677573652605449865e+02
1.592281131543689128e+02
1.550340991414129803e+02
1.614560512432774431e+02
1.574559848676382785e+02
1.603604004797282698e+02
1.537264136912046979e+02
1.545356635778097143e+02
1.583388901883416509e+02
1.615798401724106839e+02
1.585127833549683771e+02
1.628086198015737409e+02
1.478200891270232091e+02
1.649871016107883293e+02
1.681446811854619625e+02
1.625364891861976560e+02
1.555506366883194858e+02
1.573623806721468554e+02
1.531362988172922144e+02
1.473561533562442492e+02
1.477896090553162480e+02
1.527882572711585567e+02
1.629327549863918136e+02
1.632755756298934671e+02
1.559164999160800562e+02
1.636466031080517212e+02
1.567469976733252679e+02
1.537960111254794811e+02
1.548413935551689633e+02
1.503254393889356777e+02
1.513153610246108656e+02
1.529814686380101989e+02
1.489727426834548965e+02
1.409568506291936103e+02
1.557659346498645903e+02
1.638373575593898579e+02
1.366595067345060670e+02
1.587402073113097174e+02
1.640234232656961240e+02
1.613929643448118441e+02
1.547748838269900489e+02
1.443218806169967081e+02
1.558408844950085665e+02
1.641767308993670724e+02
1.424756203262302563e+02
1.656683083763531386e+02
1.566752076229053046e+02
1.596503088687611012e+02
1.518341677591780865e+02
1.607715352028555174e+02
1.590790263455691900e+02
1.424540558711591132e+02
1.563344041753041438e+02
1.531617596324549879e+02
1.459118355366670698e+02
1.562842483071463846e+02
1.592356609125371563e+02
1.636973878824829569e+02
1.440589674693914333e+02
1.734594456490628716e+02
1.534708656128581765e+02
1.730369745575094385e+02
1.512498476313923561e+02
1.560323524514211044e+02
1.594948446915164482e+02
1.483933458112899473e+02
1.491750143017896164e+02
1.577406447224853707e+02
1.587668958392045795e+02
1.508699881350274268e+02
1.683120459962925963e+02
1.607260874781926532e+02
1.563364858504185406e+02
1.547039217401984388e+02
1.632684319959365098e+02
1.391730994549142224e+02
1.453444984024851010e+02
