1.023278072349336014e+02
1.016352574210977195e+02
1.007325441796164966e+02
1.013764872883083257e+02
1.010148871178403454e+02
9.971942134024762083e+01
1.013974340804489316e+02
1.010022724811555861e+02
1.016645431177662715e+02
1.004707689924482281e+02
9.999228720285650240e+01
1.018999471129961307e+02
1.025592202815934968e+02
1.003445489042401277e+02
1.014357883495613919e+02
9.872236309247277575e+01
1.010370448893178263e+02
1.012425524079445722e+02
1.014100425206543861e+02
9.968736446407437768e+01
1.019003240062687610e+02
1.021185049232589108e+02
1.010360282153580300e+02
1.024170418380415128e+02
9.888344522029720451e+01
1.006637963733840735e+02
1.022966786374151695e+02
1.017497285956675199e+02
1.000100997660923809e+02
1.023278854669341769e+02
1.005264066973943216e+02
9.964667616822011098e+01
9.942844303163141717e+01
1.014761282214857658e+02
1.017819319330984769e+02
1.029210311806136673e+02
1.021978882342698114e+02
1.011548265411509249e+02
1.014246279148589878e+02
1.010720948822619363e+02
1.017158775668125656e+02
1.012390441296678034e+02
1.008730906030032770e+02
9.821612050603981459e+01
1.015016872939532675e+02
1.022106685272269004e+02
1.007565864520436207e+02
1.015182080236189108e+02
1.022736071376502451e+02
1.008022310350406912e+02
1.005467025711210454e+02
1.016539123583575730e+02
9.884279351947084535e+01
9.988999047559872224e+01
1.025301788685973747e+02
1.018714219588832890e+02
1.013670856367927087e+02
1.000868466004179851e+02
1.008955854665972254e+02
1.011936950396969905e+02
1.016990057094944575e+02
1.008981022042017486e+02
1.026587438136870105e+02
1.027568966315491110e+02
1.009658234651163156e+02
1.010609524309588636e+02
1.018602024074988464e+02
1.008744157274831110e+02
9.990522849056124244e+01
1.004627548556271961e+02
1.015139319358868590e+02
1.023988579464284641e+02
1.014588236432466601e+02
1.023041319695534241e+02
1.020573339482946267e+02
1.008149191181231288e+02
9.923607652535289958e+01
9.926201097165140652e+01
1.014101011119354467e+02
9.816540397223923264e+01
1.005424576434520958e+02
1.027972205476062442e+02
1.022895356737310095e+02
1.007549113704478430e+02
9.965355198191851116e+01
1.016894995187437161e+02
1.007889364638533465e+02
1.025150333228716590e+02
9.914535924543719148e+01
1.005139925502808751e+02
1.029042761925067708e+02
1.004887247070297605e+02
1.021347784778103289e+02
1.019561287617916179e+02
1.018875913589345288e+02
1.020001202473556674e+02
1.010230373180592380e+02
1.022258567080991298e+02
1.024415319546898786e+02
1.020181959398901057e+02
1.007856189145082624e+02
1.010380825268859013e+02
1.012715973328817682e+02
1.010049641858907421e+02
9.999304534054826377e+01
1.026938265013741329e+02
1.023369782543377937e+02
1.024343630231264939e+02
1.011886311503592850e+02
1.009242439175154971e+02
1.017566988096730825e+02
9.928615571903903003e+01
1.014883195182159596e+02
1.018810922419223886e+02
1.000334059429438724e+02
1.018465614246586313e+02
9.987319794517382832e+01
1.014422460895571874e+02
1.012672478213561646e+02
1.004542253246447103e+02
1.021315863138353421e+02
1.013937807298749618e+02
1.013224020227994799e+02
1.003140709157818975e+02
1.020355302220704061e+02
9.752830441391282079e+01
1.007356400205092513e+02
1.008062807790134059e+02
9.863629413264897039e+01
1.002856918028835196e+02
1.024223659336520313e+02
1.016914256574036557e+02
1.011715712953833872e+02
1.011043917281208593e+02
9.927105387857741903e+01
1.015400908860657410e+02
1.007110797313023340e+02
1.007311428773095798e+02
1.016370870445398680e+02
1.023207293638987494e+02
1.015078793759737152e+02
1.013373921024231237e+02
1.013819227510578997e+02
1.022956981392633224e+02
9.956360147532821259e+01
1.012575593028869463e+02
1.018743528435062586e+02
1.007687285032374831e+02
1.016436567106749891e+02
1.011905730336476097e+02
1.015230832684999314e+02
1.023363359293043544e+02
1.024189914518632065e+02
1.021923391928644804e+02
9.936097703845985052e+01
1.010740953739173733e+02
1.004099530237019025e+02
1.007230427320282899e+02
9.880764543460496441e+01
1.014967571493098575e+02
1.012345078208893483e+02
1.005808865481354246e+02
1.018576241421010309e+02
1.015508961703320949e+02
1.011136341812266011e+02
1.018828690816657598e+02
1.015924579817429247e+02
9.981649113536253992e+01
9.952828087335451812e+01
1.011582098609367364e+02
9.924673192298878632e+01
1.011205441570589301e+02
1.020178862002845790e+02
1.018995998113816626e+02
1.006146249097418064e+02
1.013404669423541122e+02
1.020848142800899154e+02
1.014399804886644745e+02
1.013868474090853766e+02
1.010174297574330069e+02
1.019716569169275431e+02
1.007240830906145277e+02
1.025713422340406140e+02
9.948775986083690270e+01
1.017405586294783291e+02
1.010681734674824384e+02
9.886102900949958894e+01
1.007589697572942811e+02
1.017256077600605835e+02
1.013201241184696499e+02
1.028520166970938448e+02
1.018787629595948374e+02
1.012063600580273146e+02
1.017607090627756037e+02
1.002564155297242081e+02
1.024892609066404390e+02
1.023949402533974506e+02
1.014189838663963599e+02
1.021223276157388398e+02
1.011793951903386102e+02
1.009383241003295382e+02
1.009017999569233552e+02
1.008853849377138516e+02
1.016986093679880696e+02
1.020428473001569500e+02
1.017587428966294993e+02
1.001218960243165554e+02
1.022085597439492091e+02
1.008374713674606795e+02
1.014292456569969687e+02
1.020202189331371301e+02
1.016048555599814307e+02
1.006157696231724685e+02
1.016001781086837923e+02
1.018369125835783819e+02
1.023469134259102873e+02
1.023847271541617800e+02
1.019030687348786728e+02
9.948102489332669052e+01
1.008040562525987696e+02
9.893744950363412727e+01
1.000526209957459969e+02
9.964908282219339242e+01
1.009744200183488374e+02
1.012849211759241257e+02
1.024025068542696602e+02
9.971505375934951587e+01
9.900506499342247935e+01
1.004149011782119061e+02
1.032489449653411242e+02
1.027118842140138213e+02
1.023933105693682961e+02
1.018620212365295714e+02
1.017957636972796109e+02
1.004891156443441247e+02
1.018337867472507128e+02
1.011455312193958065e+02
1.015006909514535209e+02
1.021914765948783668e+02
1.013839738446082919e+02
1.022094374095657798e+02
1.013788104668632144e+02
1.014688139245100302e+02
1.008274222455425218e+02
1.008166379881603660e+02
1.031280791816124633e+02
1.012767827674737191e+02
9.849312324962113507e+01
1.008330986075689992e+02
1.024156017999704886e+02
1.026356394542008701e+02
1.018982674050647717e+02
1.015165952614685523e+02
1.007057805313123424e+02
1.019981231559617498e+02
1.011858951545739558e+02
1.029816499189529537e+02
1.005422100657019797e+02
9.951233029160462706e+01
1.014285906916763622e+02
1.018386456313049422e+02
9.912187460827733787e+01
1.011611533005051342e+02
1.011079636267069759e+02
1.022341291964119279e+02
1.020149183080922768e+02
1.012022300235852583e+02
9.999226661168411567e+01
1.021139477414404979e+02
1.017300876777144083e+02
1.008608611268019359e+02
1.009371046268455672e+02
1.015005555201172882e+02
1.010451864088466323e+02
1.006750876628998697e+02
1.005393162405360528e+02
1.018694733348116301e+02
1.005256411709142839e+02
1.009852749600606074e+02
1.023612021621884764e+02
1.001024517615828699e+02
1.007971155602354543e+02
1.017127505192113972e+02
1.012298303250344418e+02
1.025201276788953635e+02
1.023815763676343522e+02
1.000368246078379428e+02
1.013940990656549133e+02
1.012360282789636443e+02
1.002266265529440687e+02
1.001694414585493575e+02
9.989577730551548029e+01
1.000231195645621085e+02
1.009192861759895408e+02
1.013973275958793181e+02
1.005395351587897181e+02
1.009862127887271299e+02
1.013580534090837517e+02
1.013062484795190414e+02
1.010937578978119404e+02
1.011071585490917784e+02
9.892399651662353222e+01
1.015455491255726628e+02
1.000817478102743650e+02
1.000909697932424081e+02
1.022951712170438867e+02
1.008954972390523182e+02
1.024399791464889375e+02
1.019662858336158138e+02
9.947497712854296026e+01
1.001614077229583586e+02
1.027557442512074459e+02
1.023582369926702285e+02
1.031525552981989478e+02
1.016284935186263141e+02
1.011698244790974996e+02
1.020130764552559697e+02
1.022395249044708976e+02
1.012405127901257913e+02
1.021112604508427921e+02
1.000760462218327405e+02
1.017144357269694979e+02
9.907861653290036941e+01
1.007441502926712786e+02
1.002788793673766747e+02
1.010916509727668000e+02
1.024818798801079396e+02
1.010138054224671862e+02
1.008558254572274109e+02
1.007597599743455703e+02
1.016316802913537316e+02
1.018716262380452804e+02
1.006256135015599398e+02
1.026987068507755225e+02
1.024523519504936360e+02
1.005741883995654007e+02
1.023707167413150927e+02
1.015869898413298671e+02
1.006585716593340010e+02
1.012661526311123765e+02
1.018726074091913176e+02
1.012274661661731017e+02
1.016229462017640515e+02
1.014838822194756887e+02
1.023940519467517731e+02
9.942517826594971098e+01
1.021968712972002038e+02
1.007517395570091878e+02
1.022910794338211389e+02
1.025127058876585266e+02
1.014618443317366712e+02
1.016616439511766714e+02
1.016136003464600037e+02
1.020749415941461962e+02
1.018383834824794860e+02
1.013447251101247986e+02
1.023931463232655119e+02
1.016830681445812843e+02
9.947171836567110859e+01
1.021687510510794823e+02
1.020112552856039230e+02
1.025131480186935562e+02
9.965002277662698305e+01
1.016821352508328857e+02
1.000512576216040230e+02
9.994213117052893836e+01
1.018509623218486126e+02
1.024911814704248627e+02
1.029750432963957962e+02
1.019519574056509867e+02
9.992547391897998921e+01
1.009403498857589483e+02
1.006255412595672567e+02
1.027086702414695196e+02
9.978333009214327376e+01
1.024137126063778993e+02
1.016295558599568949e+02
1.028790607976811060e+02
1.003349825168447609e+02
1.015766136127421646e+02
1.019587570284968194e+02
1.018178316140500783e+02
1.024688778394684192e+02
1.022799088380821075e+02
1.009847378216069131e+02
1.015434076876333052e+02
1.006898583451900606e+02
1.019393591399993682e+02
1.007155591131392924e+02
1.018739808794995838e+02
1.007716734394878131e+02
1.009116416331566910e+02
9.977136240347567764e+01
1.017008513505365670e+02
1.001655886759441358e+02
9.902160718930326766e+01
1.022799437654847310e+02
1.026947997384117883e+02
1.019084638765240101e+02
1.024588309657899714e+02
1.005635535087473755e+02
1.015008760318458059e+02
1.023106517841406173e+02
1.015654867550795899e+02
1.008078962513143182e+02
1.014833606494674427e+02
1.008557821204662304e+02
1.022045053768083420e+02
1.005719285912215639e+02
1.017966673133419846e+02
1.009479669480258650e+02
1.018545113090742404e+02
1.014331757548954300e+02
1.023650908308997742e+02
9.957363897461723923e+01
1.003700083773406249e+02
9.967444186226650515e+01
9.923774543698691275e+01
9.948564014474767703e+01
1.010003211746942213e+02
1.005684832948418403e+02
1.008525138606522233e+02
1.008021753444196662e+02
1.008773288530101979e+02
1.015664419466694852e+02
1.005772766107954084e+02
1.008894345890078625e+02
1.023379240645151640e+02
1.023935889085866506e+02
1.007036634938130106e+02
1.004850916257780113e+02
9.990984480501339249e+01
1.014308205619305312e+02
1.017718821123000197e+02
1.026412169156493661e+02
1.005788236870858867e+02
9.965216868333983768e+01
1.006769120001196853e+02
1.015036204277416658e+02
1.018364883165433952e+02
9.977638642902951460e+01
1.006392176035707848e+02
1.004794163616364813e+02
1.026463149919677562e+02
1.010032578837089261e+02
1.008323082059603166e+02
1.001227926767207634e+02
1.027435760417999688e+02
1.027274341441486030e+02
9.987123484716937583e+01
1.007798682467686007e+02
1.012783975117681479e+02
1.028474411547835956e+02
1.022884804633883817e+02
1.021294196625631372e+02
1.022785214334875405e+02
1.000602346029225771e+02
1.026462288482394030e+02
9.923285270494223198e+01
1.026974603337282304e+02
1.013965551824877025e+02
1.021549306084774429e+02
1.017182473822403637e+02
1.024152204571999647e+02
1.010358386473525343e+02
1.019909133710684301e+02
1.007455854975031713e+02
1.020643847636925017e+02
1.025354883737498852e+02
1.019230890280371540e+02
1.017917420447617758e+02
1.017071607388378993e+02
1.024054688143460083e+02
1.019747870234614169e+02
1.021288645422039565e+02
1.012553107215166079e+02
1.011552921776734308e+02
1.022633807416958689e+02
1.003774918258646522e+02
1.000510254725310944e+02
1.017537345053609528e+02
1.008778334058839761e+02
1.019295742115648409e+02
9.993540398869943431e+01
9.934139764102455672e+01
1.024945935662463370e+02
1.025328755874009801e+02
1.019105025452626876e+02
1.011247739622043440e+02
1.014837394397845429e+02
1.025394304847130513e+02
1.016350579393245255e+02
1.020719456525398385e+02
1.006827748724194294e+02
1.005018623416759027e+02
1.004525474158571967e+02
1.021657372224228482e+02
1.011559744219323562e+02
1.016031541935447535e+02
1.018700544539131272e+02
1.018714953608475611e+02
1.019275793572431468e+02
1.007555464542945884e+02
1.004077735045850233e+02
1.009969306947840408e+02
1.009401494820350820e+02
1.030671500017223821e+02
1.024456813789708605e+02
1.013781980922548058e+02
1.008718315669931513e+02
1.007392993485461972e+02
1.019005157618764770e+02
1.021306227918565241e+02
1.003649236421799316e+02
1.006228532823883057e+02
9.759990404307748690e+01
1.023826247896160879e+02
1.027375403365651181e+02
1.014582127747572997e+02
1.016845429554544324e+02
1.016134268968906298e+02
1.015103602842958708e+02
1.018761611100984794e+02
1.017192927971696434e+02
1.024109814974190726e+02
1.000562885684594505e+02
1.022218111024126443e+02
1.016420318796336630e+02
1.013882754721091999e+02
1.014953757148841333e+02
1.020023531792108002e+02
1.011892923732595477e+02
1.003376013772059281e+02
1.009988860638467543e+02
1.006974186805104807e+02
1.014274402755033293e+02
1.013781727158296917e+02
1.003046113255955305e+02
1.003712163625275764e+02
1.007424431221988073e+02
1.005154930413728636e+02
1.022003758692648319e+02
1.015622418380342395e+02
1.007808082525441478e+02
1.018747402521623258e+02
1.026620574754569617e+02
1.022786483415374477e+02
1.009817811543261570e+02
1.020657642383780370e+02
1.007869694854384335e+02
1.023867974287858260e+02
1.013943100908696664e+02
1.009077070465786363e+02
9.925423354124184527e+01
1.007158417527508050e+02
1.000270970185249979e+02
1.008654208375057237e+02
9.929294285646825813e+01
9.978716240568552109e+01
1.016167356174476453e+02
1.017009520254535602e+02
1.027242123988578157e+02
1.026036836016410945e+02
1.021086217606561206e+02
9.999984792865998884e+01
9.989799986447206948e+01
1.018944919545957788e+02
1.007929793842388335e+02
1.012420149787319872e+02
1.027017657190263265e+02
1.012948447522185802e+02
1.011760311244782002e+02
9.993550621387920785e+01
1.013913659814940758e+02
1.028155807747961887e+02
1.022784563298104388e+02
9.996783767044917113e+01
1.015030734755247863e+02
1.023444829640155689e+02
9.999683950014039624e+01
1.021433509872844496e+02
1.021432209514128004e+02
1.014582580268662468e+02
1.017915633023520883e+02
9.906132165095395692e+01
1.023286919139819275e+02
1.009643524798126890e+02
1.019550318882754141e+02
1.016073783357832525e+02
1.002413323256727296e+02
1.013772555038230507e+02
1.023861880680713767e+02
1.016857591513581553e+02
1.011535445134053077e+02
9.993847008233238682e+01
1.007686642435342037e+02
1.011475425159568005e+02
1.013571734002036919e+02
1.012649350716546195e+02
1.011175340513298266e+02
1.006230973826153274e+02
9.929463826887402433e+01
1.024012213659696329e+02
1.020931629337836029e+02
1.033634299453664624e+02
1.000606735031576875e+02
1.022945840527061421e+02
1.002328170063849484e+02
1.025698826259160370e+02
1.024823626120137021e+02
1.015181963513279300e+02
1.008078646524744073e+02
1.019764724572263646e+02
1.022305276109846375e+02
1.032053057970581591e+02
1.019497633362701094e+02
1.014822105340166019e+02
1.000345245258863969e+02
9.910226431709435246e+01
1.018761301470780722e+02
1.016224124967781819e+02
1.015062948681814561e+02
1.018623008345952314e+02
9.971466435832437014e+01
9.828804581713117727e+01
1.006595471985386752e+02
1.019119376133792088e+02
1.006294321928769335e+02
1.004967701200814929e+02
1.019291510762823805e+02
1.014705776049504067e+02
1.024631597807845083e+02
1.002993130274033149e+02
1.030014766099490231e+02
1.012832499189740076e+02
1.026269179875245356e+02
1.014837145025962997e+02
1.008810690332790898e+02
1.012808039083303839e+02
1.003875048814034159e+02
1.005912862288607243e+02
1.006537219906477247e+02
1.019681877269595844e+02
1.000010395534988561e+02
1.009863007869543452e+02
1.001046567756859531e+02
1.028320919163823106e+02
1.025049434397518695e+02
9.965801650973781989e+01
1.013253320588544000e+02
1.013711567699518099e+02
1.011802860548039860e+02
1.017208747682813623e+02
1.026633620214276021e+02
1.022360847052223960e+02
1.014634455463401963e+02
1.020463048906363497e+02
9.865201639931555633e+01
1.012037004857724583e+02
1.021450248837349903e+02
1.015976101703103609e+02
1.027175013150954612e+02
1.016971186860417902e+02
1.019724193294160131e+02
1.012781238124305361e+02
1.019266533776251578e+02
1.007496901020258662e+02
1.007795679154861688e+02
1.013978397068912187e+02
1.010460027268398591e+02
1.016728135344954183e+02
1.008948287442103009e+02
1.018377472051074761e+02
9.916129405012912912e+01
1.002505356913795680e+02
1.026690612653475227e+02
1.009718962380308653e+02
1.018138665824597666e+02
1.023747556217927439e+02
1.010999363318765489e+02
1.017894795423354992e+02
1.023232871870826983e+02
1.011361929039498762e+02
1.014433389352234087e+02
9.946106071187369935e+01
1.022596322417128789e+02
1.012787077282089712e+02
1.012375272820619898e+02
1.024893148861387715e+02
1.021258142507439430e+02
1.012993080427395114e+02
1.024817840548809613e+02
1.005220212051495849e+02
1.004862330941781465e+02
9.960344030248187153e+01
1.008097801061840784e+02
1.008870980473495962e+02
9.980837064683716164e+01
1.015419826065367062e+02
1.008399274178072744e+02
1.019643778554070792e+02
1.003637255622390683e+02
1.018302222477970673e+02
1.013233240545615530e+02
1.021906645823745095e+02
1.024948124028043850e+02
1.000005887970151406e+02
9.976362598238699775e+01
1.028528860288346181e+02
1.011744994157077713e+02
1.015937627673242218e+02
1.018797575379246894e+02
1.013841079774023939e+02
1.012885796700734602e+02
1.018298498791139508e+02
1.013021680968608678e+02
1.020634675047891164e+02
9.915856054356321181e+01
1.012693981156395751e+02
1.013816512732207826e+02
1.025551046834746387e+02
1.005543990037580926e+02
1.020330855096792817e+02
1.017213396248845356e+02
1.017756307231401962e+02
1.011703487750263832e+02
9.997507741058524289e+01
1.017391321141663951e+02
1.025741609732052382e+02
9.920859861595648965e+01
1.030590181169295647e+02
1.003526155868237879e+02
1.013417165824640591e+02
1.016984328347397906e+02
1.023544145912062362e+02
1.013557543556420200e+02
1.023526332470532481e+02
1.010729285578541408e+02
9.923731171141844243e+01
1.020894399303933540e+02
1.009271176743684322e+02
1.003377791315028418e+02
9.890698053887300034e+01
1.004292546837627924e+02
9.964664611717685716e+01
9.955669695035554412e+01
1.006314801559764902e+02
1.001661049735778874e+02
1.001757864774391038e+02
9.999034571657422532e+01
1.013184427078124088e+02
1.009055278387283892e+02
1.023527600790373953e+02
1.006469487912198559e+02
1.013289127627229362e+02
1.016178348845895414e+02
1.023966282126139902e+02
1.013659940992062900e+02
1.005313705973708949e+02
9.973335606866982062e+01
1.022444588417345699e+02
1.017492679099040060e+02
1.023921570559879797e+02
1.015074962886693015e+02
1.011646210643649084e+02
1.010351585323037540e+02
1.025546385464817263e+02
1.005574294526949473e+02
1.023271923894854325e+02
1.023054623056734016e+02
1.006197737817717694e+02
1.002913339551333394e+02
1.021955654608625963e+02
1.013823675669226816e+02
1.025540555345481266e+02
1.004772497842023142e+02
1.013311195850074284e+02
1.008521783926356647e+02
9.986652928182390099e+01
1.028062122026737768e+02
1.011622712685810370e+02
1.019559359832294234e+02
1.011020835127551152e+02
9.947871056639496601e+01
1.027812825229829201e+02
1.018209370333636201e+02
9.998216453417762750e+01
1.015318251133458745e+02
9.968335863701999244e+01
1.007067515700282598e+02
1.014347942478889593e+02
1.026126243928801216e+02
1.009657973135998503e+02
1.016311524940952609e+02
1.009661837684474932e+02
1.013788837596746220e+02
9.964376463172956733e+01
1.012513522025160455e+02
1.004671501200534465e+02
1.010669330678591535e+02
1.022059503553826403e+02
1.009342042142646392e+02
1.011314169814046409e+02
1.021521941478420104e+02
1.020438388860849699e+02
1.024791947016408642e+02
1.016272679842729190e+02
1.011981926177367512e+02
1.021941474812626893e+02
9.747367613642103379e+01
1.016014268661765385e+02
1.004583412330122627e+02
1.012956164861349322e+02
1.010786370854126233e+02
1.009666804934674929e+02
1.015277809213371967e+02
1.010639856896018642e+02
1.025574745673639683e+02
1.008531396434195386e+02
1.026224887951323694e+02
1.016730905290711604e+02
1.010773549814410472e+02
9.980856458857842028e+01
1.021642662121402054e+02
1.016400500206286068e+02
9.942614015033282726e+01
1.001908168148808187e+02
1.020741043922863867e+02
9.934691381854004533e+01
1.012384087283425060e+02
1.008436312315594421e+02
1.013532244961559741e+02
1.023677309873597636e+02
9.958949824639782378e+01
1.004372348740408256e+02
1.029117303814021938e+02
1.018449078521449138e+02
9.854409520066809591e+01
1.018421800515931039e+02
1.011541297733327411e+02
1.023183210346307561e+02
1.031832497242912581e+02
1.018241992012169277e+02
1.007335299487784539e+02
1.028885993317132801e+02
9.997221286885533686e+01
9.797789186997432864e+01
1.014654837991483447e+02
1.015775390225332160e+02
1.019687893773922696e+02
1.018116155779324430e+02
1.010870922500481868e+02
1.009613025313196744e+02
1.007985408615563045e+02
1.015886472513135459e+02
1.009475211571473636e+02
1.008547868834808412e+02
1.003619234328363063e+02
9.954269535271077984e+01
1.005491071161869883e+02
1.005597191327596107e+02
9.868461022265255167e+01
1.007185717960651914e+02
1.017205602032579463e+02
1.007708301334576646e+02
9.865271422078832586e+01
1.007988216736055875e+02
1.008869583352245343e+02
1.019509881125595427e+02
9.971989550401549707e+01
1.008411937092840702e+02
1.016487969987560120e+02
1.001777889104941863e+02
1.019432331446129893e+02
1.011895013458905765e+02
1.017813376857219225e+02
1.012784540520561904e+02
1.013797772506009807e+02
9.920805706909764865e+01
1.006119374837297897e+02
9.954138621322252334e+01
1.015987464269697682e+02
1.003706674046097334e+02
1.009150005806814931e+02
9.918198891605716483e+01
1.012806289596408647e+02
1.006288214904256222e+02
1.014434875841131429e+02
1.007768083981210339e+02
1.010955388018563355e+02
1.001952323826653952e+02
9.955506548518221166e+01
1.018889234296912321e+02
9.935084330844878764e+01
1.001403444044850772e+02
1.008701804704964218e+02
1.019140782435340782e+02
1.018546868495941169e+02
1.014896324847685207e+02
1.013403395750038385e+02
1.023828726469213137e+02
1.003326571269389262e+02
1.023201817714171540e+02
1.009972322011198855e+02
1.003034610956702437e+02
1.003051998032024130e+02
1.022934685150599137e+02
1.018139029244016882e+02
9.943307065116520960e+01
1.015832057015709609e+02
9.878245682770759117e+01
1.014783151918835955e+02
1.007730903414944237e+02
1.003684974717395448e+02
1.001115433222297639e+02
1.012757087915809819e+02
9.930447399825044386e+01
1.026079303859425664e+02
1.023816651584478166e+02
1.025273233477333577e+02
1.010395148044480038e+02
1.022676874874159694e+02
1.008770118132643461e+02
9.859954036817234169e+01
1.022268231096742710e+02
1.022343598984703448e+02
1.002552365644741741e+02
1.013323330730907657e+02
1.009926100085424281e+02
1.026646503927642442e+02
1.026823193210968697e+02
1.004406708173276854e+02
1.009137202405780585e+02
1.013528445144575159e+02
1.008221136640664213e+02
1.028827895720088890e+02
9.923895071399024914e+01
9.860072738482895716e+01
1.006615818488607204e+02
1.011719936635605990e+02
1.007139339578626647e+02
1.020228649115432091e+02
1.021279900424005405e+02
1.020588036745740084e+02
1.013065260206880112e+02
1.008831394766448000e+02
9.993250170792639153e+01
1.017495009322054642e+02
1.009698637813515916e+02
1.012535793572254477e+02
1.012264783263262302e+02
1.013241569588202964e+02
1.031843321792753443e+02
1.017123876980971602e+02
1.015957952998299163e+02
1.018915650117192371e+02
1.020325240882104225e+02
1.009130160114932835e+02
1.000207465829895739e+02
1.011464842430520861e+02
1.011890823363466154e+02
9.985778906616661743e+01
1.008630131025165326e+02
1.021594393172338613e+02
1.019599155816789704e+02
1.011461034054523367e+02
9.837728726420272096e+01
1.022083211384024537e+02
1.009701685081506213e+02
1.018343451591776727e+02
1.010347333904411613e+02
1.013111738877538528e+02
9.908615333240199163e+01
1.010326575864860814e+02
1.017087678938945743e+02
1.014857438155831773e+02
1.015421994014987774e+02
1.014780687594264776e+02
1.013234169150544375e+02
1.015256179606057714e+02
1.007728714189203458e+02
1.013121802228223487e+02
9.916535911279264326e+01
1.012634149907445504e+02
9.926527640079427783e+01
1.018219915946517204e+02
1.018481358723137475e+02
1.013132867962243040e+02
1.026732020148979529e+02
1.025260255306195489e+02
1.023760802379026984e+02
1.003361111652692728e+02
1.022466913744406725e+02
9.874761565465387037e+01
1.012295278886565910e+02
1.022442610580902596e+02
1.018043430883772658e+02
1.004737733418131285e+02
1.006596913745999302e+02
1.027619147830270236e+02
