2.242535388573031014e+03
2.174862003897766499e+03
2.347095263243586032e+03
2.004403995327048051e+03
2.024905483181694535e+03
2.109534797762269136e+03
2.146373323972838079e+03
2.007334981055270873e+03
2.027170655213634518e+03
1.998689224085180058e+03
2.187370740775163085e+03
1.983990513935966419e+03
1.957707414372469202e+03
2.722881416846170850e+03
1.964951761143681551e+03
2.295527662724934544e+03
1.880073572394380335e+03
1.733477549568330005e+03
2.015187250182311118e+03
1.622495458239299296e+03
1.990445608717951927e+03
2.023135961451086132e+03
2.277154602579018956e+03
2.078182082391833774e+03
2.135610492903796057e+03
2.018770842385838705e+03
2.235790604223022456e+03
1.965172003892776502e+03
1.973905062911921277e+03
2.145439987215918336e+03
2.240867735917132450e+03
1.949626581781826872e+03
2.026449816328814222e+03
2.071433856434618065e+03
1.987828215865221864e+03
2.059152077908730007e+03
2.012257818136677088e+03
2.022053638553502878e+03
2.125766993434524011e+03
2.321825412641478579e+03
2.075350775911469100e+03
1.981884893047760215e+03
2.202963061799445313e+03
1.420471385489621298e+03
2.150962527205695551e+03
2.058663422223668476e+03
2.176509489390355611e+03
2.065094944115025100e+03
1.947875720482150200e+03
1.883327464446721706e+03
2.202361192626901811e+03
2.019822876809810396e+03
2.207805971323523863e+03
2.240691397577148109e+03
1.975073755383467415e+03
1.974874853650967680e+03
2.077273388440101371e+03
2.096926646652324962e+03
2.029654975916517969e+03
2.053967896176653085e+03
2.005915922710298673e+03
1.911947683583427306e+03
1.970642280129241726e+03
1.978849402981338017e+03
1.961113225018592630e+03
1.845501595178241814e+03
2.243203910557979725e+03
2.024403174789603781e+03
1.879045389875235060e+03
1.720059657455877414e+03
1.925903826642218064e+03
2.015858639837431610e+03
1.982733340842494727e+03
2.103705364588106931e+03
2.055648796135549219e+03
1.938780600297642877e+03
2.745642244642313472e+03
1.974295041349472513e+03
2.096703569247743872e+03
1.398785224373953497e+03
1.866371177076905951e+03
1.963680135549227771e+03
2.068899188350763325e+03
2.384435168085824898e+03
1.874296099173869834e+03
3.136255504841815764e+03
3.001755670681975971e+03
1.917105728179757534e+03
1.836616684110613505e+03
2.124822326816237364e+03
1.939866084118688377e+03
2.184383414979402005e+03
2.131515306408113702e+03
1.893590882124906329e+03
2.127982217754471094e+03
1.996823009259290075e+03
2.396062423763303286e+03
2.017481049843866458e+03
2.128496646222907202e+03
1.947986038423942318e+03
2.415488507841389492e+03
2.081903469133044382e+03
2.353343555021543125e+03
2.541887472822593736e+03
2.068873364645048241e+03
1.964391665053336055e+03
2.167745347818751725e+03
2.085599319134177676e+03
2.323444013197886761e+03
1.902125976276375241e+03
1.875567482680550711e+03
2.420846742544796143e+03
2.011892694811526781e+03
2.032529921349216238e+03
1.938494216931747360e+03
2.082198980391091482e+03
2.304327406545614849e+03
1.954157227614199655e+03
2.131229040490577972e+03
2.170147579958110327e+03
2.033267925286325635e+03
1.952474801943246348e+03
2.170991873523496906e+03
2.014945328722642671e+03
2.191772088872765380e+03
1.952295770225590104e+03
2.183735911160252272e+03
2.509206214527342581e+03
2.261932179926738172e+03
2.709624436078448070e+03
1.966644382892214708e+03
2.431245881237126923e+03
1.899541049371096278e+03
1.932949964014497482e+03
1.813489047764589941e+03
2.145963073922915555e+03
1.867662212719337958e+03
2.255822047083358484e+03
2.241078915710960700e+03
2.054182792974790573e+03
2.139240064254717709e+03
1.959628631904840404e+03
1.917665636920783754e+03
2.196334332968482613e+03
2.646162985343068613e+03
2.026760813372995699e+03
1.995728452553980105e+03
2.121680932922549346e+03
1.931289408639073372e+03
2.438798495890662252e+03
2.107680293105778219e+03
1.958814005956458004e+03
2.132871074479020990e+03
1.954676820381812831e+03
2.634712816881941762e+03
1.921864122568653784e+03
2.254683958552409877e+03
1.945713703646093563e+03
1.706098524926605705e+03
2.050323494175714586e+03
1.878735088956477966e+03
2.030289160185333230e+03
2.070632064021344377e+03
2.180368170692294825e+03
2.066712828583343708e+03
2.083009903621970807e+03
2.037050692066241027e+03
1.989029271950386374e+03
2.161274882287985747e+03
2.264220798810595625e+03
1.902319585365685725e+03
2.025612530222049827e+03
2.138351793865028867e+03
2.187286263117868657e+03
1.860610730439321060e+03
1.971796675285944730e+03
2.295716123085631807e+03
2.304553775192837293e+03
1.806769407874681974e+03
1.885432029786845760e+03
1.939795650245891920e+03
2.021972031480804162e+03
2.011587715684582463e+03
2.001760767773766929e+03
2.021959541049269092e+03
1.949995086023258864e+03
2.534206889800274894e+03
2.018415709667708825e+03
1.976716188810009498e+03
2.147892697584130019e+03
2.019725581467034317e+03
2.170574863907079362e+03
2.046274694736385754e+03
1.965771871679142123e+03
2.188807948469704115e+03
2.143261817758288998e+03
2.082794778986802157e+03
2.198479129965440279e+03
1.989749284310444182e+03
2.173529367922824804e+03
2.122229335341002752e+03
2.098199577679552931e+03
2.152808329734155905e+03
1.926885503134721830e+03
2.030761048055075207e+03
2.062291113614104688e+03
2.114903865521969237e+03
1.925300801813438511e+03
2.483984849876943827e+03
1.900778630094995833e+03
2.050381271423147155e+03
2.015521351212027412e+03
1.958105328217451415e+03
2.049533329099107505e+03
1.938257781683029634e+03
2.056579776723924169e+03
2.094003204537305919e+03
1.967568918907968282e+03
2.226387278305396649e+03
2.476064965640295213e+03
2.383680942612769286e+03
2.382228144735807746e+03
1.923477484192183283e+03
2.025864555975522762e+03
2.026014140744477572e+03
2.073376071663984021e+03
2.137149829266413235e+03
2.704529453496048063e+03
1.990539604716328995e+03
2.076533005354443503e+03
2.054454090149921285e+03
1.975587326527894447e+03
1.962716098451132893e+03
2.035954293444340010e+03
2.026107109068564114e+03
2.118572237843948642e+03
2.016295805767004367e+03
2.033631666252715604e+03
1.932314070900403976e+03
2.164837715156043942e+03
1.983750823057218440e+03
1.896103292357185865e+03
2.145067470051743840e+03
2.183067965691544941e+03
1.964707457279466098e+03
2.076672543649473027e+03
2.105042314104030993e+03
2.179464229537243227e+03
2.203758096942008251e+03
2.023853362531663834e+03
1.932189546070549568e+03
2.277495979966266987e+03
1.956460104094291182e+03
2.047669044499888059e+03
2.309214104571315602e+03
1.852962199113856968e+03
2.035370762815027547e+03
2.205293208149276779e+03
2.365787939486801406e+03
2.179525314187968888e+03
1.888862335707534157e+03
2.442122198666349050e+03
2.005817765526404628e+03
1.981327400181425674e+03
2.061945138085559847e+03
2.031527960872082076e+03
2.216374357635889282e+03
2.199899925144824920e+03
1.953750667728621465e+03
1.926974282137983437e+03
2.022816559985724325e+03
2.406955325492328029e+03
2.042960581805139782e+03
2.413379624496130418e+03
2.300761593378589623e+03
2.161195789467652503e+03
2.015624181432363685e+03
2.394846627512913074e+03
1.829164240000691279e+03
1.975502664246520908e+03
2.177288206287664252e+03
2.150779942203161227e+03
2.037317943685629416e+03
2.161591428401448866e+03
2.020071875397500662e+03
2.070476185775184149e+03
2.085325432836485106e+03
1.996169593035352364e+03
1.973265705645060279e+03
1.998503256498105884e+03
1.945509704529818237e+03
2.103149266202439776e+03
2.029521417199985081e+03
2.307419479217073786e+03
2.130749502213866435e+03
2.479278187624260681e+03
2.426340655471993614e+03
1.986882338853467218e+03
1.979901594601835086e+03
2.303430811640407683e+03
2.473730675309283470e+03
2.376068631829261903e+03
2.025758012526288667e+03
2.276444619370978216e+03
2.178063347797097776e+03
2.097217063547882390e+03
2.251265100408294074e+03
2.031029994573086469e+03
1.984823148254421540e+03
1.769401579636397855e+03
2.329396797579888243e+03
1.985061236249859348e+03
2.033971704692890853e+03
1.943518625248536409e+03
2.012341997373147933e+03
1.990443798779640247e+03
2.029599781530682094e+03
2.103258197479060982e+03
2.168785629910939406e+03
1.947517181963534085e+03
2.016560490022667636e+03
2.010898424386366287e+03
1.946943491276976602e+03
2.154900944100367724e+03
1.995588107838687392e+03
2.010986019712666121e+03
1.972508690928503029e+03
2.120644271544502317e+03
1.823226600901978145e+03
1.996774892332999116e+03
2.032225383374394823e+03
2.016741565361803396e+03
2.017457246121618937e+03
2.106677715608789640e+03
1.950237463418451171e+03
2.081322661295436319e+03
1.988689326891015298e+03
1.935015864315372937e+03
2.146297550072265949e+03
2.108380395261403919e+03
1.958282738890837891e+03
1.895874201490025143e+03
2.000752591021250964e+03
2.007774309581938269e+03
2.034154417167453175e+03
1.918397377854980505e+03
2.363164148499578459e+03
2.919780461492368886e+03
1.993711631186189152e+03
1.975970824829587627e+03
2.158415847950442640e+03
2.002020851824008787e+03
2.079134501183542397e+03
2.015773368912263777e+03
1.994553621149665787e+03
2.062622991528730836e+03
2.109383519680541212e+03
2.096408464188783455e+03
1.993396448539867151e+03
2.084812906591053888e+03
2.499500167526373843e+03
1.947403323923130529e+03
1.865437331699951528e+03
1.992575593250723614e+03
2.045268070066090786e+03
2.013769823149674494e+03
1.939477147489353911e+03
2.081447708241390956e+03
2.023086425041514531e+03
1.978369489945184341e+03
2.397098682114547046e+03
1.857816791267465760e+03
2.245387308338669300e+03
2.004056405460877386e+03
1.860761433139134169e+03
2.041198471867693570e+03
2.125332737663479747e+03
2.050643574281848032e+03
3.005230051780471513e+03
2.223609440896877913e+03
1.989214326802297592e+03
2.063473615516445534e+03
2.057089488615715709e+03
2.207630211535352373e+03
1.860477846804197043e+03
2.009506177330358923e+03
1.767004160487942499e+03
1.915220105985928285e+03
2.583169975678488754e+03
1.975294280368800173e+03
2.143527140748867623e+03
1.846713059023566530e+03
2.021810463407979341e+03
2.034316807291310170e+03
2.278828822351692452e+03
1.927499413114554272e+03
2.102977998303436834e+03
1.978120915640047770e+03
2.070560117636957330e+03
2.043385346690770348e+03
2.047524509338465577e+03
2.077531911778492031e+03
2.114636493677656290e+03
2.124623298094815709e+03
2.099242350436958532e+03
2.180376801550486107e+03
2.100504816328802917e+03
2.051646014582196131e+03
2.282761960564102083e+03
2.004145338557465948e+03
1.977526060935174200e+03
2.373452939474796949e+03
2.052438436252741212e+03
2.045836013368630802e+03
2.237952349521543056e+03
2.987247722888223961e+03
2.607780607165552738e+03
2.139670725085157756e+03
2.495763013395754570e+03
2.160385596505162084e+03
1.955571506310193854e+03
1.924409850348737109e+03
2.183884062306870874e+03
1.920027424337662751e+03
2.277536293452264545e+03
1.855676492096659786e+03
2.002246756790043719e+03
1.981662583256781090e+03
1.927137670940233420e+03
2.090441302581715263e+03
2.761080730905404380e+03
1.866098727099638381e+03
2.294490156471363207e+03
1.863017653608530736e+03
1.881905217180522186e+03
2.233298667582143025e+03
2.087905583729225327e+03
2.142044628919303250e+03
1.926829457296164719e+03
1.903589542155969866e+03
2.553219730501351933e+03
1.936715118236603303e+03
2.565888073049897230e+03
2.061079390367647648e+03
2.159018486915335870e+03
2.084435198722007499e+03
2.124877793132962779e+03
2.045547765817484787e+03
1.990038819699289206e+03
1.961935248400535329e+03
2.444176490282065970e+03
2.148240437500774988e+03
2.028929162056151881e+03
2.013910626798011435e+03
2.121131984636567722e+03
2.051952298411549236e+03
2.436127068698145649e+03
2.068441802862996155e+03
2.006861912458901315e+03
2.071990866734969586e+03
2.106726170389191338e+03
2.112994311083135926e+03
1.894766248598255288e+03
2.065433889490314868e+03
2.773362869686905469e+03
2.061188298170695816e+03
2.119315256789189789e+03
2.003479078192402540e+03
1.952178493500581908e+03
1.871355916527925046e+03
2.087529612890414683e+03
1.975102610770759156e+03
2.039862371380005925e+03
2.103998810523416978e+03
2.090371874188111178e+03
1.865368686839561860e+03
2.527072692710367846e+03
2.021048070499625965e+03
2.130948601895376214e+03
2.074269827012634778e+03
1.958350004344143827e+03
2.037154053754936967e+03
2.074655349761706930e+03
2.398289391879184222e+03
1.834232151218378021e+03
2.121386509536001995e+03
2.090282001096284148e+03
2.037299820284181351e+03
1.969718803377161748e+03
2.208402179417983461e+03
1.981114382723814742e+03
1.899110955210484462e+03
2.064932082808506493e+03
2.131548775594440485e+03
2.795874485776677830e+03
2.242853757980701630e+03
2.150078388439233549e+03
2.236714869396711492e+03
1.991710813951754972e+03
1.950795399541327697e+03
2.022673217742713177e+03
2.051118605689098331e+03
2.646906553449766761e+03
2.174954572478286991e+03
2.095758496993003519e+03
2.097460694083536055e+03
4.936588026659101160e+03
2.087534928523464259e+03
2.249224704996028777e+03
2.258216851639136621e+03
2.267542719689236037e+03
1.994204461590862820e+03
1.985494504586269159e+03
2.193396007750921854e+03
1.808187339815435962e+03
2.015333299853646167e+03
2.039266415533764302e+03
1.975468277514448346e+03
2.051985344606699528e+03
2.155387436931849606e+03
1.993161542004285366e+03
1.970860503654184640e+03
1.989908546469135217e+03
5.418350386579590122e+03
2.025794269924863329e+03
2.065227488057393657e+03
1.990175813900073990e+03
2.166173389871444670e+03
2.168894118427053854e+03
1.871148729208162877e+03
1.977446548951445038e+03
2.122359499318850339e+03
2.107849938409095557e+03
2.389661570060752183e+03
1.961984235701766693e+03
2.041716099535251942e+03
1.989938053685821615e+03
1.774039932828122801e+03
2.168128883463258717e+03
2.318286681564807168e+03
2.878089999697405801e+03
2.231387863752061548e+03
2.092582704211902637e+03
2.133099428579713276e+03
1.939329492857845480e+03
1.932017754578419044e+03
1.981098175101953530e+03
2.130482882307182081e+03
2.006956052343929287e+03
2.065854566732094554e+03
1.906743188611854748e+03
1.935821062800263007e+03
1.790252956416962661e+03
2.415439683587608670e+03
2.020650487103830983e+03
2.262465874389859891e+03
2.493344750085260785e+03
1.985011905518959338e+03
2.210297349745646898e+03
1.944537450881928180e+03
2.134605763935281175e+03
1.970933001538208600e+03
2.056695748443831690e+03
1.995303312430050255e+03
2.198523377876281756e+03
2.042566436804337400e+03
2.147187831088375333e+03
2.270641970605047391e+03
1.847890225407793196e+03
2.184724982737546725e+03
1.942593391412060782e+03
2.210738729122101176e+03
2.354527717646080873e+03
1.926292096657280808e+03
2.014445438588487832e+03
2.027066646260120933e+03
2.408939457121809937e+03
1.897710954308495957e+03
2.085112273749766700e+03
2.278877259286983644e+03
2.073473756124914416e+03
1.985009617357446814e+03
1.993054096069607795e+03
2.198265445680526227e+03
2.859761382632822006e+03
2.018930000314374411e+03
2.197190557219992570e+03
1.961625261589432057e+03
1.892235815622176915e+03
2.090634535665372368e+03
2.123860283268257263e+03
1.962722871052544633e+03
2.080852000231692728e+03
1.824585476744611697e+03
2.084141621759765712e+03
2.099959972914014998e+03
2.087047122929652232e+03
2.163500049908016081e+03
1.960227499105842753e+03
2.140849093068086404e+03
3.165081136556804267e+03
2.036831162490829001e+03
2.050682766825698309e+03
2.118372241671333995e+03
2.043844604036719602e+03
2.301794352561151754e+03
2.036240886797327448e+03
1.930657007559846079e+03
2.040778372977809113e+03
2.043923863514597542e+03
2.184843264253959205e+03
2.041765194532963505e+03
1.947272057881158844e+03
2.227155591591614211e+03
2.047896369051095917e+03
1.936468766230576648e+03
1.770607643610625473e+03
1.993493624609700419e+03
2.039970673283799442e+03
2.080441148396673725e+03
1.984533627783946713e+03
1.927517414345825955e+03
1.857326607909470795e+03
2.312660594977791334e+03
1.639947252690161577e+03
1.966660893194210757e+03
1.891803079129028220e+03
2.102525802852461311e+03
1.953219680126164121e+03
2.000446134748023951e+03
2.066345743172067159e+03
2.066194465905099150e+03
2.310973779745537740e+03
2.068882477544257199e+03
1.887699890367622402e+03
1.941208207540078092e+03
2.080292490737542721e+03
2.639072958096403454e+03
2.084979848620058874e+03
1.917908809287746408e+03
1.952785891507758834e+03
3.129772436961630319e+03
2.066212413569458931e+03
2.244348398416535929e+03
1.983333713722602397e+03
2.760316687163174265e+03
2.039403197473918908e+03
2.190890666910067011e+03
2.024115594837428034e+03
2.014714981170015335e+03
1.936373906703183366e+03
2.077257459748499059e+03
1.891778916988123228e+03
2.047421387826098226e+03
2.098891701768413895e+03
2.052029325271410016e+03
1.909839789525095284e+03
2.643786617276912693e+03
2.224302940857674002e+03
2.038768169407237338e+03
1.949009241969643199e+03
1.992109318253974379e+03
1.991293275817317863e+03
1.994339414751596678e+03
2.013918373831634426e+03
2.464901761464025640e+03
2.050432675750092585e+03
1.829580462605206321e+03
2.102955759917897012e+03
1.801336837806392396e+03
2.122868519927797934e+03
1.858213862486863491e+03
4.157404486093653759e+03
2.256531901123308671e+03
2.036628625704844580e+03
1.999041606668537497e+03
1.850159300382303172e+03
2.026525670445027799e+03
2.031022812279419895e+03
2.199957831406813966e+03
1.984321072338262638e+03
2.008461398066235688e+03
2.248288360461626326e+03
2.209797390567341608e+03
2.324852289309236312e+03
2.093301066961098513e+03
2.047985344354847484e+03
2.104974491213614328e+03
2.072533417434993225e+03
2.053934629510096329e+03
1.915743367850492632e+03
2.049815577802296502e+03
3.053820114812200700e+03
2.014689613226640859e+03
1.886596587751704192e+03
2.484768133435663003e+03
2.047187766551686536e+03
2.010611686132322120e+03
2.031230138239433927e+03
2.019976210231959840e+03
1.987115617249712386e+03
2.580202340836655367e+03
2.106075089895598467e+03
2.137381249818138713e+03
2.057014334153508571e+03
2.065243729213283586e+03
2.560519973334789483e+03
1.992789844858309152e+03
2.065961950615631395e+03
2.087313076730158173e+03
1.965801921959808169e+03
2.105362560375072917e+03
2.086688787554352530e+03
2.081455752623234730e+03
1.963055209060775042e+03
2.227605577006518615e+03
2.131900628961737311e+03
2.857258202852623526e+03
2.187156380176186758e+03
2.045591640258297275e+03
2.032981638608064486e+03
2.224817909276527189e+03
2.028082112403382553e+03
2.086796967479908744e+03
2.078292790268048520e+03
2.275760641218720139e+03
2.063395363263717627e+03
2.012953648333128513e+03
2.031725104789848501e+03
2.374923018984874489e+03
1.989890641058613483e+03
1.913228639219449860e+03
2.031845053975388510e+03
2.283507469377163034e+03
1.945011648677393850e+03
2.357985773066943693e+03
1.952665467162143386e+03
2.372069504709210378e+03
2.208113980695963619e+03
2.292248963967148029e+03
2.307141822193874759e+03
2.013359127262713400e+03
1.983408522332787470e+03
3.006154699289392738e+03
2.414470021729597647e+03
2.012208904264657804e+03
2.020121644096162072e+03
1.932208375157668343e+03
1.948273356805704452e+03
2.056198889470672384e+03
1.976841044633650199e+03
2.211603801380009372e+03
2.047110138648088196e+03
2.156987437522535402e+03
2.044681122092035594e+03
1.917508729473169979e+03
1.989886051352496224e+03
2.145234187974059751e+03
2.239691208294184889e+03
1.717153126193989920e+03
1.935727927021445794e+03
1.981418378321885029e+03
1.996450032850232901e+03
2.130407018961718222e+03
2.390960992729896589e+03
2.339588134614119099e+03
2.077765322813814691e+03
2.232260590908510494e+03
2.195491334089540942e+03
2.220896060941030100e+03
2.019799565718671374e+03
2.309540642529915203e+03
2.013946900504801533e+03
2.091018093419032084e+03
2.028403805354808355e+03
2.670538917300455068e+03
2.123554183597868359e+03
1.875115706086480941e+03
1.925520352336482119e+03
2.008514166582573125e+03
2.325075623102545705e+03
2.047776567763904040e+03
2.329942441130785483e+03
2.155028841682652910e+03
2.113317063575557313e+03
2.167639665873759441e+03
2.060466716429441021e+03
1.879355981152900540e+03
2.248408520405036597e+03
1.822191415867462865e+03
1.909674203979542426e+03
1.937351011313346135e+03
2.258797438126762245e+03
2.026407927948680708e+03
2.410533799005942456e+03
2.018385099844803108e+03
1.857941471034484039e+03
2.027854164763102290e+03
2.332604228554025212e+03
2.014376742495204326e+03
2.073764745422946362e+03
1.844678744888829897e+03
2.293584120184909352e+03
1.972666108394616231e+03
2.108313125753818895e+03
2.031790520375627011e+03
2.064039260820057279e+03
2.066901238914014812e+03
2.062210979368209792e+03
1.877632879383841555e+03
2.100992499923150262e+03
1.812420823884244101e+03
2.033090012934788092e+03
2.024896968955037210e+03
2.627263264304524455e+03
2.019529305943589634e+03
2.278559846056542483e+03
2.058859130679692953e+03
1.907132870570318801e+03
2.102460656238070897e+03
2.139089916728522439e+03
2.148974205435463318e+03
2.153417729568991945e+03
2.064014267643619405e+03
2.179950977238815994e+03
2.196587148255812735e+03
2.305248590752559721e+03
2.094814732330060451e+03
1.924455897005843099e+03
2.134409890451663159e+03
2.117249219936108148e+03
1.821536989546239283e+03
1.937316121314841212e+03
2.404398346641322405e+03
2.294446127644049739e+03
2.092302239573034512e+03
2.121041353924218583e+03
2.289058373473394568e+03
2.463824494487779248e+03
2.062420905164393389e+03
1.954718461430764819e+03
2.145514354784098487e+03
1.988954482774284770e+03
2.649710982359483751e+03
1.987730733214306611e+03
2.196772883355838985e+03
1.485414365413485029e+03
2.181850752578506217e+03
2.111461387047207154e+03
1.987132429279931785e+03
2.059599077098203907e+03
2.450991269992360685e+03
2.088583963666426826e+03
1.874704477733813292e+03
2.002840822598870773e+03
1.914433835835434593e+03
2.022763314049826931e+03
2.338581665525363860e+03
2.421224795334385817e+03
2.076506651445146872e+03
2.201818914429140477e+03
2.522297289936231664e+03
2.627000454556902696e+03
2.056453536364201682e+03
2.054438325606028684e+03
2.017387524810564628e+03
2.668121649118704681e+03
2.042205280076177814e+03
2.028407646219741537e+03
2.212250558932933018e+03
2.227180325159703443e+03
1.981999521715048786e+03
2.264461194076004631e+03
2.093575061258899041e+03
2.146801050791154466e+03
1.945462608029053627e+03
1.952929992101220478e+03
1.970023480883212869e+03
2.500577837933208684e+03
2.045178400514447958e+03
2.056152326429556979e+03
2.129975492917943939e+03
2.947307674402532939e+03
1.904625598598390752e+03
2.669510741097956725e+03
2.016493685841121760e+03
2.224531991309233035e+03
2.129346889341785754e+03
1.995052011335972793e+03
2.233708551680481833e+03
2.249743721856742923e+03
1.930445966710698713e+03
1.923513738143944238e+03
1.953113339937415049e+03
2.304237708564313834e+03
2.000810767915908173e+03
2.034139136368348318e+03
2.119728054762632382e+03
2.054729660954509654e+03
1.915366764889567094e+03
2.031779237887353702e+03
2.262299766033330798e+03
2.003863640765177024e+03
2.043779837442518101e+03
1.826079112602122223e+03
2.262990620022379971e+03
2.218462492794096306e+03
2.045376168880382465e+03
2.131352186816393441e+03
1.792693944975297882e+03
1.601082034660967111e+03
1.966812856472168960e+03
2.169574539097475736e+03
2.472096891221366604e+03
2.535838048564702149e+03
2.076919952865493542e+03
2.529722571174042514e+03
2.022547898367674179e+03
1.951878880929343495e+03
2.041505088581028303e+03
2.016162771224665448e+03
1.992977824919546038e+03
2.214325039064461180e+03
1.856190912786209083e+03
2.084184967109774334e+03
2.275225070078829503e+03
2.400712974349632987e+03
2.003883123895253902e+03
2.056415084611539896e+03
1.953243937599599349e+03
2.055822524358730789e+03
2.309896057690285943e+03
2.033177784829884786e+03
2.106537181062928539e+03
2.249756126996127932e+03
1.983948632225849678e+03
2.280396732173837790e+03
1.986187865361121567e+03
1.884854590265410025e+03
2.011242247117882698e+03
2.087046791427195785e+03
2.061694684700976268e+03
1.993123090364511199e+03
1.936886464748989738e+03
2.027559840066647212e+03
2.501053160302985361e+03
2.146587649606887226e+03
2.157872036300258515e+03
2.121754906172036954e+03
2.060859249771103350e+03
2.017094775450112365e+03
1.834587461390463659e+03
2.064744264873492739e+03
2.091698291129123390e+03
1.905311088048592183e+03
1.975230924765785176e+03
2.023745374933964513e+03
1.967640605399521974e+03
2.278728334807311057e+03
2.635318778270300299e+03
2.056944164722227470e+03
2.291207082174450989e+03
2.080305221390759471e+03
1.954275989245109258e+03
1.969647698549217466e+03
2.105622210659874781e+03
1.707945822057851501e+03
2.039231723753290225e+03
2.570364631084874418e+03
2.030469137926588701e+03
2.128920629735732291e+03
1.982953178126737384e+03
1.918653508864553714e+03
1.912535981268296837e+03
2.001390398919900917e+03
1.921528089615584349e+03
2.106973496983326186e+03
1.975036663695916559e+03
2.082338119615069445e+03
2.117976475018662313e+03
2.524190197235800497e+03
2.044028038124624572e+03
2.167849188275444249e+03
1.824692903346734965e+03
2.333915585371040834e+03
2.090610062936244503e+03
2.055465199627545644e+03
2.409471267802806778e+03
1.940343182269833051e+03
2.073888466636964949e+03
2.113075294929588381e+03
2.048361332850343388e+03
1.990625008253379747e+03
1.988412301522162807e+03
2.343527167193146397e+03
2.159235163598533745e+03
1.973672479650538435e+03
1.843537748257706880e+03
2.020001422288568619e+03
1.932066424850118437e+03
