2.066723159599221770e-03 2.105407371102444372e-02 4.001769387313033888e-02 5.922177035971974701e-02 7.875436713251432463e-02 9.824395648608358345e-02 1.177989512104302555e-01 1.374232188389725995e-01 1.569653080806995837e-01 1.763209652859586141e-01 1.955824879469600652e-01
2.541275014189886203e-03 2.595394826889920945e-02 4.944885369540644865e-02 7.339687399276785540e-02 9.747261462209103056e-02 1.215958756556270032e-01 1.458237367023600961e-01 1.699519440231716805e-01 1.938061543412495646e-01 2.176496513687848910e-01 2.416104966265219811e-01
4.020894592523482219e-03 4.170742380138894867e-02 8.002950292204305538e-02 1.188569860319547006e-01 1.578069609535792117e-01 1.967725302693504319e-01 2.352355598373766510e-01 2.737275494383348828e-01 3.124250451475109602e-01 3.507101719985977195e-01 3.884590736141880774e-01
6.742529712012148603e-03 7.065619944711029610e-02 1.360470020428541094e-01 2.018854870416828262e-01 2.675741773527458567e-01 3.325642132761290060e-01 3.979829250998032641e-01 4.624404936268116106e-01 5.260735592916304659e-01 5.901249539970262470e-01 6.545289395156880241e-01
1.085846091282842429e-02 1.145466945539346665e-01 2.208981652850608990e-01 3.275565495813794192e-01 4.328386150423497725e-01 5.385830097481576484e-01 6.420639481327186093e-01 7.454672990355780682e-01 8.498255480989731492e-01 9.529283305809120863e-01 1.053986147840913157e+00
1.647731753874973060e-02 1.750694874511276866e-01 3.372754781154908565e-01 4.984268879307128253e-01 6.596849438735039595e-01 8.176720506577288550e-01 9.754678243583079222e-01 1.134314444957717161e+00 1.289800909880154611e+00 1.442843355693103291e+00 1.596889614407811298e+00
2.374152016095046683e-02 2.527090925469225868e-01 4.866661547050215031e-01 7.181156713908152245e-01 9.489189400035018540e-01 1.175273375363582007e+00 1.404595453140965233e+00 1.628996755072432912e+00 1.849466802712660396e+00 2.072080598945984509e+00 2.295969888854008545e+00
3.268725927735507963e-02 3.480172228949598434e-01 6.695929841583088127e-01 9.886125437844961450e-01 1.302281690770180633e+00 1.616643184266748801e+00 1.928983546192341025e+00 2.232777935862980456e+00 2.538472593072182981e+00 2.846836055175973268e+00 3.151591670232293030e+00
4.329120238179659519e-02 4.614621548253839411e-01 8.867112082262816886e-01 1.309961843557644556e+00 1.723179126510488768e+00 2.141792618927984115e+00 2.549199132214199803e+00 2.951966347196940621e+00 3.360576809538804888e+00 3.766385603303130658e+00 4.164904975172071921e+00
5.553489498952596248e-02 5.934135460841304388e-01 1.139119230379943115e+00 1.682160199076614404e+00 2.214159460354186315e+00 2.750177934728439411e+00 3.268793066682471604e+00 3.790516382635427561e+00 4.315429870059134032e+00 4.831178107467517080e+00 5.341106151341392660e+00
6.943807998688779348e-02 7.441487062664405849e-01 1.427704572010554784e+00 2.106102338838836019e+00 2.776011290164798861e+00 3.442252264057477085e+00 4.090899476947914337e+00 4.748858781054443590e+00 5.402625603237273033e+00 6.044087729919580987e+00 6.685842184194926929e+00
