-4.566953392375580734e+00 -5.041968160301621538e+00 -5.171154548585036537e+00 -5.247089295877231052e+00 -5.300226911738718627e+00 -5.341110275494429516e+00 -5.374254265072522685e+00 -5.402062579043558799e+00 -5.426065844745608047e+00 -5.447228494052978931e+00 -5.466145472935750149e+00
-4.775291801546700299e+00 -5.270134397927904502e+00 -5.403430570451746462e+00 -5.481349593374034157e+00 -5.535968252057500649e+00 -5.577996995587454876e+00 -5.612064684788492741e+00 -5.640732912350358674e+00 -5.665595337388367625e+00 -5.687513708118785871e+00 -5.707031444784661289e+00
-5.225944806195911951e+00 -5.760651500571839279e+00 -5.901614187510858756e+00 -5.983531188347114949e+00 -6.041203480843250873e+00 -6.085644588649302023e+00 -6.121992321339348564e+00 -6.152664309218380367e+00 -6.179157514296093723e+00 -6.202581123379786732e+00 -6.223638550123723689e+00
-5.670105694764060900e+00 -6.241147256088879658e+00 -6.388335563140572049e+00 -6.474106470777769573e+00 -6.534807607939001173e+00 -6.581955867251963355e+00 -6.620396777823771117e+00 -6.653098269529436948e+00 -6.681546017443906749e+00 -6.706597500626230612e+00 -6.729009945760481060e+00
-6.016581659998337273e+00 -6.613557260257948656e+00 -6.764915472893335391e+00 -6.853626821299258154e+00 -6.916838795783405658e+00 -6.965973092428612290e+00 -7.006487104168627411e+00 -7.040707394156925147e+00 -7.070430502866656752e+00 -7.096896202248899499e+00 -7.120714947224769276e+00
-6.268378774246230023e+00 -6.882482352975785034e+00 -7.036643783074396197e+00 -7.127747907594311982e+00 -7.192691491934965597e+00 -7.243618813736247830e+00 -7.285250426317361416e+00 -7.320742309835623018e+00 -7.351804407360759797e+00 -7.379273817379726097e+00 -7.403861365179182030e+00
-6.450158429845032515e+00 -7.075562139605608536e+00 -7.231680674671224551e+00 -7.324284616821387317e+00 -7.390856258640269516e+00 -7.442705835353990551e+00 -7.485491589977755211e+00 -7.522068169277190464e+00 -7.553809291937795933e+00 -7.581894782615563599e+00 -7.607189052090689074e+00
-6.584217326017096639e+00 -7.216460938212549081e+00 -7.374018188867921708e+00 -7.467810957172332564e+00 -7.535348558521945961e+00 -7.588088804273866117e+00 -7.631834760046331212e+00 -7.668942704713117564e+00 -7.701223643754929071e+00 -7.729930814148247009e+00 -7.755715334082196932e+00
-6.685572504698939156e+00 -7.321719065814249916e+00 -7.480294690492883092e+00 -7.575153603102080524e+00 -7.643275496433489025e+00 -7.696923093721125042e+00 -7.741173275440814905e+00 -7.778714807238429785e+00 -7.811531937786639901e+00 -7.840627365367254242e+00 -7.866647628587088548e+00
-6.763914514885982499e+00 -7.402313295489875600e+00 -7.561652364478504751e+00 -7.657349331733712461e+00 -7.726047771004232345e+00 -7.780343007314513670e+00 -7.824911837662511971e+00 -7.862903403522068402e+00 -7.896085960324853659e+00 -7.925366510058665881e+00 -7.951595431197347352e+00
-6.825799687452672515e+00 -7.465497260243864730e+00 -7.625469536011223681e+00 -7.721736427494761301e+00 -7.791061649590119487e+00 -7.845726956573344069e+00 -7.890615378160873661e+00 -7.928985429833119269e+00 -7.962352295849996153e+00 -7.991788204806653084e+00 -8.018277748029504437e+00
