4.811000800989462789e+01 7.249608999418775568e+01 7.707264310137986740e+01 7.958144718286339980e+01 8.125253886772608780e+01 8.248817254304611879e+01 8.345505162202674398e+01 8.424412072807822938e+01 8.490788792979073207e+01 8.548382598703528856e+01 8.598889931907919504e+01
5.736611657044922197e+01 8.452410519070107853e+01 8.974107022797454647e+01 9.257396922611289369e+01 9.444488272814420782e+01 9.582220068765872156e+01 9.690209267023419670e+01 9.778192948632913328e+01 9.852909305655715855e+01 9.917442783405758178e+01 9.973869918322806427e+01
8.809765932999134463e+01 1.246408931019229982e+02 1.318064785704260373e+02 1.356155148701585915e+02 1.381431235554568104e+02 1.400078940779440018e+02 1.414812249524123899e+02 1.426910141612232223e+02 1.437145500060628933e+02 1.446013578908504655e+02 1.453842739422109105e+02
1.547106444182585392e+02 2.153391138106227913e+02 2.275229134052263191e+02 2.341198622053898077e+02 2.385609992991202830e+02 2.418891421306942959e+02 2.445355682275356060e+02 2.467381886791033878e+02 2.486119919559700122e+02 2.502391905586653422e+02 2.516656574442775138e+02
3.363308614232546461e+02 4.853802254077635325e+02 5.172441107470584711e+02 5.354468127793317080e+02 5.481709260046520740e+02 5.579307197667811806e+02 5.658218463544232009e+02 5.724097256982391855e+02 5.780815580676243144e+02 5.830692343095311116e+02 5.874909848104434786e+02
1.133925797766160258e+03 1.763247457250991829e+03 1.904651145438405820e+03 1.987262967985128853e+03 2.045492462872764463e+03 2.090621078844659678e+03 2.127932696569273048e+03 2.159176102366235682e+03 2.186726732523678038e+03 2.210787224134679036e+03 2.232374313514051664e+03
5.341390224589784339e+03 8.580007394677440971e+03 9.321207377304133843e+03 9.756503213292207874e+03 1.006850346085301862e+04 1.031047223034000126e+04 1.051044167765511156e+04 1.068103616169041379e+04 1.082745567662724352e+04 1.095512203730961119e+04 1.107094681910439976e+04
2.618337967510733142e+04 4.202483312890307570e+04 4.568349621573100740e+04 4.784458932289395307e+04 4.939900555502107454e+04 5.060581630702654365e+04 5.161357264993546414e+04 5.244701850481565634e+04 5.317355614770227839e+04 5.382504573729522235e+04 5.440200685150666686e+04
1.172541451228424557e+05 1.863003537783854408e+05 2.023372578709207592e+05 2.119257877078630263e+05 2.188023701623821398e+05 2.241520139582437114e+05 2.285573015895037388e+05 2.322068257190360746e+05 2.354234871984451893e+05 2.382799374965941533e+05 2.408713268324666133e+05
4.678574361172951176e+05 7.355018723880749894e+05 7.981098716694480972e+05 8.356193746179600712e+05 8.624419971765208757e+05 8.832859622651665704e+05 9.006513851196481846e+05 9.151838881394321797e+05 9.278389150686551584e+05 9.388145488306536572e+05 9.483288435900673503e+05
1.672520012686974369e+06 2.603444038474014960e+06 2.822985949147781357e+06 2.954922379451302346e+06 3.048819022906359751e+06 3.122653587798567023e+06 3.181726418320377823e+06 3.232805328075627796e+06 3.277656813568926416e+06 3.316824397913666908e+06 3.350090310377769172e+06
