4.270790211670471237e+00 4.270790211670471237e+00 4.270790211670471237e+00 4.270790211670471237e+00 4.270790211670471237e+00 4.270790211670471237e+00 4.270790211670471237e+00 4.270790211670471237e+00 4.270790211670471237e+00 4.270790211670471237e+00 4.270790211670471237e+00
5.251430219550818457e+00 5.251430219550818457e+00 5.251430219550818457e+00 5.251430219550818457e+00 5.251430219550818457e+00 5.251430219550818457e+00 5.251430219550818457e+00 5.251430219550818457e+00 5.251430219550818457e+00 5.251430219550818457e+00 5.251430219550818457e+00
8.308997355619744951e+00 8.308997355619744951e+00 8.308997355619744951e+00 8.308997355619744951e+00 8.308997355619744951e+00 8.308997355619744951e+00 8.308997355619744951e+00 8.308997355619744951e+00 8.308997355619744951e+00 8.308997355619744951e+00 8.308997355619744951e+00
1.393313359953972075e+01 1.393313359953972075e+01 1.393313359953972075e+01 1.393313359953972075e+01 1.393313359953972075e+01 1.393313359953972075e+01 1.393313359953972075e+01 1.393313359953972075e+01 1.393313359953972075e+01 1.393313359953972075e+01 1.393313359953972075e+01
2.243851982057767458e+01 2.243851982057767458e+01 2.243851982057767458e+01 2.243851982057767458e+01 2.243851982057767458e+01 2.243851982057767458e+01 2.243851982057767458e+01 2.243851982057767458e+01 2.243851982057767458e+01 2.243851982057767458e+01 2.243851982057767458e+01
3.404963365907453721e+01 3.404963365907453721e+01 3.404963365907453721e+01 3.404963365907453721e+01 3.404963365907453721e+01 3.404963365907453721e+01 3.404963365907453721e+01 3.404963365907453721e+01 3.404963365907453721e+01 3.404963365907453721e+01 3.404963365907453721e+01
4.906078080299197808e+01 4.906078080299197808e+01 4.906078080299197808e+01 4.906078080299197808e+01 4.906078080299197808e+01 4.906078080299197808e+01 4.906078080299197808e+01 4.906078080299197808e+01 4.906078080299197808e+01 4.906078080299197808e+01 4.906078080299197808e+01
6.754674728430204311e+01 6.754674728430204311e+01 6.754674728430204311e+01 6.754674728430204311e+01 6.754674728430204311e+01 6.754674728430204311e+01 6.754674728430204311e+01 6.754674728430204311e+01 6.754674728430204311e+01 6.754674728430204311e+01 6.754674728430204311e+01
8.945931753117608309e+01 8.945931753117608309e+01 8.945931753117608309e+01 8.945931753117608309e+01 8.945931753117608309e+01 8.945931753117608309e+01 8.945931753117608309e+01 8.945931753117608309e+01 8.945931753117608309e+01 8.945931753117608309e+01 8.945931753117608309e+01
1.147603561830740944e+02 1.147603561830740944e+02 1.147603561830740944e+02 1.147603561830740944e+02 1.147603561830740944e+02 1.147603561830740944e+02 1.147603561830740944e+02 1.147603561830740944e+02 1.147603561830740944e+02 1.147603561830740944e+02 1.147603561830740944e+02
1.434906610243336331e+02 1.434906610243336331e+02 1.434906610243336331e+02 1.434906610243336331e+02 1.434906610243336331e+02 1.434906610243336331e+02 1.434906610243336331e+02 1.434906610243336331e+02 1.434906610243336331e+02 1.434906610243336331e+02 1.434906610243336331e+02
