4.459415546452323724e+03 4.459415546452323724e+03 4.459415546452323724e+03 4.459415546452323724e+03 4.459415546452323724e+03 4.459415546452323724e+03 4.459415546452323724e+03 4.459415546452323724e+03 4.459415546452323724e+03 4.459415546452323724e+03 4.459415546452323724e+03
4.843648951651790412e+03 4.843648951651790412e+03 4.843648951651790412e+03 4.843648951651790412e+03 4.843648951651790412e+03 4.843648951651790412e+03 4.843648951651790412e+03 4.843648951651790412e+03 4.843648951651790412e+03 4.843648951651790412e+03 4.843648951651790412e+03
5.958839116846502293e+03 5.958839116846502293e+03 5.958839116846502293e+03 5.958839116846502293e+03 5.958839116846502293e+03 5.958839116846502293e+03 5.958839116846502293e+03 5.958839116846502293e+03 5.958839116846502293e+03 5.958839116846502293e+03 5.958839116846502293e+03
7.872876445111686735e+03 7.872876445111686735e+03 7.872876445111686735e+03 7.872876445111686735e+03 7.872876445111686735e+03 7.872876445111686735e+03 7.872876445111686735e+03 7.872876445111686735e+03 7.872876445111686735e+03 7.872876445111686735e+03 7.872876445111686735e+03
1.159490072259525732e+04 1.159490072259525732e+04 1.159490072259525732e+04 1.159490072259525732e+04 1.159490072259525732e+04 1.159490072259525732e+04 1.159490072259525732e+04 1.159490072259525732e+04 1.159490072259525732e+04 1.159490072259525732e+04 1.159490072259525732e+04
2.295808150967721667e+04 2.295808150967721667e+04 2.295808150967721667e+04 2.295808150967721667e+04 2.295808150967721667e+04 2.295808150967721667e+04 2.295808150967721667e+04 2.295808150967721667e+04 2.295808150967721667e+04 2.295808150967721667e+04 2.295808150967721667e+04
6.935999868501124729e+04 6.966897294656910526e+04 7.003918303722275596e+04 7.025956501654276508e+04 7.041806218584267481e+04 7.053964447111739719e+04 7.063865900623361813e+04 7.072351304966407770e+04 7.079670357879127550e+04 7.086085593288282689e+04 7.091584194019870483e+04
2.605023020144265902e+05 2.760112415356686106e+05 2.790797979919391219e+05 2.807918849782022298e+05 2.819893253578480217e+05 2.828796925988293951e+05 2.836279915963527746e+05 2.842184718603017973e+05 2.847327146294125705e+05 2.851964062987068901e+05 2.856123527014525607e+05
9.781958879847088829e+05 1.051610717027699342e+06 1.064946965699850582e+06 1.072371303037394071e+06 1.077500745005034143e+06 1.081383430621642387e+06 1.084513067987365648e+06 1.087105539620745461e+06 1.089359905330542708e+06 1.091317715312419925e+06 1.093053243419163628e+06
3.399216938884161413e+06 3.664567218081955798e+06 3.712160166705855634e+06 3.738765596668237820e+06 3.757072969009445049e+06 3.771053481680386234e+06 3.782208111797807738e+06 3.791551586137042381e+06 3.799666006820555776e+06 3.806594167682575062e+06 3.812792611500260420e+06
1.079257135076177306e+07 1.163020225263379700e+07 1.178143797443247400e+07 1.186616012828731537e+07 1.192432765798082761e+07 1.196887407881791517e+07 1.200430484713818878e+07 1.203454573567125574e+07 1.205999376746782660e+07 1.208199620878597349e+07 1.210154208267153800e+07
