-4.566953392375580734e+00 -4.566953392375580734e+00 -4.566953392375580734e+00 -4.566953392375580734e+00 -4.566953392375580734e+00 -4.566953392375580734e+00 -4.566953392375580734e+00 -4.566953392375580734e+00 -4.566953392375580734e+00 -4.566953392375580734e+00 -4.566953392375580734e+00
-4.775291801546700299e+00 -4.775291801546700299e+00 -4.775291801546700299e+00 -4.775291801546700299e+00 -4.775291801546700299e+00 -4.775291801546700299e+00 -4.775291801546700299e+00 -4.775291801546700299e+00 -4.775291801546700299e+00 -4.775291801546700299e+00 -4.775291801546700299e+00
-5.225944806195911951e+00 -5.225944806195911951e+00 -5.225944806195911951e+00 -5.225944806195911951e+00 -5.225944806195911951e+00 -5.225944806195911951e+00 -5.225944806195911951e+00 -5.225944806195911951e+00 -5.225944806195911951e+00 -5.225944806195911951e+00 -5.225944806195911951e+00
-5.670105694764060900e+00 -5.670105694764060900e+00 -5.670105694764060900e+00 -5.670105694764060900e+00 -5.670105694764060900e+00 -5.670105694764060900e+00 -5.670105694764060900e+00 -5.670105694764060900e+00 -5.670105694764060900e+00 -5.670105694764060900e+00 -5.670105694764060900e+00
-6.016581659998337273e+00 -6.016581659998337273e+00 -6.016581659998337273e+00 -6.016581659998337273e+00 -6.016581659998337273e+00 -6.016581659998337273e+00 -6.016581659998337273e+00 -6.016581659998337273e+00 -6.016581659998337273e+00 -6.016581659998337273e+00 -6.016581659998337273e+00
-6.268378774246230023e+00 -6.268378774246230023e+00 -6.268378774246230023e+00 -6.268378774246230023e+00 -6.268378774246230023e+00 -6.268378774246230023e+00 -6.268378774246230023e+00 -6.268378774246230023e+00 -6.268378774246230023e+00 -6.268378774246230023e+00 -6.268378774246230023e+00
-6.450158429845032515e+00 -6.450158429845032515e+00 -6.450158429845032515e+00 -6.450158429845032515e+00 -6.450158429845032515e+00 -6.450158429845032515e+00 -6.450158429845032515e+00 -6.450158429845032515e+00 -6.450158429845032515e+00 -6.450158429845032515e+00 -6.450158429845032515e+00
-6.584217326017096639e+00 -6.584217326017096639e+00 -6.584217326017096639e+00 -6.584217326017096639e+00 -6.584217326017096639e+00 -6.584217326017096639e+00 -6.584217326017096639e+00 -6.584217326017096639e+00 -6.584217326017096639e+00 -6.584217326017096639e+00 -6.584217326017096639e+00
-6.685572504698939156e+00 -6.685572504698939156e+00 -6.685572504698939156e+00 -6.685572504698939156e+00 -6.685572504698939156e+00 -6.685572504698939156e+00 -6.685572504698939156e+00 -6.685572504698939156e+00 -6.685572504698939156e+00 -6.685572504698939156e+00 -6.685572504698939156e+00
-6.763914514885982499e+00 -6.763914514885982499e+00 -6.763914514885982499e+00 -6.763914514885982499e+00 -6.763914514885982499e+00 -6.763914514885982499e+00 -6.763914514885982499e+00 -6.763914514885982499e+00 -6.763914514885982499e+00 -6.763914514885982499e+00 -6.763914514885982499e+00
-6.825799687452672515e+00 -6.825799687452672515e+00 -6.825799687452672515e+00 -6.825799687452672515e+00 -6.825799687452672515e+00 -6.825799687452672515e+00 -6.825799687452672515e+00 -6.825799687452672515e+00 -6.825799687452672515e+00 -6.825799687452672515e+00 -6.825799687452672515e+00
