2.068121831727015841e-03 2.107031802345360472e-02 4.004941137807210144e-02 5.926843280079668180e-02 7.881581147451431624e-02 9.832005248354803995e-02 1.178898381940035739e-01 1.375288099756951932e-01 1.570854212974546471e-01 1.764555852230458022e-01 1.957318231595079339e-01
2.542895740083928480e-03 2.597296214624037272e-02 4.948564850148483296e-02 7.345105973843400748e-02 9.754385998898755517e-02 1.216843195631305413e-01 1.459292443867537814e-01 1.700743019070597717e-01 1.939454956280655118e-01 2.178062987025000397e-01 2.417843839520461557e-01
4.023115351702003309e-03 4.173399749683527615e-02 8.008001286156155030e-02 1.189310149624287632e-01 1.579045535630486663e-01 1.968934491038183410e-01 2.353797181698871754e-01 2.738954245697799439e-01 3.126162886736705837e-01 3.509248872262533125e-01 3.886970780635685130e-01
6.745580058825722224e-03 7.069220967396022681e-02 1.361153321181455544e-01 2.019860013640914775e-01 2.677061385453273212e-01 3.327281554349448278e-01 3.981788836984777591e-01 4.626678165123609410e-01 5.263330335790192827e-01 5.904176674791653534e-01 6.548539088515973328e-01
1.086237563773612830e-02 1.145926643447808535e-01 2.209849592817884067e-01 3.276837584699166528e-01 4.330064123837108481e-01 5.387916321148772392e-01 6.423124824883658102e-01 7.457579858031939679e-01 8.501572160817114643e-01 9.533001024491936093e-01 1.054397965340513998e+00
1.648205596906782144e-02 1.751246313759351192e-01 3.373796829447071599e-01 4.985792526305720673e-01 6.598860160332931102e-01 8.179207149925451503e-01 9.757672556977171618e-01 1.134663222823228734e+00 1.290195824623674214e+00 1.443288063517726982e+00 1.597387446873639094e+00
2.374700217863442639e-02 2.527721111543618226e-01 4.867851588614363068e-01 7.182905700989413722e-01 9.491481248223960776e-01 1.175560524820785435e+00 1.404939158164078439e+00 1.629393003614187707e+00 1.849920285708975376e+00 2.072593132778441483e+00 2.296542435893340173e+00
3.269333967791850093e-02 3.480869930371938703e-01 6.697241901233055295e-01 9.888065413050535213e-01 1.302536185856008499e+00 1.616961636182149720e+00 1.929362760835581447e+00 2.233217649337179811e+00 2.538981224600058262e+00 2.847408246656011777e+00 3.152222824133158685e+00
4.329780881697757600e-02 4.615375059238524535e-01 8.868539955902490224e-01 1.310170784250789033e+00 1.723456012555627304e+00 2.142137787896341017e+00 2.549610058811717206e+00 2.952447737135035943e+00 3.361126704486681938e+00 3.767004455592644074e+00 4.165592468644354618e+00
5.554190501274817310e-02 5.934942066328688925e-01 1.139271821577416910e+00 1.682382067399119663e+00 2.214457745513499276e+00 2.750546965834497648e+00 3.269232542926292506e+00 3.791033168039789736e+00 4.316020844028530590e+00 4.831836341285143277e+00 5.341837995259755445e+00
6.944545286170933363e-02 7.442341191213812657e-01 1.427865515711242539e+00 2.106336835272792030e+00 2.776324943259804723e+00 3.442640407388656509e+00 4.091362290081468345e+00 4.749404977192734911e+00 5.403243102970037626e+00 6.044782888684624211e+00 6.686616528437461682e+00
