0.000000000000000000e+00 4.750147679260408040e-01 6.042011562094558030e-01 6.801359035016503185e-01 7.332735193631378934e-01 7.741568831188487820e-01 8.073008726969419513e-01 8.351091866679780651e-01 8.591124523700273130e-01 8.802751016773981974e-01 8.991920805601694155e-01
0.000000000000000000e+00 4.948425963812042028e-01 6.281387689050461631e-01 7.060577918273338582e-01 7.606764505108003505e-01 8.027051940407545771e-01 8.367728832417924423e-01 8.654411108036583755e-01 8.903035358416673262e-01 9.122219065720855724e-01 9.317396432379609905e-01
0.000000000000000000e+00 5.347066943759273272e-01 6.756693813149468042e-01 7.575863821512029972e-01 8.152586746473389212e-01 8.596997824533900712e-01 8.960475151434366126e-01 9.267195030224684160e-01 9.532127081001817714e-01 9.766363171838747803e-01 9.976937439278117381e-01
0.000000000000000000e+00 5.710415613248187583e-01 7.182298683765111491e-01 8.040007760137086734e-01 8.647019131749402732e-01 9.118501724879024550e-01 9.502910830597102176e-01 9.829925747653760482e-01 1.011440322679845849e+00 1.036491805862169713e+00 1.058904250996420160e+00
0.000000000000000000e+00 5.969756002596113831e-01 7.483338128949981183e-01 8.370451613009208813e-01 9.002571357850683853e-01 9.493914324302750174e-01 9.899054441702901386e-01 1.024125734158587875e+00 1.053848842868319480e+00 1.080314542250562226e+00 1.104133287226432003e+00
0.000000000000000000e+00 6.141035787295550108e-01 7.682650088281661738e-01 8.593691333480819594e-01 9.243127176887355745e-01 9.752400394900178071e-01 1.016871652071131393e+00 1.052363535589392995e+00 1.083425633114529774e+00 1.110895043133496074e+00 1.135482590932952007e+00
0.000000000000000000e+00 6.254037097605760209e-01 7.815222448261920363e-01 8.741261869763548020e-01 9.406978287952370010e-01 9.925474055089580361e-01 1.035333160132722696e+00 1.071909739432157949e+00 1.103650862092763418e+00 1.131736352770531084e+00 1.157030622245656559e+00
0.000000000000000000e+00 6.322436121954524424e-01 7.898008628508250695e-01 8.835936311552359257e-01 9.511312325048493221e-01 1.003871478256769478e+00 1.047617434029234573e+00 1.084725378696020925e+00 1.117006317737832433e+00 1.145713488131150370e+00 1.171498008065100294e+00
0.000000000000000000e+00 6.361465611153107602e-01 7.947221857939439360e-01 8.895810984031413682e-01 9.577029917345498689e-01 1.011350589022185886e+00 1.055600770741875749e+00 1.093142302539490629e+00 1.125959433087700745e+00 1.155054860668315087e+00 1.181075123888149392e+00
0.000000000000000000e+00 6.383987806038931012e-01 7.977378495925222524e-01 8.934348168477299623e-01 9.621332561182498466e-01 1.016428492428531172e+00 1.060997322776529472e+00 1.098988888636085903e+00 1.132171445438871160e+00 1.161451995172683382e+00 1.187680916311364854e+00
0.000000000000000000e+00 6.396975727911922149e-01 7.996698485585511662e-01 8.959367400420887861e-01 9.652619621374469716e-01 1.019927269120671554e+00 1.064815690708201146e+00 1.103185742380446754e+00 1.136552608397323638e+00 1.165988517353980569e+00 1.192478060576831922e+00
