7.610221219246740887e+00 7.610221219246740887e+00 7.610221219246740887e+00 7.610221219246740887e+00 7.610221219246740887e+00 7.610221219246740887e+00 7.610221219246740887e+00 7.610221219246740887e+00 7.610221219246740887e+00 7.610221219246740887e+00 7.610221219246740887e+00
7.721049403851685256e+00 7.721049403851685256e+00 7.721049403851685256e+00 7.721049403851685256e+00 7.721049403851685256e+00 7.721049403851685256e+00 7.721049403851685256e+00 7.721049403851685256e+00 7.721049403851685256e+00 7.721049403851685256e+00 7.721049403851685256e+00
8.047163343549014414e+00 8.047163343549014414e+00 8.047163343549014414e+00 8.047163343549014414e+00 8.047163343549014414e+00 8.047163343549014414e+00 8.047163343549014414e+00 8.047163343549014414e+00 8.047163343549014414e+00 8.047163343549014414e+00 8.047163343549014414e+00
8.597357323498036052e+00 8.597357323498036052e+00 8.597357323498036052e+00 8.597357323498036052e+00 8.597357323498036052e+00 8.597357323498036052e+00 8.597357323498036052e+00 8.597357323498036052e+00 8.597357323498036052e+00 8.597357323498036052e+00 8.597357323498036052e+00
9.376141330177741651e+00 9.376141330177741651e+00 9.376141330177741651e+00 9.376141330177741651e+00 9.376141330177741651e+00 9.376141330177741651e+00 9.376141330177741651e+00 9.376141330177741651e+00 9.376141330177741651e+00 9.376141330177741651e+00 9.376141330177741651e+00
1.037713771325516987e+01 1.037713771325516987e+01 1.037713771325516987e+01 1.037713771325516987e+01 1.037713771325516987e+01 1.037713771325516987e+01 1.037713771325516987e+01 1.037713771325516987e+01 1.037713771325516987e+01 1.037713771325516987e+01 1.037713771325516987e+01
1.161782508832282801e+01 1.161782508832282801e+01 1.161782508832282801e+01 1.161782508832282801e+01 1.161782508832282801e+01 1.161782508832282801e+01 1.161782508832282801e+01 1.161782508832282801e+01 1.161782508832282801e+01 1.161782508832282801e+01 1.161782508832282801e+01
1.308878784748045199e+01 1.308878784748045199e+01 1.308878784748045199e+01 1.308878784748045199e+01 1.308878784748045199e+01 1.308878784748045199e+01 1.308878784748045199e+01 1.308878784748045199e+01 1.308878784748045199e+01 1.308878784748045199e+01 1.308878784748045199e+01
1.481108775249387932e+01 1.481108775249387932e+01 1.481108775249387932e+01 1.481108775249387932e+01 1.481108775249387932e+01 1.481108775249387932e+01 1.481108775249387932e+01 1.481108775249387932e+01 1.481108775249387932e+01 1.481108775249387932e+01 1.481108775249387932e+01
1.677383139044773230e+01 1.677383139044773230e+01 1.677383139044773230e+01 1.677383139044773230e+01 1.677383139044773230e+01 1.677383139044773230e+01 1.677383139044773230e+01 1.677383139044773230e+01 1.677383139044773230e+01 1.677383139044773230e+01 1.677383139044773230e+01
1.898991224871438277e+01 1.898991224871438277e+01 1.898991224871438277e+01 1.898991224871438277e+01 1.898991224871438277e+01 1.898991224871438277e+01 1.898991224871438277e+01 1.898991224871438277e+01 1.898991224871438277e+01 1.898991224871438277e+01 1.898991224871438277e+01
