-6.412959600333124399e+00 -6.412959600333124399e+00 -6.412959600333124399e+00 -6.412959600333124399e+00 -6.412959600333124399e+00 -6.412959600333124399e+00 -6.412959600333124399e+00 -6.412959600333124399e+00 -6.412959600333124399e+00 -6.412959600333124399e+00 -6.412959600333124399e+00
-6.422154933148704004e+00 -6.422154933148704004e+00 -6.422154933148704004e+00 -6.422154933148704004e+00 -6.422154933148704004e+00 -6.422154933148704004e+00 -6.422154933148704004e+00 -6.422154933148704004e+00 -6.422154933148704004e+00 -6.422154933148704004e+00 -6.422154933148704004e+00
-6.448070745434961282e+00 -6.448070745434961282e+00 -6.448070745434961282e+00 -6.448070745434961282e+00 -6.448070745434961282e+00 -6.448070745434961282e+00 -6.448070745434961282e+00 -6.448070745434961282e+00 -6.448070745434961282e+00 -6.448070745434961282e+00 -6.448070745434961282e+00
-6.488877759038587101e+00 -6.488877759038587101e+00 -6.488877759038587101e+00 -6.488877759038587101e+00 -6.488877759038587101e+00 -6.488877759038587101e+00 -6.488877759038587101e+00 -6.488877759038587101e+00 -6.488877759038587101e+00 -6.488877759038587101e+00 -6.488877759038587101e+00
-6.541004949314810801e+00 -6.541004949314810801e+00 -6.541004949314810801e+00 -6.541004949314810801e+00 -6.541004949314810801e+00 -6.541004949314810801e+00 -6.541004949314810801e+00 -6.541004949314810801e+00 -6.541004949314810801e+00 -6.541004949314810801e+00 -6.541004949314810801e+00
-6.599767540421453305e+00 -6.599767540421453305e+00 -6.599767540421453305e+00 -6.599767540421453305e+00 -6.599767540421453305e+00 -6.599767540421453305e+00 -6.599767540421453305e+00 -6.599767540421453305e+00 -6.599767540421453305e+00 -6.599767540421453305e+00 -6.599767540421453305e+00
-6.662539258199103642e+00 -6.662539258199103642e+00 -6.662539258199103642e+00 -6.662539258199103642e+00 -6.662539258199103642e+00 -6.662539258199103642e+00 -6.662539258199103642e+00 -6.662539258199103642e+00 -6.662539258199103642e+00 -6.662539258199103642e+00 -6.662539258199103642e+00
-6.725331312605703715e+00 -6.725331312605703715e+00 -6.725331312605703715e+00 -6.725331312605703715e+00 -6.725331312605703715e+00 -6.725331312605703715e+00 -6.725331312605703715e+00 -6.725331312605703715e+00 -6.725331312605703715e+00 -6.725331312605703715e+00 -6.725331312605703715e+00
-6.786720106079883408e+00 -6.786720106079883408e+00 -6.786720106079883408e+00 -6.786720106079883408e+00 -6.786720106079883408e+00 -6.786720106079883408e+00 -6.786720106079883408e+00 -6.786720106079883408e+00 -6.786720106079883408e+00 -6.786720106079883408e+00 -6.786720106079883408e+00
-6.844628862825629767e+00 -6.844628862825629767e+00 -6.844628862825629767e+00 -6.844628862825629767e+00 -6.844628862825629767e+00 -6.844628862825629767e+00 -6.844628862825629767e+00 -6.844628862825629767e+00 -6.844628862825629767e+00 -6.844628862825629767e+00 -6.844628862825629767e+00
-6.898372689087409526e+00 -6.898372689087409526e+00 -6.898372689087409526e+00 -6.898372689087409526e+00 -6.898372689087409526e+00 -6.898372689087409526e+00 -6.898372689087409526e+00 -6.898372689087409526e+00 -6.898372689087409526e+00 -6.898372689087409526e+00 -6.898372689087409526e+00
