1.128405435732150409e+03 1.487201224500376384e+03 1.581794712573321931e+03 1.634176657966202583e+03 1.670329518904078668e+03 1.697589125221712948e+03 1.719093510147854431e+03 1.737034559490942684e+03 1.752065255101766070e+03 1.765361154983128927e+03 1.777145104544116975e+03
1.143183210423150058e+03 1.504808315956306387e+03 1.600112004951115523e+03 1.653203669605647974e+03 1.689669670400551922e+03 1.717021103378029011e+03 1.738930910372294193e+03 1.756916805308608446e+03 1.772254851174046962e+03 1.785544621654938737e+03 1.797149873803461105e+03
1.187400584546130176e+03 1.558015001796075467e+03 1.655717424802962114e+03 1.710113454293440100e+03 1.747601488420344822e+03 1.775825347777904426e+03 1.798164740244332052e+03 1.816544643039269431e+03 1.832416543808477172e+03 1.846239507254952969e+03 1.858319831138529480e+03
1.262367589914871587e+03 1.647957956212238287e+03 1.749794351617688562e+03 1.806641481200239696e+03 1.845864408109166561e+03 1.875133043670558436e+03 1.898694663613803414e+03 1.917977398036063278e+03 1.934347299769133997e+03 1.948823280390826540e+03 1.961654153898361528e+03
1.369719045940857541e+03 1.776529606854264784e+03 1.884241656113007593e+03 1.944585390680828823e+03 1.986245507181292851e+03 2.017379426466640325e+03 2.042188266874113651e+03 2.062677757094441858e+03 2.080394126401185531e+03 2.095857738839367357e+03 2.109270560472862144e+03
1.511212910767476615e+03 1.946378095313016047e+03 2.061715622658611210e+03 2.126799485007586100e+03 2.171695928628071670e+03 2.205410992699743929e+03 2.232304671503345617e+03 2.254474195522844184e+03 2.273409417366485741e+03 2.289927960380115110e+03 2.304719801749356520e+03
1.690221218052124641e+03 2.160910818586782625e+03 2.286201820611022868e+03 2.357349348468525022e+03 2.406276712701027009e+03 2.442760894622065734e+03 2.472141496106923569e+03 2.496400922017116955e+03 2.517434609895951780e+03 2.535618080727634606e+03 2.551374943195288779e+03
1.909703775983154856e+03 2.424259861527002158e+03 2.562055630629622101e+03 2.640460811852197367e+03 2.694500938110653351e+03 2.734925533675699626e+03 2.767250301082568058e+03 2.794418361713338072e+03 2.817578277169158810e+03 2.837327036564710397e+03 2.855340009501725035e+03
2.174489827976788092e+03 2.741549620139579019e+03 2.894610561773592963e+03 2.981846902969569783e+03 3.042175752443201873e+03 3.087290854963001493e+03 3.123472817161632065e+03 3.153853728414782381e+03 3.179476138601434286e+03 3.201924963588508035e+03 3.221851985101782702e+03
2.488505123094024384e+03 3.119131808158232161e+03 3.290374160670222409e+03 3.388310909544532933e+03 3.456198988514642224e+03 3.507278766646119948e+03 3.548128883955062975e+03 3.582095499824495619e+03 3.610928475400223306e+03 3.636750882797981376e+03 3.658340208910690762e+03
2.857781715935504963e+03 3.563686787294337137e+03 3.757506299865792244e+03 3.868683788744911453e+03 3.945212090732244178e+03 4.003454827793433196e+03 4.049762487294059156e+03 4.088388369302834690e+03 4.122236480706251314e+03 4.150257155871858231e+03 4.176453191050427449e+03
