7.179389837034477750e+02 7.330925568470867120e+02 7.483914702860064381e+02 7.639159326941137351e+02 7.799055271724575960e+02 7.958858254350161587e+02 8.120432562444494806e+02 8.282862494265522173e+02 8.450631424714176774e+02 8.615781446777557449e+02 8.783016363428877185e+02
7.375343675300886161e+02 7.537159061453943423e+02 7.702347752568651913e+02 7.870529083115665117e+02 8.040099399665680266e+02 8.212027581096564290e+02 8.385195437548717337e+02 8.562211596795864352e+02 8.740067411753689157e+02 8.919195317995682899e+02 9.100861309211908292e+02
7.956554528725309865e+02 8.150856934945564944e+02 8.353615823322965070e+02 8.557521215668482455e+02 8.764990200784609442e+02 8.974490303911418323e+02 9.186197471480787726e+02 9.402813085145979812e+02 9.620069427321403737e+02 9.839413201590289191e+02 1.005953358959620573e+03
8.909604309254912096e+02 9.171257950391196800e+02 9.435542815683298841e+02 9.706856071490080922e+02 9.984369114827859448e+02 1.026392030540012684e+03 1.054775167750996843e+03 1.083083439570185647e+03 1.112243043480347524e+03 1.141161084970325874e+03 1.170304318954077644e+03
1.022841469976863323e+03 1.058875408810581348e+03 1.096212975047084910e+03 1.133890728938180018e+03 1.172533894005225193e+03 1.211729729697634866e+03 1.251238220150592269e+03 1.291629695072828554e+03 1.332550694486485554e+03 1.373205100088360268e+03 1.415025228985871308e+03
1.193343335476315588e+03 1.244611704563036255e+03 1.297952372381933856e+03 1.351493957843136059e+03 1.407242422074157275e+03 1.464655590284095297e+03 1.522921395012481526e+03 1.581978684746204635e+03 1.642801648860262958e+03 1.704427508369602265e+03 1.765630385842625174e+03
1.408053934833444146e+03 1.481476002282921627e+03 1.558287375633026386e+03 1.638429008480112316e+03 1.720966323123200709e+03 1.807353600088311168e+03 1.895976775621908018e+03 1.986436025063527950e+03 2.079228974441552964e+03 2.173160059053388522e+03 2.267959776146953118e+03
1.677365643723888297e+03 1.784283957961780061e+03 1.898348478289163722e+03 2.019436700943586857e+03 2.146578503635224479e+03 2.279146338458368518e+03 2.416729830758593380e+03 2.558666992630366622e+03 2.704707710140225572e+03 2.853910306148150994e+03 3.005275558816784724e+03
2.019591978318246220e+03 2.178037304576537281e+03 2.351701812815474113e+03 2.538659180502824256e+03 2.738259296328204982e+03 2.948248052996013939e+03 3.169026108962692888e+03 3.397912074105490319e+03 3.636809356980767916e+03 3.884115341348367110e+03 4.142579513562535794e+03
2.463885341961961785e+03 2.703352192334353276e+03 2.972428359899445695e+03 3.268894095288859717e+03 3.591618435202969522e+03 3.937467093360018225e+03 4.304136407283280278e+03 4.695845049508368902e+03 5.109349986780449399e+03 5.548221689256438367e+03 6.009705990371816370e+03
3.055912745589956103e+03 3.427158488454902454e+03 3.855516711357891836e+03 4.341517454391344472e+03 4.879030297122353659e+03 5.468109350675367750e+03 6.110276532711646723e+03 6.808979452877514632e+03 7.560886155844074892e+03 8.356645918455427818e+03 9.205997841369557136e+03
