1.474636841757808424e-02 1.474636841757808424e-02 1.474636841757808424e-02 1.474636841757808424e-02 1.474636841757808424e-02 1.474636841757808424e-02 1.474636841757808424e-02 1.474636841757808424e-02 1.474636841757808424e-02 1.474636841757808424e-02 1.474636841757808424e-02
1.496108923738015579e-02 1.496108923738015579e-02 1.496108923738015579e-02 1.496108923738015579e-02 1.496108923738015579e-02 1.496108923738015579e-02 1.496108923738015579e-02 1.496108923738015579e-02 1.496108923738015579e-02 1.496108923738015579e-02 1.496108923738015579e-02
1.559274241393882217e-02 1.559274241393882217e-02 1.559274241393882217e-02 1.559274241393882217e-02 1.559274241393882217e-02 1.559274241393882217e-02 1.559274241393882217e-02 1.559274241393882217e-02 1.559274241393882217e-02 1.559274241393882217e-02 1.559274241393882217e-02
1.665841371752877290e-02 1.665841371752877290e-02 1.665841371752877290e-02 1.665841371752877290e-02 1.665841371752877290e-02 1.665841371752877290e-02 1.665841371752877290e-02 1.665841371752877290e-02 1.665841371752877290e-02 1.665841371752877290e-02 1.665841371752877290e-02
1.816678810575348205e-02 1.816678810575348205e-02 1.816678810575348205e-02 1.816678810575348205e-02 1.816678810575348205e-02 1.816678810575348205e-02 1.816678810575348205e-02 1.816678810575348205e-02 1.816678810575348205e-02 1.816678810575348205e-02 1.816678810575348205e-02
2.010554656424209941e-02 2.010554656424209941e-02 2.010554656424209941e-02 2.010554656424209941e-02 2.010554656424209941e-02 2.010554656424209941e-02 2.010554656424209941e-02 2.010554656424209941e-02 2.010554656424209941e-02 2.010554656424209941e-02 2.010554656424209941e-02
2.250838676368721938e-02 2.250838676368721938e-02 2.250838676368721938e-02 2.250838676368721938e-02 2.250838676368721938e-02 2.250838676368721938e-02 2.250838676368721938e-02 2.250838676368721938e-02 2.250838676368721938e-02 2.250838676368721938e-02 2.250838676368721938e-02
2.535695122369031537e-02 2.535695122369031537e-02 2.535695122369031537e-02 2.535695122369031537e-02 2.535695122369031537e-02 2.535695122369031537e-02 2.535695122369031537e-02 2.535695122369031537e-02 2.535695122369031537e-02 2.535695122369031537e-02 2.535695122369031537e-02
2.869228744811460827e-02 2.869228744811460827e-02 2.869228744811460827e-02 2.869228744811460827e-02 2.869228744811460827e-02 2.869228744811460827e-02 2.869228744811460827e-02 2.869228744811460827e-02 2.869228744811460827e-02 2.869228744811460827e-02 2.869228744811460827e-02
3.249288630202137873e-02 3.249288630202137873e-02 3.249288630202137873e-02 3.249288630202137873e-02 3.249288630202137873e-02 3.249288630202137873e-02 3.249288630202137873e-02 3.249288630202137873e-02 3.249288630202137873e-02 3.249288630202137873e-02 3.249288630202137873e-02
3.678407108936335157e-02 3.678407108936335157e-02 3.678407108936335157e-02 3.678407108936335157e-02 3.678407108936335157e-02 3.678407108936335157e-02 3.678407108936335157e-02 3.678407108936335157e-02 3.678407108936335157e-02 3.678407108936335157e-02 3.678407108936335157e-02
