2.128871692913717998e+05 2.128871692913717998e+05 2.128871692913717998e+05 2.128871692913717998e+05 2.128871692913717998e+05 2.128871692913717998e+05 2.128871692913717998e+05 2.128871692913717998e+05 2.128871692913717998e+05 2.128871692913717998e+05 2.128871692913717998e+05
2.147491410299060226e+05 2.147491410299060226e+05 2.147491410299060226e+05 2.147491410299060226e+05 2.147491410299060226e+05 2.147491410299060226e+05 2.147491410299060226e+05 2.147491410299060226e+05 2.147491410299060226e+05 2.147491410299060226e+05 2.147491410299060226e+05
2.201983084263887140e+05 2.201983084263887140e+05 2.201983084263887140e+05 2.201983084263887140e+05 2.201983084263887140e+05 2.201983084263887140e+05 2.201983084263887140e+05 2.201983084263887140e+05 2.201983084263887140e+05 2.201983084263887140e+05 2.201983084263887140e+05
2.292412604670801957e+05 2.292412604670801957e+05 2.292412604670801957e+05 2.292412604670801957e+05 2.292412604670801957e+05 2.292412604670801957e+05 2.292412604670801957e+05 2.292412604670801957e+05 2.292412604670801957e+05 2.292412604670801957e+05 2.292412604670801957e+05
2.417534029509346001e+05 2.417534029509346001e+05 2.417534029509346001e+05 2.417534029509346001e+05 2.417534029509346001e+05 2.417534029509346001e+05 2.417534029509346001e+05 2.417534029509346001e+05 2.417534029509346001e+05 2.417534029509346001e+05 2.417534029509346001e+05
2.575037579026929452e+05 2.575037579026929452e+05 2.575037579026929452e+05 2.575037579026929452e+05 2.575037579026929452e+05 2.575037579026929452e+05 2.575037579026929452e+05 2.575037579026929452e+05 2.575037579026929452e+05 2.575037579026929452e+05 2.575037579026929452e+05
2.765007312118121190e+05 2.765007312118121190e+05 2.765007312118121190e+05 2.765007312118121190e+05 2.765007312118121190e+05 2.765007312118121190e+05 2.765007312118121190e+05 2.765007312118121190e+05 2.765007312118121190e+05 2.765007312118121190e+05 2.765007312118121190e+05
2.985000747457082616e+05 2.985000747457082616e+05 2.985000747457082616e+05 2.985000747457082616e+05 2.985000747457082616e+05 2.985000747457082616e+05 2.985000747457082616e+05 2.985000747457082616e+05 2.985000747457082616e+05 2.985000747457082616e+05 2.985000747457082616e+05
3.235416906537001487e+05 3.235416906537001487e+05 3.235416906537001487e+05 3.235416906537001487e+05 3.235416906537001487e+05 3.235416906537001487e+05 3.235416906537001487e+05 3.235416906537001487e+05 3.235416906537001487e+05 3.235416906537001487e+05 3.235416906537001487e+05
3.515176560006644577e+05 3.515176560006644577e+05 3.515176560006644577e+05 3.515176560006644577e+05 3.515176560006644577e+05 3.515176560006644577e+05 3.515176560006644577e+05 3.515176560006644577e+05 3.515176560006644577e+05 3.515176560006644577e+05 3.515176560006644577e+05
3.824585315845143632e+05 3.824585315845143632e+05 3.824585315845143632e+05 3.824585315845143632e+05 3.824585315845143632e+05 3.824585315845143632e+05 3.824585315845143632e+05 3.824585315845143632e+05 3.824585315845143632e+05 3.824585315845143632e+05 3.824585315845143632e+05
