-6.412959600333124399e+00 -7.289008526815450750e+00 -7.587043188919778913e+00 -7.766665218485286459e+00 -7.895907618367346004e+00 -7.996291695802938193e+00 -8.077739667205605656e+00 -8.146541087618970778e+00 -8.205558018205920234e+00 -8.257701647380599752e+00 -8.304457134436233900e+00
-6.422154933148704004e+00 -7.297998413858294953e+00 -7.595630787116533611e+00 -7.775582126647350378e+00 -7.904796260139846709e+00 -8.004835873041884042e+00 -8.086583707496174611e+00 -8.155062749741773587e+00 -8.214389889573794790e+00 -8.266535653536266182e+00 -8.312992907784064300e+00
-6.448070745434961282e+00 -7.323387939446547534e+00 -7.620824988385720644e+00 -7.800719432896585204e+00 -7.929936076703597791e+00 -8.029907353346061427e+00 -8.111580788048740942e+00 -8.180042557345586829e+00 -8.239374541088182013e+00 -8.291540195961715654e+00 -8.338024973068968393e+00
-6.488877759038587101e+00 -7.363063171607791446e+00 -7.660469005968479905e+00 -7.839997401802975219e+00 -7.969157643288781401e+00 -8.069030928265419789e+00 -8.150598443862691056e+00 -8.219021204240561929e+00 -8.278090103100112174e+00 -8.330281554626708385e+00 -8.377073551571811549e+00
-6.541004949314810801e+00 -7.413809687219327316e+00 -7.710409312523552217e+00 -7.889898069079208653e+00 -8.018971137862536125e+00 -8.118670131698308978e+00 -8.199852492296486162e+00 -8.268236371572129428e+00 -8.327604442616575398e+00 -8.379860512111918069e+00 -8.426380359749600757e+00
-6.599767540421453305e+00 -7.471460091182962060e+00 -7.767136267539171968e+00 -7.946592061620322056e+00 -8.075478751896298490e+00 -8.174976631162280682e+00 -8.256034904028638266e+00 -8.324418839009013027e+00 -8.383825258199067321e+00 -8.435850012756418437e+00 -8.482617255991499405e+00
-6.662539258199103642e+00 -7.532276851969072595e+00 -7.827259144338313490e+00 -8.006664288412139285e+00 -8.135028397235146258e+00 -8.234322597752907313e+00 -8.315300832764478400e+00 -8.383671778858115431e+00 -8.442890514961618464e+00 -8.495148517635243479e+00 -8.541860842007736210e+00
-6.725331312605703715e+00 -7.593276167404837906e+00 -7.887536517569969874e+00 -8.066803037618228700e+00 -8.194830018444918096e+00 -8.293902443139813840e+00 -8.374806759333296213e+00 -8.443214204271498602e+00 -8.502438228242681362e+00 -8.554640346825181041e+00 -8.601044195602298714e+00
-6.786720106079883408e+00 -7.652602067166299094e+00 -7.945904010142839979e+00 -8.124927445467619691e+00 -8.252577171202574391e+00 -8.351231669228582177e+00 -8.432066121284151450e+00 -8.500517539985594340e+00 -8.559672580529877450e+00 -8.611776380581432022e+00 -8.658078427361033391e+00
-6.844628862825629767e+00 -7.708187623429694213e+00 -8.000828155236376915e+00 -8.179243747174041346e+00 -8.306494540593121201e+00 -8.405180775909684598e+00 -8.485988884269318078e+00 -8.554197721990931313e+00 -8.613459676562342793e+00 -8.665227314806543291e+00 -8.711404679750557989e+00
-6.898372689087409526e+00 -7.759349963256681804e+00 -8.051344829604204278e+00 -8.229254082740226295e+00 -8.355911661907157395e+00 -8.454439914123213384e+00 -8.535210784270020667e+00 -8.603521857541636564e+00 -8.662438140803715214e+00 -8.714076353426207788e+00 -8.760117218967934605e+00
