-6.886633370348135941e+00 -6.963913786225020885e+00 -7.044596645537239965e+00 -7.128832659291219898e+00 -7.217168788585695438e+00 -7.309051262025604956e+00 -7.404754286355455406e+00 -7.504151147593802307e+00 -7.607912744395434856e+00 -7.714509930563508533e+00 -7.825007734383689240e+00
-6.912148061448533554e+00 -6.992328298663778696e+00 -7.076464087083877530e+00 -7.164462487351556774e+00 -7.256555036772624590e+00 -7.352694585584686138e+00 -7.452784655346476939e+00 -7.557655720927868970e+00 -7.665991613299411256e+00 -7.778442019975045696e+00 -7.895525033680314664e+00
-6.982431004922545981e+00 -7.071099745684477966e+00 -7.165449361433275044e+00 -7.264360392779053655e+00 -7.368309302146371920e+00 -7.477187073149252683e+00 -7.591140460390306544e+00 -7.710389790576300584e+00 -7.834975903824670240e+00 -7.964934391027782112e+00 -8.099173836839327123e+00
-7.082947726317797787e+00 -7.186743048841890413e+00 -7.296592069214966614e+00 -7.413449316205515061e+00 -7.537182860374741722e+00 -7.667862044727371540e+00 -7.805761708514182828e+00 -7.950478127815586049e+00 -8.102634223316272255e+00 -8.261118756032374222e+00 -8.426697869545023423e+00
-7.198238254044554196e+00 -7.321127140996395610e+00 -7.453777297181659378e+00 -7.595362056104931980e+00 -7.747295343113364652e+00 -7.909675352275371552e+00 -8.081291848626278806e+00 -8.263648018553794827e+00 -8.456097391936054919e+00 -8.656301058857934549e+00 -8.867227008129702881e+00
-7.317231699169497006e+00 -7.464286358801473398e+00 -7.625201276292500552e+00 -7.798918289459834341e+00 -7.987403416023880709e+00 -8.191059829594451003e+00 -8.408050090562028345e+00 -8.639142428444756661e+00 -8.884375588531838730e+00 -9.142256401908525731e+00 -9.411883289198158309e+00
-7.433154716803983320e+00 -7.607769976180861704e+00 -7.801842017019225750e+00 -8.015471833554329351e+00 -8.248658456832345109e+00 -8.503058317299291957e+00 -8.776829406204342376e+00 -9.068995726265711710e+00 -9.380884395672183018e+00 -9.708802042317984160e+00 -1.005389445987384534e+01
-7.541885214959620498e+00 -7.747449536735075526e+00 -7.979234697224455886e+00 -8.238897897099377587e+00 -8.525679729675175622e+00 -8.839583730536105577e+00 -9.181109011638909578e+00 -9.547716427587147336e+00 -9.939152044753427617e+00 -1.035280524349218467e+01 -1.078747653699974762e+01
-7.641142910251801368e+00 -7.879827789474802557e+00 -8.154355079401284456e+00 -8.465675500236102380e+00 -8.814589021072606556e+00 -9.198650198908580933e+00 -9.618880185560556129e+00 -1.007164569465385284e+01 -1.055439701546856668e+01 -1.106491961519350298e+01 -1.159906756362761371e+01
-7.730294278080691583e+00 -8.004159702832112089e+00 -8.324823406896030065e+00 -8.694508581902482547e+00 -9.112703420556499623e+00 -9.577568627821165137e+00 -1.008634272917697672e+01 -1.063457140736863948e+01 -1.121866971077542985e+01 -1.183450376493419753e+01 -1.247902104860986583e+01
-7.809324359062884469e+00 -8.120297062814643141e+00 -8.490964959040866233e+00 -8.924815455677162390e+00 -9.419318771200778428e+00 -9.972124349522346165e+00 -1.057726046237075934e+01 -1.122921904460963560e+01 -1.192257645513018360e+01 -1.265112721491459524e+01 -1.341238276355579728e+01
