0.000000000000000000e+00 8.760489264823263511e-01 1.174083588586654514e+00 1.353705618152162060e+00 1.482948018034221604e+00 1.583332095469813794e+00 1.664780066872481257e+00 1.733581487285846379e+00 1.792598417872795835e+00 1.844742047047475353e+00 1.891497534103109501e+00
0.000000000000000000e+00 8.758434807095909491e-01 1.173475853967829607e+00 1.353427193498646375e+00 1.482641326991142705e+00 1.582680939893180039e+00 1.664428774347470608e+00 1.732907816593069583e+00 1.792234956425090786e+00 1.844380720387562178e+00 1.890837974635360297e+00
0.000000000000000000e+00 8.753171940115862526e-01 1.172754242950759362e+00 1.352648687461623922e+00 1.481865331268636510e+00 1.581836607911100145e+00 1.663510042613779660e+00 1.731971811910625547e+00 1.791303795653220732e+00 1.843469450526754372e+00 1.889954227634007111e+00
0.000000000000000000e+00 8.741854125692043453e-01 1.171591246929892804e+00 1.351119642764388118e+00 1.480279884250194300e+00 1.580153169226832688e+00 1.661720684824103955e+00 1.730143445201974828e+00 1.789212344061525073e+00 1.841403795588121284e+00 1.888195792533224449e+00
0.000000000000000000e+00 8.728047379045165144e-01 1.169404363208741415e+00 1.348893119764397852e+00 1.477966188547725324e+00 1.577665182383498177e+00 1.658847542981675360e+00 1.727231422257318627e+00 1.786599493301764596e+00 1.838855562797107268e+00 1.885375410434789956e+00
0.000000000000000000e+00 8.716925507615087554e-01 1.167368727117718663e+00 1.346824521198868752e+00 1.475711211474845186e+00 1.575209090740827378e+00 1.656267363607184961e+00 1.724651298587559722e+00 1.784057717777614016e+00 1.836082472334965132e+00 1.882849715570046101e+00
0.000000000000000000e+00 8.697375937699689530e-01 1.164719886139209848e+00 1.344125030213035643e+00 1.472489139036042616e+00 1.571783339553803671e+00 1.652761574565374758e+00 1.721132520659011789e+00 1.780351256762514822e+00 1.832609259436139837e+00 1.879321583808632568e+00
0.000000000000000000e+00 8.679448547991341911e-01 1.162205204964266159e+00 1.341471725012524985e+00 1.469498705839214381e+00 1.568571130534110125e+00 1.649475446727592498e+00 1.717882891665794887e+00 1.777106915636977646e+00 1.829309034219477326e+00 1.875712882996594999e+00
0.000000000000000000e+00 8.658819610864156857e-01 1.159183904062956572e+00 1.338207339387736283e+00 1.465857065122690983e+00 1.564511563148698770e+00 1.645346015204268042e+00 1.713797433905710932e+00 1.772952474449994043e+00 1.825056274501548614e+00 1.871358321281149983e+00
0.000000000000000000e+00 8.635587606040644459e-01 1.156199292410747148e+00 1.334614884348411579e+00 1.461865677767491434e+00 1.560551913084054831e+00 1.641360021443688311e+00 1.709568859165301546e+00 1.768830813736713026e+00 1.820598451980913524e+00 1.866775816924928222e+00
0.000000000000000000e+00 8.609772741692722775e-01 1.152972140516794752e+00 1.330881393652816769e+00 1.457538972819747869e+00 1.556067225035803858e+00 1.636838095182611141e+00 1.705149168454227038e+00 1.764065451716305688e+00 1.815703664338798262e+00 1.861744529880525079e+00
