4.335792344679459398e-02 4.159165195281444571e-02 3.990534181399003205e-02 3.826386832628142498e-02 3.671885337111302494e-02 3.521211825583597105e-02 3.377670339394396593e-02 3.239350993274062868e-02 3.107984978209566915e-02 2.981336943246694696e-02 2.861147485735646145e-02
4.531558757801439768e-02 4.339322456383321730e-02 4.156733537390500111e-02 3.980475764114851933e-02 3.810758211787894367e-02 3.648915917328185432e-02 3.493518857821427404e-02 3.345726003435176010e-02 3.205320186343023348e-02 3.069761173127767001e-02 2.941852781985294235e-02
5.121679582360347260e-02 4.880241919525811489e-02 4.650035016490311479e-02 4.429667119536668390e-02 4.218614311180907822e-02 4.019313768614061338e-02 3.829369736768657717e-02 3.650368100023747286e-02 3.480280303944397607e-02 3.318877295626085355e-02 3.166083687531580371e-02
6.112962440704733380e-02 5.774282104117326592e-02 5.455898887954038767e-02 5.154311456848402473e-02 4.869331442556602829e-02 4.600864020104345614e-02 4.348192453853813588e-02 4.115374301626161663e-02 3.891888881497863883e-02 3.686635377654326473e-02 3.493716705021877172e-02
7.507394604349700018e-02 7.017676238053317805e-02 6.555595655660079180e-02 6.123851491499310989e-02 5.721753179766541492e-02 5.349098562834518622e-02 5.003379580484292044e-02 4.686423341342279419e-02 4.392415884402488258e-02 4.123657652846710736e-02 3.877416694144854292e-02
9.309268424972542977e-02 8.588153211877720683e-02 7.917046926248787198e-02 7.298922788991853150e-02 6.731728557362891274e-02 6.213847482401626404e-02 5.744239876078948565e-02 5.319669786648505844e-02 4.936814890504654524e-02 4.594123579163837678e-02 4.284009037917659024e-02
1.151825449777235666e-01 1.047086090975163364e-01 9.510220362364994739e-02 8.640959916369796157e-02 7.854946903225458466e-02 7.155138755857505528e-02 6.532533833928033662e-02 5.983997000645634168e-02 5.498935395055377234e-02 5.072810651684567240e-02 4.699342084311494694e-02
1.414756804136292068e-01 1.265004135234986948e-01 1.130627333825583308e-01 1.011344006325889805e-01 9.058785655739165499e-02 8.141161264806698328e-02 7.345567383591472543e-02 6.660517166991093696e-02 6.073812177249558047e-02 5.568003148810915515e-02 5.132313739067831393e-02
1.722031987580053269e-01 1.511779049968052235e-01 1.327959592562226177e-01 1.169111461718508327e-01 1.032083858210121469e-01 9.159620039853692830e-02 8.188161853889279473e-02 7.360848366014420552e-02 6.669514858530369017e-02 6.089313165389396987e-02 5.597521278312053705e-02
2.074544522382843481e-01 1.787384414741630123e-01 1.542178109915975648e-01 1.335445067370608918e-01 1.163245309977323505e-01 1.021090298838427529e-01 9.048742863532645286e-02 8.089490946725370890e-02 7.303724026049654428e-02 6.653602557296221798e-02 6.107281354148215435e-02
2.472348445283453489e-01 2.091648002437663800e-01 1.771594801535755215e-01 1.510445124158717456e-01 1.299463201372823840e-01 1.130399310427551152e-01 9.953216669797063099e-02 8.866999855023270649e-02 7.988659765012956493e-02 7.269124852505386147e-02 6.667842486042035999e-02
