-6.886633370348135941e+00 -6.812789838899334427e+00 -6.742585244574001990e+00 -6.675457459838071372e+00 -6.611828796463669278e+00 -6.550989555173146073e+00 -6.493338031134044286e+00 -6.438529653620207682e+00 -6.386787974297476467e+00 -6.337413021828979254e+00 -6.290216401568613946e+00
-6.912148061448533554e+00 -6.835533962788758799e+00 -6.762932969148096163e+00 -6.693751942591916304e+00 -6.627903297223383561e+00 -6.565366738454031292e+00 -6.505975812993710861e+00 -6.449962684033380356e+00 -6.397163668087159749e+00 -6.346650176332332194e+00 -6.298603773349896073e+00
-6.982431004922545981e+00 -6.897946180397411808e+00 -6.818086974402831402e+00 -6.742521063868480269e+00 -6.671031589947233442e+00 -6.603618083106994163e+00 -6.539914128785312641e+00 -6.480262536868394818e+00 -6.424121939970063977e+00 -6.370891653685248457e+00 -6.320586888337857090e+00
-7.082947726317797787e+00 -6.985556005303806160e+00 -6.894491778279189020e+00 -6.809242320639896207e+00 -6.729486093514424283e+00 -6.654877876928367186e+00 -6.584988632333988789e+00 -6.520074498097528704e+00 -6.459260480347438715e+00 -6.402741669953684323e+00 -6.349592404345457908e+00
-7.198238254044554196e+00 -7.084324151714099571e+00 -6.978834092718898319e+00 -6.881436742805817630e+00 -6.791580553195672110e+00 -6.708718135916569736e+00 -6.632083110445819329e+00 -6.561559045498142950e+00 -6.496271235599124338e+00 -6.436158908691140823e+00 -6.380192858647205867e+00
-7.317231699169497006e+00 -7.183285026861994993e+00 -7.061326548879151233e+00 -6.950616379210259765e+00 -6.850065169244771823e+00 -6.758795889494649600e+00 -6.675710861505649518e+00 -6.600052137509919703e+00 -6.531024857460579369e+00 -6.468008610456308816e+00 -6.409885181310528424e+00
-7.433154716803983320e+00 -7.276599611599522177e+00 -7.136836691883218009e+00 -7.012498507094278466e+00 -6.901442851281899493e+00 -6.802487857865344267e+00 -6.713870867504738271e+00 -6.634196686762152240e+00 -6.562308323380420916e+00 -6.497225795013946481e+00 -6.437671886109455954e+00
-7.541885214959620498e+00 -7.361190894866012968e+00 -7.203075920893752482e+00 -7.065362585301045328e+00 -6.944842751865508035e+00 -6.839380665878707077e+00 -6.746375051516224630e+00 -6.663758647300710436e+00 -6.590040895025595091e+00 -6.523549756464490201e+00 -6.463113549929403234e+00
-7.641142910251801368e+00 -7.435422099122661166e+00 -7.259350191139674280e+00 -7.109039835959265474e+00 -6.980516621166316327e+00 -6.869854594333446585e+00 -6.773614204328623600e+00 -6.688975823133660015e+00 -6.614006327989045531e+00 -6.546718397432414349e+00 -6.485768122583976947e+00
-7.730294278080691583e+00 -7.499225069572275970e+00 -7.305992839952523354e+00 -7.144565865266486071e+00 -7.009214873913151678e+00 -6.894585487010772340e+00 -6.796064561451203190e+00 -6.710092622364754789e+00 -6.634350020962301642e+00 -6.566575348217156716e+00 -6.505291097382723819e+00
-7.809324359062884469e+00 -7.553177327950834297e+00 -7.343681289399683010e+00 -7.172631128494685981e+00 -7.031803393409063574e+00 -6.914241488178959116e+00 -6.814171822443313431e+00 -6.727330858047935180e+00 -6.651091770057973918e+00 -6.583000757440458983e+00 -6.521492352228960954e+00
