1.299766137732365169e+05 1.320392299360347388e+05 1.341387463370359910e+05 1.362363627762961551e+05 1.384191355258048861e+05 1.405767657463394280e+05 1.427823308805871056e+05 1.450184108004508598e+05 1.472573867826950445e+05 1.494496587919303856e+05 1.517365762479703990e+05
1.332124396805064753e+05 1.353868164637445589e+05 1.376487228251584165e+05 1.399203801428934676e+05 1.421976153509028663e+05 1.445312368623922521e+05 1.468499049566992035e+05 1.492486022036973445e+05 1.516486313134472002e+05 1.540034458779745910e+05 1.564508925684964634e+05
1.426007325663558440e+05 1.452420357096776424e+05 1.479330294979029568e+05 1.506351330936640152e+05 1.533481996180942515e+05 1.561451372939501598e+05 1.589395503922814387e+05 1.617990942063394468e+05 1.646460802843131823e+05 1.675026786084238556e+05 1.703728075927253230e+05
1.574688394709667482e+05 1.608218035254634742e+05 1.642931727104151505e+05 1.678052971785411355e+05 1.713579727580594481e+05 1.749385459896444518e+05 1.785401230788365938e+05 1.822074495047708624e+05 1.858638937217540806e+05 1.895888330172630958e+05 1.932879371648747474e+05
1.770189835279324616e+05 1.815581967945989163e+05 1.861609159300415777e+05 1.908795038514726621e+05 1.956480478637271153e+05 2.004643396463482059e+05 2.053264594174568483e+05 2.102347540475937421e+05 2.151215137132709497e+05 2.200419992713301617e+05 2.249243492179257155e+05
2.007861180723277794e+05 2.068575034101864730e+05 2.130907417793088534e+05 2.194836983346919005e+05 2.259393711266126193e+05 2.324402425056399952e+05 2.390272683599329903e+05 2.456290469196541817e+05 2.521942153759142966e+05 2.587188407207362470e+05 2.652599277600194910e+05
2.285866625256291591e+05 2.366527786054106546e+05 2.449698263104568468e+05 2.534830895973696024e+05 2.621713979617196601e+05 2.709315392310814932e+05 2.797160332941226661e+05 2.884754354821187444e+05 2.972002005373246502e+05 3.058441955366728944e+05 3.144687506632991135e+05
2.606312366265944438e+05 2.711322596938639181e+05 2.820215847395873861e+05 2.932416258641103050e+05 3.046328481206538854e+05 3.161169640437141061e+05 3.276229491092604585e+05 3.390452819536526222e+05 3.503941499565101694e+05 3.616069406312084175e+05 3.725959404732265393e+05
2.975118992291175527e+05 3.108377789956282941e+05 3.247873869244704838e+05 3.392152798701407737e+05 3.538058721980371047e+05 3.685201645753260818e+05 3.832391487399968319e+05 3.977567408426954644e+05 4.121308650076354388e+05 4.261884839463761309e+05 4.401011172493721824e+05
3.405198176316406461e+05 3.568873015427984064e+05 3.742642805438924697e+05 3.922159801215857733e+05 4.105172750147493207e+05 4.289046371322538471e+05 4.471834893051080289e+05 4.652225391705500660e+05 4.829901266596073983e+05 5.002601275128956186e+05 5.172224571989839897e+05
3.916412525780376163e+05 4.111768581179772737e+05 4.319990126849971130e+05 4.537743418546412140e+05 4.759953169801266049e+05 4.983177703051501885e+05 5.205179193166178302e+05 5.422844496847635601e+05 5.636597416603099555e+05 5.844941626790692098e+05 6.048349423468048917e+05
