0.000000000000000000e+00 1.511239473256864585e-01 3.020114009632379748e-01 4.533751994531485252e-01 6.053399921220261604e-01 7.580617068524588831e-01 9.114162552214111201e-01 1.065621493973594625e+00 1.221124770097958390e+00 1.377096908734529279e+00 1.534791332815075293e+00
0.000000000000000000e+00 1.567943358750198968e-01 3.135311179357813671e-01 4.707105447596404701e-01 6.286517395492410287e-01 7.873278471306548454e-01 9.468088423527660780e-01 1.107693036894488614e+00 1.268827945212251507e+00 1.431791843642713502e+00 1.596921260330418590e+00
0.000000000000000000e+00 1.731535652870661579e-01 3.473623870304436423e-01 5.218393289105733857e-01 6.972777121991384774e-01 8.735689900422585197e-01 1.051226331604993902e+00 1.230127253707905766e+00 1.410853963854606263e+00 1.594042737342533655e+00 1.778586948501470033e+00
0.000000000000000000e+00 2.011870435380842537e-01 4.021002909357775934e-01 6.042069955656188540e-01 8.076967668603174388e-01 1.012984167799004354e+00 1.220773076180194039e+00 1.430403629718057346e+00 1.643373742968833540e+00 1.858377086078689899e+00 2.077105465199565515e+00
0.000000000000000000e+00 2.368029892822960392e-01 4.749432044627610594e-01 7.139253132991143502e-01 9.557147899176925421e-01 1.200957216358801816e+00 1.449208738180459477e+00 1.702088973055651877e+00 1.959826156336930580e+00 2.220142150166793726e+00 2.487034149482497014e+00
0.000000000000000000e+00 2.810013319394784048e-01 5.638747274133493192e-01 8.483019102495745756e-01 1.137338246779108886e+00 1.432263940099801403e+00 1.732339229056378826e+00 2.039090290934836958e+00 2.353350731071259361e+00 2.674247791452216916e+00 3.001998107887629885e+00
0.000000000000000000e+00 3.311703645813395269e-01 6.650053251360077411e-01 1.002973326460050885e+00 1.347215605550445616e+00 1.700570459433947690e+00 2.062958538699604105e+00 2.434799039503559470e+00 2.818576072291762102e+00 3.211576247304037679e+00 3.616222573764389381e+00
0.000000000000000000e+00 3.862586418690625578e-01 7.761587763307034038e-01 1.173535311798332259e+00 1.580836977809667587e+00 2.000203064657398500e+00 2.434733960122684948e+00 2.883957780286436900e+00 3.349111149727832526e+00 3.829255487027694471e+00 4.324362987070344388e+00
0.000000000000000000e+00 4.444056903521413915e-01 8.950048882616101764e-01 1.356635664276836906e+00 1.834072399906290229e+00 2.328795604575134348e+00 2.845265981231932528e+00 3.382669871520192828e+00 3.940390687479521148e+00 4.518201217761088628e+00 5.113299441043636762e+00
0.000000000000000000e+00 5.049346332598361187e-01 1.018830566943506710e+00 1.549942716635996476e+00 2.103488546643347945e+00 2.682983140810392797e+00 3.290278167725773528e+00 3.924478785003884695e+00 4.584319689813128207e+00 5.267928416717040818e+00 5.973729951227142010e+00
0.000000000000000000e+00 5.671197348638088442e-01 1.147283669641183224e+00 1.752184327182476409e+00 2.387515377791714855e+00 3.057882861343387049e+00 3.763088639927445911e+00 4.501888186561700422e+00 5.271484685072209686e+00 6.068126457474136259e+00 6.890890411326836329e+00
