2.238010646868777265e+00 2.343746737253756596e+00 2.476974230193502713e+00 2.639978074006128494e+00 2.836431316870597463e+00 3.063814216334659335e+00 3.323737841000460769e+00 3.615799138138413582e+00 3.944936768658448667e+00 4.303031468569034956e+00 4.694641089504147935e+00
2.339065735787986711e+00 2.453443350457311212e+00 2.597971580848952744e+00 2.774640626610968663e+00 2.984523283278208261e+00 3.229012752991619717e+00 3.507792689870362857e+00 3.824066214314924217e+00 4.175580715739934057e+00 4.562101758087595549e+00 4.986706005220774784e+00
2.643693074882320193e+00 2.785593720091880332e+00 2.966148191536392975e+00 3.183427426389821679e+00 3.440890875434655882e+00 3.739453032490472673e+00 4.080649714580884435e+00 4.467959655990097367e+00 4.898960884760323431e+00 5.373557087945920685e+00 5.893690718864023737e+00
3.155416572887989712e+00 3.355696457288119827e+00 3.598031189198739543e+00 3.891309080288031019e+00 4.238382717130869892e+00 4.639839772639175131e+00 5.098598611846283823e+00 5.612340693257376500e+00 6.192575273775994482e+00 6.828301158180393848e+00 7.526731415885383747e+00
3.875271582588206698e+00 4.163694881831514927e+00 4.516143526191402024e+00 4.930367009237206055e+00 5.419942429922246951e+00 5.985175208226825028e+00 6.628930680715582113e+00 7.361780566444383389e+00 8.181669085022166499e+00 9.084211586664268978e+00 1.008634905391626368e+01
4.805506772869295062e+00 5.231007176724081553e+00 5.743654209776958730e+00 6.339693900389184122e+00 7.046852388123195254e+00 7.871322649364641322e+00 8.810930078681582955e+00 9.871373534686886941e+00 1.107553413970519252e+01 1.240704085355542574e+01 1.386397572824860802e+01
5.945960327123639644e+00 6.565891292461084383e+00 7.309438657267204320e+00 8.191048404149443130e+00 9.219120644552820210e+00 1.042191400645394417e+01 1.179722654113081504e+01 1.335441503947686392e+01 1.510278868323212187e+01 1.704068226870756320e+01 1.917373149273582911e+01
7.303490858290265564e+00 8.200985597406891259e+00 9.275361952346164784e+00 1.055025137427676540e+01 1.204092128596414923e+01 1.376580731769798049e+01 1.574187258568223235e+01 1.796822137449177959e+01 2.047831169532597428e+01 2.324972677286425693e+01 2.630568191346609908e+01
8.890066660320840697e+00 1.015904632540577701e+01 1.168455213368860690e+01 1.348864037261536630e+01 1.559662152874890495e+01 1.801796573434826954e+01 2.078464445912733183e+01 2.392097174128625880e+01 2.743733241938810963e+01 3.136693652831283430e+01 3.569298254652038338e+01
1.071030923757136577e+01 1.245959631182968508e+01 1.456563779898296396e+01 1.705466788341054141e+01 1.995137123814680891e+01 2.329767430276098494e+01 2.712533225062559694e+01 3.146933494273340415e+01 3.634217112855154141e+01 4.178258893261534723e+01 4.778808938664041506e+01
1.276452070644725367e+01 1.512692388085111261e+01 1.795962333448116510e+01 2.131870831826954316e+01 2.523535200172127801e+01 2.977777504931889041e+01 3.498406606865331270e+01 4.088936050764388597e+01 4.748695008277542229e+01 5.481055239929136746e+01 6.291253549874262774e+01
