4.123871540897412480e+00 4.123871540897412480e+00 4.123871540897412480e+00 4.123871540897412480e+00 4.123871540897412480e+00 4.123871540897412480e+00 4.123871540897412480e+00 4.123871540897412480e+00 4.123871540897412480e+00 4.123871540897412480e+00 4.123871540897412480e+00
4.456212750229544994e+00 4.456212750229544994e+00 4.456212750229544994e+00 4.456212750229544994e+00 4.456212750229544994e+00 4.456212750229544994e+00 4.456212750229544994e+00 4.456212750229544994e+00 4.456212750229544994e+00 4.456212750229544994e+00 4.456212750229544994e+00
5.467418823009015938e+00 5.467418823009015938e+00 5.467418823009015938e+00 5.467418823009015938e+00 5.467418823009015938e+00 5.467418823009015938e+00 5.467418823009015938e+00 5.467418823009015938e+00 5.467418823009015938e+00 5.467418823009015938e+00 5.467418823009015938e+00
7.238483146906695254e+00 7.238483146906695254e+00 7.238483146906695254e+00 7.238483146906695254e+00 7.238483146906695254e+00 7.238483146906695254e+00 7.238483146906695254e+00 7.238483146906695254e+00 7.238483146906695254e+00 7.238483146906695254e+00 7.238483146906695254e+00
9.833761340424903352e+00 9.833761340424903352e+00 9.833761340424903352e+00 9.833761340424903352e+00 9.833761340424903352e+00 9.833761340424903352e+00 9.833761340424903352e+00 9.833761340424903352e+00 9.833761340424903352e+00 9.833761340424903352e+00 9.833761340424903352e+00
1.332685293603498167e+01 1.332685293603498167e+01 1.332685293603498167e+01 1.332685293603498167e+01 1.332685293603498167e+01 1.332685293603498167e+01 1.332685293603498167e+01 1.332685293603498167e+01 1.332685293603498167e+01 1.332685293603498167e+01 1.332685293603498167e+01
1.776832541286637479e+01 1.776832541286637479e+01 1.776832541286637479e+01 1.776832541286637479e+01 1.776832541286637479e+01 1.776832541286637479e+01 1.776832541286637479e+01 1.776832541286637479e+01 1.776832541286637479e+01 1.776832541286637479e+01 1.776832541286637479e+01
2.321079839024930536e+01 2.321079839024930536e+01 2.321079839024930536e+01 2.321079839024930536e+01 2.321079839024930536e+01 2.321079839024930536e+01 2.321079839024930536e+01 2.321079839024930536e+01 2.321079839024930536e+01 2.321079839024930536e+01 2.321079839024930536e+01
2.960502598247962069e+01 2.960502598247962069e+01 2.960502598247962069e+01 2.960502598247962069e+01 2.960502598247962069e+01 2.960502598247962069e+01 2.960502598247962069e+01 2.960502598247962069e+01 2.960502598247962069e+01 2.960502598247962069e+01 2.960502598247962069e+01
3.714771695138969676e+01 3.714771695138969676e+01 3.714771695138969676e+01 3.714771695138969676e+01 3.714771695138969676e+01 3.714771695138969676e+01 3.714771695138969676e+01 3.714771695138969676e+01 3.714771695138969676e+01 3.714771695138969676e+01 3.714771695138969676e+01
4.564565756892882575e+01 4.564565756892882575e+01 4.564565756892882575e+01 4.564565756892882575e+01 4.564565756892882575e+01 4.564565756892882575e+01 4.564565756892882575e+01 4.564565756892882575e+01 4.564565756892882575e+01 4.564565756892882575e+01 4.564565756892882575e+01
