2.287652063456313840e+02 3.101321582874943488e+02 3.329505470233998494e+02 3.460609794097340455e+02 3.546198484574840109e+02 3.617390451897103958e+02 3.668353594528585973e+02 3.715261723901510891e+02 3.747576374866056881e+02 3.783645829057171568e+02 3.814559144203052483e+02
2.443163102423176269e+02 3.292561263615547205e+02 3.531863276006039882e+02 3.670155389512750048e+02 3.760440882335084893e+02 3.831707088038970141e+02 3.887520052604105558e+02 3.935228675860934686e+02 3.968003937484351695e+02 4.007850122309255312e+02 4.039988233951478946e+02
2.929679181332313647e+02 3.902883506042765021e+02 4.177844451818782545e+02 4.334032324134219607e+02 4.435334431866774594e+02 4.519501628838298188e+02 4.578896949316621772e+02 4.638928315029547775e+02 4.680348996243906754e+02 4.713003611069188992e+02 4.755749082498807070e+02
3.805500889538950560e+02 4.993274091563311003e+02 5.325095236508030894e+02 5.512267295371104865e+02 5.649741339212633875e+02 5.747655091974721699e+02 5.833056447545196761e+02 5.893534934704756552e+02 5.946522647431032738e+02 6.004216187211982287e+02 6.048081843081896523e+02
5.163044657298115681e+02 6.690317097053579118e+02 7.123122969665474784e+02 7.377989874242226733e+02 7.537281349987688372e+02 7.685585368080998023e+02 7.783641284108481386e+02 7.858216114549768463e+02 7.946301763648714314e+02 8.020082416143698083e+02 8.076372504392759311e+02
7.118232789580407598e+02 9.135230583692780328e+02 9.699076982809572200e+02 1.006524883952019536e+03 1.028096389570820975e+03 1.048552723222140912e+03 1.062191166031505645e+03 1.070417494884557300e+03 1.082233989926035520e+03 1.093002156715088859e+03 1.101336743291791208e+03
9.822457002731644025e+02 1.252850890136720182e+03 1.331984284650073960e+03 1.376982434762591538e+03 1.410827869189507965e+03 1.428300094790351977e+03 1.451483104071592606e+03 1.471685683482287232e+03 1.485658843050552605e+03 1.495190454490419143e+03 1.501976218882184867e+03
1.332664809750112227e+03 1.689540459954288735e+03 1.799444791214708857e+03 1.865871394238096855e+03 1.908996736953463369e+03 1.927231493766571475e+03 1.963505388926968408e+03 1.991492463355125437e+03 2.011259117113542516e+03 2.024887741840912440e+03 2.033846619886883900e+03
1.757472972495462045e+03 2.221637750478179441e+03 2.364968061260340619e+03 2.438664894050176372e+03 2.497479655201562309e+03 2.548570794914162889e+03 2.581240507387900834e+03 2.600388521756364298e+03 2.599390362418349923e+03 2.630538804502909443e+03 2.656961104404153957e+03
2.279899445226711578e+03 2.841830817575441415e+03 3.001529448697250700e+03 3.111983871998537779e+03 3.161779978015933011e+03 3.205842109671728394e+03 3.262472280723186486e+03 3.303556830687733964e+03 3.332879097636535789e+03 3.354726345110470447e+03 3.371205243865490957e+03
2.909281062795390881e+03 3.567658644315057245e+03 3.799867079885684234e+03 3.872212470096928882e+03 3.988383274983685169e+03 4.062331046012408478e+03 4.108288365150624486e+03 4.136990232389337507e+03 4.155376578161884026e+03 4.167040932811503808e+03 4.174138730849896092e+03
