-5.893823171758413082e+00 -6.396239029709249735e+00 -6.585844667464698432e+00 -6.706816794907354051e+00 -6.795533042375609512e+00 -6.865771905380825046e+00 -6.924038522029150045e+00 -6.973827771591459168e+00 -7.017414024332538247e+00 -7.056004358448262792e+00 -7.090600942541641416e+00
-5.984158298324473435e+00 -6.492651102260424523e+00 -6.685072019612562144e+00 -6.807615392939624144e+00 -6.897534868392540375e+00 -6.968791011295252247e+00 -7.027764634123741416e+00 -7.078312722009286517e+00 -7.122451962666673353e+00 -7.161502334121905733e+00 -7.196437733760831179e+00
-6.219587927265820326e+00 -6.745270536936004646e+00 -6.945077113759907661e+00 -7.071686281859001610e+00 -7.164579459116794169e+00 -7.238277078653482022e+00 -7.299350749843142694e+00 -7.351626076542743249e+00 -7.397032532429875573e+00 -7.437153845228749560e+00 -7.472967591944325250e+00
-6.527170763554750010e+00 -7.074979375418479322e+00 -7.283791217279940611e+00 -7.415668377117981436e+00 -7.512668942377786152e+00 -7.589563888745033182e+00 -7.653253831747861113e+00 -7.707312829239526764e+00 -7.754137120740779210e+00 -7.795572910315968329e+00 -7.832777190375054488e+00
-6.840662331716885092e+00 -7.411842298672127072e+00 -7.629264962415618356e+00 -7.766653021801175782e+00 -7.867701193659740966e+00 -7.947749506973195821e+00 -8.013488155091181397e+00 -8.069209714733005967e+00 -8.117694517408381216e+00 -8.160592962216469459e+00 -8.198726730763155501e+00
-7.123874906574201304e+00 -7.716688360840635141e+00 -7.941691607236862183e+00 -8.084003096530068433e+00 -8.188696402736240998e+00 -8.270913760898110922e+00 -8.338344709627563134e+00 -8.395804757416044595e+00 -8.445522237401746679e+00 -8.488886143106356030e+00 -8.527422997151006712e+00
-7.364861083657160634e+00 -7.976058721727895318e+00 -8.207500029318907764e+00 -8.354035450258379569e+00 -8.461235474140266888e+00 -8.545043563564831857e+00 -8.614226443693041801e+00 -8.672585461194103118e+00 -8.722528056052397005e+00 -8.766335897151293466e+00 -8.805365640924719628e+00
-7.564190352557488950e+00 -8.190539296705537708e+00 -8.427264335576182930e+00 -8.577104184219933813e+00 -8.685889466523804003e+00 -8.771343494147004094e+00 -8.841361495469755027e+00 -8.899826343527820427e+00 -8.950128604392375564e+00 -8.994403280110418564e+00 -9.033742414503649343e+00
-7.727428545553266304e+00 -8.366031761921476573e+00 -8.607133586072450271e+00 -8.759255226843379205e+00 -8.869338948952645296e+00 -8.955913153302390128e+00 -9.025951151641493198e+00 -9.084662063047289848e+00 -9.135326414219889557e+00 -9.179774761199951172e+00 -9.219185007616033545e+00
-7.861063352454948472e+00 -8.509618103482353035e+00 -8.754247644501447212e+00 -8.907823186324094422e+00 -9.019184477940143552e+00 -9.105969828171510017e+00 -9.175990003506740322e+00 -9.235030767184071010e+00 -9.285848764953698264e+00 -9.330288999961339869e+00 -9.369573673448030604e+00
-7.970854849878378445e+00 -8.627681027795915725e+00 -8.875072947856097016e+00 -9.029643758080055704e+00 -9.141913339419261320e+00 -9.228514822883880697e+00 -9.298740724414528813e+00 -9.357875066776614403e+00 -9.408667769290332217e+00 -9.452947412777575664e+00 -9.492032959384232527e+00
