2.857546109416118725e+02 3.020251504864407934e+02 3.197045883342328239e+02 3.387698581519860568e+02 3.590842950604918542e+02 3.809396111443384143e+02 4.039593367196526970e+02 4.286247008951945645e+02 4.542212427994927566e+02 4.820383170255471441e+02 5.111812194138957466e+02
3.184219381572687553e+02 3.378803057515660271e+02 3.592372202271179162e+02 3.820781353044461071e+02 4.069175261478432617e+02 4.333312435176637223e+02 4.619227949437592997e+02 4.915050859428412195e+02 5.237892619106874008e+02 5.577085248555466706e+02 5.933939936728346538e+02
4.280249694201718285e+02 4.576775463576661309e+02 4.914110557373112442e+02 5.291337303821210298e+02 5.702207485318648423e+02 6.142322815566702729e+02 6.618611258051603272e+02 7.121012687910292698e+02 7.670725096148169087e+02 8.256014912177157612e+02 8.874487424887231555e+02
6.997926426289932351e+02 7.633413488476168141e+02 8.344188000049632592e+02 9.146718333813928439e+02 1.001710323622805845e+03 1.097769933775535264e+03 1.201374835181926073e+03 1.313839208343635619e+03 1.436373995743984551e+03 1.568633337923793306e+03 1.712106650480951430e+03
1.225192063904914448e+03 1.362675888086713485e+03 1.519696093146004841e+03 1.695753755169838541e+03 1.893405698989335178e+03 2.106876233451657299e+03 2.348909882082768945e+03 2.609791121163746084e+03 2.895884293658847128e+03 3.211972392482647138e+03 3.557022037533183720e+03
2.175063824004570961e+03 2.464415523381461753e+03 2.804055004254465985e+03 3.187997554521815800e+03 3.619857663913785927e+03 4.104487885360475047e+03 4.638339142393572729e+03 5.236084845666793626e+03 5.910444928069600792e+03 6.648399948403472990e+03 7.462737550736607773e+03
3.729696335005211040e+03 4.312062401292444520e+03 4.996296619233671663e+03 5.776636287659811387e+03 6.679534590390547237e+03 7.697514378896793460e+03 8.856499419811483676e+03 1.015855446593346096e+04 1.156138674981381337e+04 1.318717510960091931e+04 1.469635836004390876e+04
5.940493937775673658e+03 7.006310073886409555e+03 8.272898938391605043e+03 9.734472678770942366e+03 1.146952366990828159e+04 1.347604090548743261e+04 1.569633420500718967e+04 1.808086882211955526e+04 2.117566113279114143e+04 2.395762703586032148e+04 2.685098224277017653e+04
8.617007533933392551e+03 1.042035839809965182e+04 1.249149875453243658e+04 1.508544348255789737e+04 1.796234406814226531e+04 2.152829413468140410e+04 2.508847674762319002e+04 2.996177563189221473e+04 3.410886409013842058e+04 3.889374075223883847e+04 4.425584859659528593e+04
1.084428640156507390e+04 1.352744489770079235e+04 1.688919203433961229e+04 2.054251345082003900e+04 2.529763273434915754e+04 3.017002543019928271e+04 3.649867269852983009e+04 4.337911626056986279e+04 5.034316432472698943e+04 5.450737306306826213e+04 6.449668967054921086e+04
1.295162067082159228e+04 1.645002646855446073e+04 2.110515629681398423e+04 2.658450401491138837e+04 3.226908808333127672e+04 4.040425133362119232e+04 4.828164551720744930e+04 5.902559991080439067e+04 6.818119253103791561e+04 7.307939873906251159e+04 8.810954857906738471e+04
