-6.620145675511594163e+00 -6.535040746584854787e+00 -6.460754934396391036e+00 -6.395845370600000024e+00 -6.339003598979616072e+00 -6.289097684257285437e+00 -6.244961058884655358e+00 -6.205620871562132379e+00 -6.170259896676725475e+00 -6.138189548953960184e+00 -6.108461643965711119e+00
-6.719930741488497006e+00 -6.631194503017468378e+00 -6.553991805110854330e+00 -6.486805845095659606e+00 -6.428164286498940783e+00 -6.376821463025407866e+00 -6.331518303835764527e+00 -6.291253621369833127e+00 -6.255137316773470957e+00 -6.222442257316288305e+00 -6.192593855135783087e+00
-6.981084052436926868e+00 -6.882128125802410068e+00 -6.796939337586081820e+00 -6.723549207963515073e+00 -6.660107876199617749e+00 -6.604890228623844450e+00 -6.556550590979895787e+00 -6.513802942885376979e+00 -6.475647210605529835e+00 -6.441274020326090977e+00 -6.410010820978641277e+00
-7.321326657183817588e+00 -7.207362288652802818e+00 -7.110758171766065061e+00 -7.028718139878037618e+00 -6.958694075623498065e+00 -6.898410006706399145e+00 -6.845980806276202202e+00 -6.799969627583777765e+00 -6.759097815083805472e+00 -6.722432925478642574e+00 -6.689245448393194238e+00
-7.668405844386143144e+00 -7.536415142785699572e+00 -7.426677027764526429e+00 -7.335081847242690856e+00 -7.257983865514688659e+00 -7.192355294646404218e+00 -7.135762690555566223e+00 -7.086315204574930249e+00 -7.042661710136599140e+00 -7.003626942052505910e+00 -6.968386707390891388e+00
-7.982269096381060081e+00 -7.830857172255491605e+00 -7.707500585340312682e+00 -7.606469362235657172e+00 -7.522627649923379067e+00 -7.452015178394503891e+00 -7.391589051461778581e+00 -7.339083175273117376e+00 -7.292834028961806325e+00 -7.251671176865784219e+00 -7.214581508364062756e+00
-8.249267919069097843e+00 -8.078269082488986896e+00 -7.941671056625636993e+00 -7.831757666444900678e+00 -7.741896248709963402e+00 -7.666948549947846914e+00 -7.603219026190345176e+00 -7.548103305944096064e+00 -7.499689912376197753e+00 -7.456706317432690412e+00 -7.418034004756918876e+00
-8.470058678696659626e+00 -8.279866727014450589e+00 -8.130876840939890826e+00 -8.012987801543204114e+00 -7.917878474312601611e+00 -7.839266725455672713e+00 -7.772800859034759924e+00 -7.715515003063046606e+00 -7.665435677528876113e+00 -7.620822502012742916e+00 -7.580909455282380804e+00
-8.650760881697351579e+00 -8.442153188676456921e+00 -8.281785105016751913e+00 -8.156875138214672916e+00 -8.057274884380603908e+00 -7.975609327870188281e+00 -7.906897581931843888e+00 -7.847870547047932632e+00 -7.796279880276415497e+00 -7.750544747945241397e+00 -7.709605426454800181e+00
-8.798424121723655844e+00 -8.572566226521303179e+00 -8.401815629720658762e+00 -8.270795504351553973e+00 -8.167395869182655588e+00 -8.083196770632639527e+00 -8.012665864869632060e+00 -7.952213297197886277e+00 -7.899477055660099722e+00 -7.852789261687576072e+00 -7.811023971255053766e+00
-8.919610838409425924e+00 -8.677689588850626023e+00 -8.497580736424424686e+00 -8.361249250698165270e+00 -8.254648856673156843e+00 -8.168350669100618688e+00 -8.096331028387794504e+00 -8.034739590260869591e+00 -7.981077174339588964e+00 -7.933630145493225427e+00 -7.891160102451976854e+00
