0.000000000000000000e+00 1.823864642174157780e-01 3.676315672491909936e-01 5.586250694250338711e-01 7.578087894617056008e-01 9.685351569714839570e-01 1.192131554078514455e+00 1.432676966996950796e+00 1.691446393426303985e+00 1.971713445625937311e+00 2.276882416801527143e+00
0.000000000000000000e+00 1.906898316447040997e-01 3.845203791170206387e-01 5.845209578001231421e-01 7.938872894519590773e-01 1.015388897521916078e+00 1.252320261595741613e+00 1.506101919734646799e+00 1.781101360364118591e+00 2.079452845100604463e+00 2.404932597815786721e+00
0.000000000000000000e+00 2.137949472089530900e-01 4.318592546442232560e-01 6.580402369800140150e-01 8.960785764538741205e-01 1.150213696313585388e+00 1.423396964692074107e+00 1.718845452382083749e+00 2.040589671589259524e+00 2.391683236633980414e+00 2.775168592754198471e+00
0.000000000000000000e+00 2.484639909889665432e-01 5.026586002823023591e-01 7.687594966482720338e-01 1.051627663608087460e+00 1.356055615800869418e+00 1.687061629232630366e+00 2.048999715414538514e+00 2.444234470000083093e+00 2.880538749323022785e+00 3.362057385867956327e+00
0.000000000000000000e+00 2.906912388898490462e-01 5.898487468402890954e-01 9.053246911353198811e-01 1.244855433840712067e+00 1.613699275916587794e+00 2.019319104114401853e+00 2.465789651181694353e+00 2.960513371133856708e+00 3.510154209016036475e+00 4.118528009406873025e+00
0.000000000000000000e+00 3.369256555270112585e-01 6.855519103628466837e-01 1.056991907447809353e+00 1.460570838160492713e+00 1.904483112517482368e+00 2.396419206765131094e+00 2.944981878990802215e+00 3.555923394793353509e+00 4.237434845177631360e+00 5.000634712865576148e+00
0.000000000000000000e+00 3.846328135514340829e-01 7.851866515193250962e-01 1.215568387851817533e+00 1.687894046528526815e+00 2.214097172309266170e+00 2.802672809921205044e+00 3.461498536715225782e+00 4.199856064096820774e+00 5.027735017563827569e+00 5.810060323121433612e+00
0.000000000000000000e+00 4.323469526498229243e-01 8.846809278438740876e-01 1.375196677709027426e+00 1.920289087767741876e+00 2.531801056509721093e+00 3.220841194986860501e+00 3.996188883695140248e+00 4.868904638395179063e+00 5.709894161231204635e+00 6.598017309577699052e+00
0.000000000000000000e+00 4.785475499556923751e-01 9.818505601069773547e-01 1.533911253456608392e+00 2.152416510572948027e+00 2.850790147462248569e+00 3.642888670616230229e+00 4.539813717477954924e+00 5.447460490337107331e+00 6.388833899040037068e+00 7.383261815251898952e+00
0.000000000000000000e+00 5.226977653255744372e-01 1.076204705201234901e+00 1.688360859374370193e+00 2.379580015218380140e+00 3.166060142022615764e+00 4.063088936116400873e+00 5.030318740500661079e+00 6.014491444195300573e+00 7.056787413119309349e+00 8.151698006826336496e+00
0.000000000000000000e+00 5.647223540945560671e-01 1.167180263619229663e+00 1.838214452363899909e+00 2.601205279268469894e+00 3.476264980374253355e+00 4.476734210664290003e+00 5.490834000280301552e+00 6.567566402150987415e+00 7.705915328588162083e+00 8.898893802157544997e+00
