2.709323712192777748e+04 2.809941150789806125e+04 2.915278231749199040e+04 3.023308389497681128e+04 3.133582799354548115e+04 3.245199599863323965e+04 3.357342510340296576e+04 3.468246719533341820e+04 3.578568432554481114e+04 3.686569306832961593e+04 3.793231170107398793e+04
2.867166205977635036e+04 2.974096183818747886e+04 3.085232927022908189e+04 3.199904476642491500e+04 3.316628324630346469e+04 3.434824427588505205e+04 3.553779547882259067e+04 3.671496778231898497e+04 3.788418249034279870e+04 3.902439956981653813e+04 4.015067249161764630e+04
3.394483499930245307e+04 3.517495567672236939e+04 3.646156614193450514e+04 3.779140009775308863e+04 3.915403695766083547e+04 4.051854218299059721e+04 4.189143108112132904e+04 4.325449789711327321e+04 4.459245511897913093e+04 4.590598516617789574e+04 4.720531344849832385e+04
4.443644529469264671e+04 4.588139223646087339e+04 4.741018288395857235e+04 4.899312175458938873e+04 5.062078697681139602e+04 5.226514563565478602e+04 5.390043262040893751e+04 5.551795356418102165e+04 5.711836618794767128e+04 5.868525237736429699e+04 6.021489902849994542e+04
6.278814518705142837e+04 6.440072969847588683e+04 6.614213224682926375e+04 6.797607917365418689e+04 6.987117892027080234e+04 7.179946585411608976e+04 7.371436458585248329e+04 7.561813413753267378e+04 7.748592416827737179e+04 7.932688517110097746e+04 8.112543401002735482e+04
9.204173531444957189e+04 9.364379790406794928e+04 9.544994193073135102e+04 9.741770660212647635e+04 9.947435640360390244e+04 1.015996812552750780e+05 1.037462420045207400e+05 1.058713963177936093e+05 1.079745130912723835e+05 1.100566987465726561e+05 1.120966387980326690e+05
1.336115188451038557e+05 1.349193785716643615e+05 1.365179622750112321e+05 1.383980987520817143e+05 1.404327187933432870e+05 1.426098178640361002e+05 1.448350115025156701e+05 1.470863259955808171e+05 1.493409086086082389e+05 1.515866346398426103e+05 1.538045262745106593e+05
1.800275885689036804e+05 1.807487567029026686e+05 1.819858238651393040e+05 1.836312746574503835e+05 1.855252992504048161e+05 1.876579893276491493e+05 1.899187838008069666e+05 1.922532958402405784e+05 1.946397726419199607e+05 1.970199113772927085e+05 1.994176895782575593e+05
2.259868740115243709e+05 2.260779778367043182e+05 2.269146468287347525e+05 2.283262707129652263e+05 2.301077511739839974e+05 2.322598227413579007e+05 2.345948194514961506e+05 2.370791309469544212e+05 2.396479571036491834e+05 2.422722111397565168e+05 2.449288293817288650e+05
2.705317214829812292e+05 2.701122157507051015e+05 2.705800386461431626e+05 2.718501597177514923e+05 2.736242131640815642e+05 2.758750245619508787e+05 2.784165747449846240e+05 2.811921601656358107e+05 2.840847273158487515e+05 2.870575971248712158e+05 2.901153017384291743e+05
3.135206523081259220e+05 3.126218123405104852e+05 3.128699376289517968e+05 3.141116452566110529e+05 3.160643035379183129e+05 3.185898498253023718e+05 3.214896521527974401e+05 3.247042911539695342e+05 3.280716642654272146e+05 3.315711589542982983e+05 3.349598159744387958e+05
