3.844217457811822669e+00 4.253276250941477876e+00 4.714241331112607902e+00 5.230618190057675143e+00 5.804742425292187313e+00 6.438848444405145699e+00 7.134016854684437803e+00 7.905741179761407444e+00 8.753578279249653704e+00 9.691902729300185371e+00 1.072497148799352651e+01
4.146233469952441908e+00 4.601416972516434001e+00 5.114972717854861628e+00 5.689830610989343285e+00 6.328085143413630931e+00 7.033582500773306379e+00 7.815928058077633800e+00 8.671926901868335591e+00 9.624835373749252909e+00 1.067319359352218733e+01 1.183221193104506241e+01
5.076333898919680010e+00 5.677229034662468088e+00 6.358300175752019889e+00 7.122383275632911293e+00 7.971067664098162808e+00 8.915018205350071057e+00 9.957534482169624113e+00 1.110863547556178155e+01 1.238315419440016996e+01 1.379368418569204913e+01 1.538406210609706015e+01
6.692948771830133481e+00 7.562976989360401525e+00 8.553297457998693787e+00 9.674898496547861271e+00 1.092556181414235716e+01 1.231029667137835482e+01 1.385500419638382219e+01 1.557059801932745025e+01 1.748823265530686299e+01 1.966710342791676069e+01 2.212761573184929986e+01
9.062325564863442651e+00 1.035929619009720426e+01 1.185345031790355819e+01 1.353765336492305416e+01 1.543055951158271810e+01 1.755002200111506738e+01 1.992619045373700715e+01 2.264604315976905013e+01 2.568638039893239267e+01 2.909545944865847389e+01 3.290922147472895176e+01
1.224013942801246912e+01 1.415905189578534973e+01 1.637747676301029287e+01 1.891388215257462235e+01 2.178645480456584238e+01 2.505728413155305745e+01 2.879315597871752530e+01 3.290941109202755399e+01 3.757177760348083950e+01 4.300784492270302906e+01 4.931322972003822258e+01
1.628736477458129173e+01 1.904847826248025555e+01 2.227999774092751295e+01 2.602214873864499367e+01 3.036265545462353899e+01 3.528555845520266843e+01 4.066943402248461581e+01 4.691627212827243198e+01 5.422583456598433571e+01 6.254780188066531821e+01 7.017289001666009085e+01
2.123777748226146045e+01 2.510177372126732465e+01 2.971583645187846656e+01 3.515288649734649340e+01 4.135716241656783865e+01 4.833771827493540485e+01 5.644480802899779803e+01 6.586864019974555617e+01 7.660025784261544857e+01 8.634021648322362807e+01 9.701649408836350119e+01
2.711133131115069617e+01 3.240748506624968428e+01 3.879954827003961526e+01 4.635652540151978940e+01 5.496154473871162338e+01 6.496284627059505112e+01 7.666534099187241225e+01 8.987476541332834756e+01 1.027940196262026404e+02 1.164488461104257340e+02 1.314191803350118164e+02
3.393867781177216614e+01 4.100707789314717644e+01 4.966920206163626261e+01 5.982101676808342461e+01 7.154402829211585413e+01 8.544079797527231790e+01 1.013383355946658213e+02 1.174515973346820346e+02 1.342452607772488591e+02 1.529051268725056616e+02 1.736631604182428532e+02
4.176613762875947344e+01 5.098053460686897864e+01 6.235647855364338454e+01 7.556012302291783556e+01 9.144513419601653936e+01 1.097823210528110423e+02 1.305535686644407178e+02 1.505401197939697227e+02 1.735134613576747142e+02 1.985714400591787694e+02 2.217624999194298709e+02
