7.451441243633119549e-02 6.746954114851204387e-02 6.120363147374685564e-02 5.568969072138229420e-02 5.086728341447316337e-02 4.668189311149279624e-02 4.301704602184317633e-02 3.980894651600454942e-02 3.700007761129575634e-02 3.453804913974459906e-02 3.237673596599066617e-02
8.036661459831329068e-02 7.257814068039375455e-02 6.566504127105141086e-02 5.961713711046195963e-02 5.435161793442755407e-02 4.980164578532228492e-02 4.584557106010436062e-02 4.239613380453521874e-02 3.938245927368314719e-02 3.674450363439164813e-02 3.442784303205202734e-02
9.838775755191257744e-02 8.817686589314392698e-02 7.925781386414708363e-02 7.152530413124601194e-02 6.488540251965052574e-02 5.920395547683286047e-02 5.434829574955347964e-02 5.016728792476995991e-02 4.653974064564276453e-02 4.337271800600209920e-02 4.059707771496047501e-02
1.297072103244842900e-01 1.150433119459954162e-01 1.024395844237603048e-01 9.170402188944447308e-02 8.265115390398897199e-02 7.502539880282109441e-02 6.860049985442445708e-02 6.315099424319385590e-02 5.854742845353300140e-02 5.448732732353624153e-02 5.090278053710569489e-02
1.756016779145985196e-01 1.540427460369527546e-01 1.357240593095901116e-01 1.204543236056225403e-01 1.078292866611748752e-01 9.738906761120483258e-02 8.869816291980162082e-02 8.142126515638191397e-02 7.524501428891459953e-02 6.999016996374071709e-02 6.540667547515786884e-02
2.371508877192171627e-01 2.057612106504251026e-01 1.795124370541636705e-01 1.580186516736865332e-01 1.405499207193388334e-01 1.263678879076849948e-01 1.147127471659687009e-01 1.050207985865418830e-01 9.686512819301265620e-02 8.991550289045825706e-02 8.394255553755736177e-02
3.155229869425009714e-01 2.707315370295742540e-01 2.340394185164648699e-01 2.044924021205894449e-01 1.808566484382295725e-01 1.619749400541224682e-01 1.466200455840982186e-01 1.339645086906488813e-01 1.233553893868634399e-01 1.143608960714279921e-01 1.066257911650262263e-01
4.113797149327234060e-01 3.492462922835467554e-01 2.993152600792712836e-01 2.599270041257555897e-01 2.288058504138457960e-01 2.041855050206781985e-01 1.844282097427607514e-01 1.682166631251837408e-01 1.547027292821205602e-01 1.432623850005758370e-01 1.334509262620041659e-01
5.251018529339531726e-01 4.416727118458079748e-01 3.755651999740837743e-01 3.242222404924292589e-01 2.842985253349712971e-01 2.530451527049228377e-01 2.281066749827001805e-01 2.077687101135172465e-01 1.908663852374125336e-01 1.765962003550624881e-01 1.643869278656011346e-01
6.572840558511268139e-01 5.480652772901176695e-01 4.628230028190669643e-01 3.975583641285825309e-01 3.474383193375135681e-01 3.084489423192222635e-01 2.775825455170207179e-01 2.525549035118022090e-01 2.318343288316353223e-01 2.143622109623669891e-01 1.994111375656074936e-01
8.088267550711212284e-01 6.688501871197748416e-01 5.609053332726694485e-01 4.796621832838235400e-01 4.180647415216597329e-01 3.703663686128192412e-01 3.328842956984978674e-01 3.026140097080480262e-01 2.775974115794935249e-01 2.565339262344883964e-01 2.385245359861931091e-01
