-6.620145675511594163e+00 -6.717427210802270565e+00 -6.828386501645582030e+00 -6.954470440025033895e+00 -7.096812388441321673e+00 -7.257632841228769394e+00 -7.437092612963169813e+00 -7.638297838559083175e+00 -7.861706290103029460e+00 -8.109902994579897495e+00 -8.385344060767238261e+00
-6.719930741488497006e+00 -6.821884334662172478e+00 -6.938512184227874968e+00 -7.071326802895782748e+00 -7.222051575950899860e+00 -7.392210360547323944e+00 -7.583838565431506140e+00 -7.797355541104479926e+00 -8.036238677137589548e+00 -8.301895102416892769e+00 -8.597526452951569809e+00
-6.981084052436926868e+00 -7.095923073011363158e+00 -7.228798592230305076e+00 -7.381589444943529088e+00 -7.556186452653491870e+00 -7.755103924937429838e+00 -7.979947555671969894e+00 -8.232648395267460728e+00 -8.516236882194789359e+00 -8.832957256960071390e+00 -9.185179413732839748e+00
-7.321326657183817588e+00 -7.455826279641769361e+00 -7.613416772048367420e+00 -7.797477636526309652e+00 -8.010321739231585525e+00 -8.254465622507268563e+00 -8.533042435508832568e+00 -8.848969342998316279e+00 -9.203332285083888564e+00 -9.602971674801665358e+00 -1.005130283426115056e+01
-7.668405844386143144e+00 -7.827106381675548619e+00 -8.016525774604815524e+00 -8.240406538378010737e+00 -8.502839299355400726e+00 -8.806054570562992012e+00 -9.155081794669968076e+00 -9.552104855756624602e+00 -1.000317508127045585e+01 -1.051378115106854239e+01 -1.108691471679776441e+01
-7.982269096381060081e+00 -8.167782827782502864e+00 -8.393052495703159366e+00 -8.663461269683466526e+00 -8.983198488083871780e+00 -9.356498290911986260e+00 -9.788008258226909675e+00 -1.028406505426391959e+01 -1.084875742375515983e+01 -1.148910602204341558e+01 -1.221521622122963890e+01
-8.249267919069097843e+00 -8.462901896040420979e+00 -8.726857708144962089e+00 -9.047326054296718212e+00 -9.429790295238490216e+00 -9.881045722257113084e+00 -1.040589183611155022e+01 -1.100960184265932185e+01 -1.169954597647301853e+01 -1.248444133499651798e+01 -1.322809432787835249e+01
-8.470058678696659626e+00 -8.712213679664273513e+00 -9.015557768783764914e+00 -9.388184479252231540e+00 -9.838167562080343487e+00 -1.037106778196539381e+01 -1.099364205402162042e+01 -1.171170388675818685e+01 -1.253434031592405518e+01 -1.333071666324394755e+01 -1.417892676486007986e+01
-8.650760881697351579e+00 -8.920700738632149296e+00 -9.263635665123729268e+00 -9.690786391671281308e+00 -1.020969139495355194e+01 -1.082639947533243685e+01 -1.154978625254807412e+01 -1.238768426452588756e+01 -1.324374037061352283e+01 -1.413937864698527846e+01 -1.509286724170669913e+01
-8.798424121723655844e+00 -9.095263991846877616e+00 -9.478020334921893664e+00 -9.959156363725924166e+00 -1.054697588440103573e+01 -1.124925691265525529e+01 -1.207575480098603293e+01 -1.298253203769854736e+01 -1.391396849985540030e+01 -1.490957667480688542e+01 -1.596272197808139026e+01
-8.919610838409425924e+00 -9.242411942945182091e+00 -9.664761000043654349e+00 -1.019946370306206518e+01 -1.085585413594162674e+01 -1.164461564947487204e+01 -1.257306523905208451e+01 -1.352557359054117114e+01 -1.454864357649057638e+01 -1.563954547408138751e+01 -1.679005390460952185e+01
