0.000000000000000000e+00 5.024158579508366529e-01 6.920214957062853500e-01 8.129936231489409693e-01 9.017098706171964295e-01 9.719487336224119645e-01 1.030215350270736963e+00 1.080004599833046086e+00 1.123590852574125165e+00 1.162181186689849710e+00 1.196777770783228334e+00
0.000000000000000000e+00 5.084928039359510876e-01 7.009137212880887091e-01 8.234570946151507087e-01 9.133765700680669397e-01 9.846327129707788117e-01 1.043606335799267981e+00 1.094154423684813082e+00 1.138293664342199918e+00 1.177344035797432298e+00 1.212279435436357744e+00
0.000000000000000000e+00 5.256826096701843198e-01 7.254891864940873347e-01 8.520983545931812841e-01 9.449915318509738427e-01 1.018689151387661695e+00 1.079762822577322368e+00 1.132038149276922923e+00 1.177444605164055247e+00 1.217565917962929234e+00 1.253379664678504923e+00
0.000000000000000000e+00 5.478086118637293112e-01 7.566204537251906004e-01 8.884976135632314254e-01 9.854981788230361417e-01 1.062393125190283172e+00 1.126083068193111103e+00 1.180142065684776753e+00 1.226966357186029200e+00 1.268402146761218319e+00 1.305606426820304478e+00
0.000000000000000000e+00 5.711799669552419800e-01 7.886026306987332646e-01 9.259906900842906907e-01 1.027038861942855874e+00 1.107087175256310729e+00 1.172825823374296306e+00 1.228547383016120875e+00 1.277032185691496124e+00 1.319930630499584367e+00 1.358064399046270410e+00
0.000000000000000000e+00 5.928134542664338369e-01 8.178167006626608782e-01 9.601281899558671284e-01 1.064821496162039693e+00 1.147038854323909618e+00 1.214469803053361829e+00 1.271929850841843290e+00 1.321647330827545375e+00 1.365011236532154726e+00 1.403548090576805407e+00
0.000000000000000000e+00 6.111976380707346834e-01 8.426389456617471296e-01 9.891743666012189351e-01 1.096374390483106254e+00 1.180182479907671222e+00 1.249365360035881167e+00 1.307724377536942484e+00 1.357666972395236371e+00 1.401474813494132832e+00 1.440504557267558994e+00
0.000000000000000000e+00 6.263489441480487585e-01 8.630739830186939798e-01 1.012913831662444863e+00 1.121699113966315053e+00 1.207153141589515144e+00 1.277171142912266077e+00 1.335635990970331477e+00 1.385938251834886614e+00 1.430212927552929614e+00 1.469552061946160393e+00
0.000000000000000000e+00 6.386032163682102691e-01 8.797050405191839673e-01 1.031826681290112901e+00 1.141910403399378993e+00 1.228484607749123825e+00 1.298522606088226894e+00 1.357233517494023545e+00 1.407897868666623253e+00 1.452346215646684868e+00 1.491756462062767241e+00
0.000000000000000000e+00 6.485547510274045635e-01 8.931842920464987401e-01 1.046759833869145950e+00 1.158121125485195080e+00 1.244906475716561545e+00 1.314926651051791850e+00 1.373967414729122538e+00 1.424785412498749793e+00 1.469225647506391397e+00 1.508510320993082132e+00
0.000000000000000000e+00 6.568261779175372794e-01 9.042180979777185712e-01 1.058788908201677259e+00 1.171058489540882874e+00 1.257659973005502252e+00 1.327885874536150368e+00 1.387020216898235958e+00 1.437812919411953771e+00 1.482092562899197219e+00 1.521178109505854081e+00
