7.992173892295390339e-03 7.992173892295390339e-03 7.992173892295390339e-03 7.992173892295390339e-03 7.992173892295390339e-03 7.992173892295390339e-03 7.992173892295390339e-03 7.992173892295390339e-03 7.992173892295390339e-03 7.992173892295390339e-03 7.992173892295390339e-03
8.635934270157066481e-03 8.635934270157066481e-03 8.635934270157066481e-03 8.635934270157066481e-03 8.635934270157066481e-03 8.635934270157066481e-03 8.635934270157066481e-03 8.635934270157066481e-03 8.635934270157066481e-03 8.635934270157066481e-03 8.635934270157066481e-03
1.059501194604827758e-02 1.059501194604827758e-02 1.059501194604827758e-02 1.059501194604827758e-02 1.059501194604827758e-02 1.059501194604827758e-02 1.059501194604827758e-02 1.059501194604827758e-02 1.059501194604827758e-02 1.059501194604827758e-02 1.059501194604827758e-02
1.402552292946673308e-02 1.402552292946673308e-02 1.402552292946673308e-02 1.402552292946673308e-02 1.402552292946673308e-02 1.402552292946673308e-02 1.402552292946673308e-02 1.402552292946673308e-02 1.402552292946673308e-02 1.402552292946673308e-02 1.402552292946673308e-02
1.905186651656834776e-02 1.905186651656834776e-02 1.905186651656834776e-02 1.905186651656834776e-02 1.905186651656834776e-02 1.905186651656834776e-02 1.905186651656834776e-02 1.905186651656834776e-02 1.905186651656834776e-02 1.905186651656834776e-02 1.905186651656834776e-02
2.581665461204162362e-02 2.581665461204162362e-02 2.581665461204162362e-02 2.581665461204162362e-02 2.581665461204162362e-02 2.581665461204162362e-02 2.581665461204162362e-02 2.581665461204162362e-02 2.581665461204162362e-02 2.581665461204162362e-02 2.581665461204162362e-02
3.441668939295335766e-02 3.441668939295335766e-02 3.441668939295335766e-02 3.441668939295335766e-02 3.441668939295335766e-02 3.441668939295335766e-02 3.441668939295335766e-02 3.441668939295335766e-02 3.441668939295335766e-02 3.441668939295335766e-02 3.441668939295335766e-02
4.495470923827458304e-02 4.495470923827458304e-02 4.495470923827458304e-02 4.495470923827458304e-02 4.495470923827458304e-02 4.495470923827458304e-02 4.495470923827458304e-02 4.495470923827458304e-02 4.495470923827458304e-02 4.495470923827458304e-02 4.495470923827458304e-02
5.733377883112918821e-02 5.733377883112918821e-02 5.733377883112918821e-02 5.733377883112918821e-02 5.733377883112918821e-02 5.733377883112918821e-02 5.733377883112918821e-02 5.733377883112918821e-02 5.733377883112918821e-02 5.733377883112918821e-02 5.733377883112918821e-02
7.193700078634852890e-02 7.193700078634852890e-02 7.193700078634852890e-02 7.193700078634852890e-02 7.193700078634852890e-02 7.193700078634852890e-02 7.193700078634852890e-02 7.193700078634852890e-02 7.193700078634852890e-02 7.193700078634852890e-02 7.193700078634852890e-02
8.838803962171237760e-02 8.838803962171237760e-02 8.838803962171237760e-02 8.838803962171237760e-02 8.838803962171237760e-02 8.838803962171237760e-02 8.838803962171237760e-02 8.838803962171237760e-02 8.838803962171237760e-02 8.838803962171237760e-02 8.838803962171237760e-02
