2.355685051641203609e+04 2.355685051641203609e+04 2.355685051641203609e+04 2.355685051641203609e+04 2.355685051641203609e+04 2.355685051641203609e+04 2.355685051641203609e+04 2.355685051641203609e+04 2.355685051641203609e+04 2.355685051641203609e+04 2.355685051641203609e+04
2.441272093427676373e+04 2.441272093427676373e+04 2.441272093427676373e+04 2.441272093427676373e+04 2.441272093427676373e+04 2.441272093427676373e+04 2.441272093427676373e+04 2.441272093427676373e+04 2.441272093427676373e+04 2.441272093427676373e+04 2.441272093427676373e+04
2.689106243229320899e+04 2.689106243229320899e+04 2.689106243229320899e+04 2.689106243229320899e+04 2.689106243229320899e+04 2.689106243229320899e+04 2.689106243229320899e+04 2.689106243229320899e+04 2.689106243229320899e+04 2.689106243229320899e+04 2.689106243229320899e+04
3.088164242640347948e+04 3.088164242640347948e+04 3.088164242640347948e+04 3.088164242640347948e+04 3.088164242640347948e+04 3.088164242640347948e+04 3.088164242640347948e+04 3.088164242640347948e+04 3.088164242640347948e+04 3.088164242640347948e+04 3.088164242640347948e+04
3.626849196774402662e+04 3.626849196774402662e+04 3.626849196774402662e+04 3.626849196774402662e+04 3.626849196774402662e+04 3.626849196774402662e+04 3.626849196774402662e+04 3.626849196774402662e+04 3.626849196774402662e+04 3.626849196774402662e+04 3.626849196774402662e+04
4.300573076907522045e+04 4.300573076907522045e+04 4.300573076907522045e+04 4.300573076907522045e+04 4.300573076907522045e+04 4.300573076907522045e+04 4.300573076907522045e+04 4.300573076907522045e+04 4.300573076907522045e+04 4.300573076907522045e+04 4.300573076907522045e+04
5.107841466149957705e+04 5.107841466149957705e+04 5.107841466149957705e+04 5.107841466149957705e+04 5.107841466149957705e+04 5.107841466149957705e+04 5.107841466149957705e+04 5.107841466149957705e+04 5.107841466149957705e+04 5.107841466149957705e+04 5.107841466149957705e+04
6.033161252229023376e+04 6.033161252229023376e+04 6.033161252229023376e+04 6.033161252229023376e+04 6.033161252229023376e+04 6.033161252229023376e+04 6.033161252229023376e+04 6.033161252229023376e+04 6.033161252229023376e+04 6.033161252229023376e+04 6.033161252229023376e+04
7.067249186749666114e+04 7.067249186749666114e+04 7.067249186749666114e+04 7.067249186749666114e+04 7.067249186749666114e+04 7.067249186749666114e+04 7.067249186749666114e+04 7.067249186749666114e+04 7.067249186749666114e+04 7.067249186749666114e+04 7.067249186749666114e+04
8.208437074667947309e+04 8.208437074667947309e+04 8.208437074667947309e+04 8.208437074667947309e+04 8.208437074667947309e+04 8.208437074667947309e+04 8.208437074667947309e+04 8.208437074667947309e+04 8.208437074667947309e+04 8.208437074667947309e+04 8.208437074667947309e+04
9.453785677363484865e+04 9.453785677363484865e+04 9.453785677363484865e+04 9.453785677363484865e+04 9.453785677363484865e+04 9.453785677363484865e+04 9.453785677363484865e+04 9.453785677363484865e+04 9.453785677363484865e+04 9.453785677363484865e+04 9.453785677363484865e+04
