-5.893823171758413082e+00 -5.893823171758413082e+00 -5.893823171758413082e+00 -5.893823171758413082e+00 -5.893823171758413082e+00 -5.893823171758413082e+00 -5.893823171758413082e+00 -5.893823171758413082e+00 -5.893823171758413082e+00 -5.893823171758413082e+00 -5.893823171758413082e+00
-5.984158298324473435e+00 -5.984158298324473435e+00 -5.984158298324473435e+00 -5.984158298324473435e+00 -5.984158298324473435e+00 -5.984158298324473435e+00 -5.984158298324473435e+00 -5.984158298324473435e+00 -5.984158298324473435e+00 -5.984158298324473435e+00 -5.984158298324473435e+00
-6.219587927265820326e+00 -6.219587927265820326e+00 -6.219587927265820326e+00 -6.219587927265820326e+00 -6.219587927265820326e+00 -6.219587927265820326e+00 -6.219587927265820326e+00 -6.219587927265820326e+00 -6.219587927265820326e+00 -6.219587927265820326e+00 -6.219587927265820326e+00
-6.527170763554750010e+00 -6.527170763554750010e+00 -6.527170763554750010e+00 -6.527170763554750010e+00 -6.527170763554750010e+00 -6.527170763554750010e+00 -6.527170763554750010e+00 -6.527170763554750010e+00 -6.527170763554750010e+00 -6.527170763554750010e+00 -6.527170763554750010e+00
-6.840662331716885092e+00 -6.840662331716885092e+00 -6.840662331716885092e+00 -6.840662331716885092e+00 -6.840662331716885092e+00 -6.840662331716885092e+00 -6.840662331716885092e+00 -6.840662331716885092e+00 -6.840662331716885092e+00 -6.840662331716885092e+00 -6.840662331716885092e+00
-7.123874906574201304e+00 -7.123874906574201304e+00 -7.123874906574201304e+00 -7.123874906574201304e+00 -7.123874906574201304e+00 -7.123874906574201304e+00 -7.123874906574201304e+00 -7.123874906574201304e+00 -7.123874906574201304e+00 -7.123874906574201304e+00 -7.123874906574201304e+00
-7.364861083657160634e+00 -7.364861083657160634e+00 -7.364861083657160634e+00 -7.364861083657160634e+00 -7.364861083657160634e+00 -7.364861083657160634e+00 -7.364861083657160634e+00 -7.364861083657160634e+00 -7.364861083657160634e+00 -7.364861083657160634e+00 -7.364861083657160634e+00
-7.564190352557488950e+00 -7.564190352557488950e+00 -7.564190352557488950e+00 -7.564190352557488950e+00 -7.564190352557488950e+00 -7.564190352557488950e+00 -7.564190352557488950e+00 -7.564190352557488950e+00 -7.564190352557488950e+00 -7.564190352557488950e+00 -7.564190352557488950e+00
-7.727428545553266304e+00 -7.727428545553266304e+00 -7.727428545553266304e+00 -7.727428545553266304e+00 -7.727428545553266304e+00 -7.727428545553266304e+00 -7.727428545553266304e+00 -7.727428545553266304e+00 -7.727428545553266304e+00 -7.727428545553266304e+00 -7.727428545553266304e+00
-7.861063352454948472e+00 -7.861063352454948472e+00 -7.861063352454948472e+00 -7.861063352454948472e+00 -7.861063352454948472e+00 -7.861063352454948472e+00 -7.861063352454948472e+00 -7.861063352454948472e+00 -7.861063352454948472e+00 -7.861063352454948472e+00 -7.861063352454948472e+00
-7.970854849878378445e+00 -7.970854849878378445e+00 -7.970854849878378445e+00 -7.970854849878378445e+00 -7.970854849878378445e+00 -7.970854849878378445e+00 -7.970854849878378445e+00 -7.970854849878378445e+00 -7.970854849878378445e+00 -7.970854849878378445e+00 -7.970854849878378445e+00
