-1.088541118061402813e+01 -1.088029668018862139e+01 -1.087515469105710508e+01 -1.087013171403668821e+01 -1.086504883715679171e+01 -1.085987565566756530e+01 -1.085481165290548233e+01 -1.084977278555015801e+01 -1.084487594486563466e+01 -1.083977001843595644e+01 -1.083489824022399262e+01
-1.124095109626068734e+01 -1.123093486738798674e+01 -1.122098273382289335e+01 -1.121136606263462454e+01 -1.120142741670133546e+01 -1.119158456601871876e+01 -1.118215588924795156e+01 -1.117257564721512608e+01 -1.116283957082487177e+01 -1.115331972997228149e+01 -1.114402819465612993e+01
-1.174837614293937804e+01 -1.172470591629826231e+01 -1.170159427577891620e+01 -1.167901164019713178e+01 -1.165682862937683240e+01 -1.163518453195138136e+01 -1.161385149216221180e+01 -1.159298829382169060e+01 -1.157278099894756451e+01 -1.155293004218401620e+01 -1.153342806374712382e+01
-1.220605568803148344e+01 -1.216221333939029137e+01 -1.212006564482726390e+01 -1.207963526859384729e+01 -1.204094254226947669e+01 -1.200376851779583376e+01 -1.196810277108306764e+01 -1.193410096576553769e+01 -1.190145604555436876e+01 -1.187000040786369937e+01 -1.184001310673193075e+01
-1.261886580329155549e+01 -1.255064916871924652e+01 -1.248677357355336426e+01 -1.242696279611845966e+01 -1.237114354885125067e+01 -1.231903598506323760e+01 -1.227022624875826295e+01 -1.222465071121405344e+01 -1.218210189602541504e+01 -1.214211227597843390e+01 -1.210441031801747158e+01
-1.298836171216680668e+01 -1.289371133401436964e+01 -1.280756689298141282e+01 -1.272920610361325089e+01 -1.265783314979489660e+01 -1.259293343246827135e+01 -1.253401524459331995e+01 -1.248011629993561655e+01 -1.243103977496502921e+01 -1.238576342608575942e+01 -1.234408538727439009e+01
-1.331155900906014722e+01 -1.318955429857305717e+01 -1.308207162949111080e+01 -1.298744925099163083e+01 -1.290390636785014067e+01 -1.282971739124332089e+01 -1.276365812517178711e+01 -1.270468607625662116e+01 -1.265154867989622289e+01 -1.260352663630328607e+01 -1.255990308399486821e+01
-1.359007570699031930e+01 -1.344071207226807019e+01 -1.331338218511518789e+01 -1.320477967583428835e+01 -1.311167297139763832e+01 -1.303110384617320960e+01 -1.296074764199875062e+01 -1.289865477277635364e+01 -1.284349180439312477e+01 -1.279384397341345903e+01 -1.274889172802068060e+01
-1.382395744957466377e+01 -1.365033443639549660e+01 -1.350550596609537024e+01 -1.338538986504863715e+01 -1.328512237556424225e+01 -1.320019980733195553e+01 -1.312705391139752464e+01 -1.306320520114240935e+01 -1.300664582526223967e+01 -1.295604810416261898e+01 -1.291035516751435352e+01
-1.401993813590524951e+01 -1.382209818107367028e+01 -1.366337211150676012e+01 -1.353396897404309129e+01 -1.342835420786286704e+01 -1.334049504372524098e+01 -1.326561695674172370e+01 -1.320056887047394412e+01 -1.314321391638077330e+01 -1.309185690544836689e+01 -1.304560872298316099e+01
-1.418370719141967129e+01 -1.396297708561905893e+01 -1.379156235935079167e+01 -1.365566707613470498e+01 -1.354615466662653489e+01 -1.345592093324376037e+01 -1.337977146290359087e+01 -1.331393671310070204e+01 -1.325590395801555132e+01 -1.320417997529875720e+01 -1.315751718844694551e+01
