1.409056055904708558e+02 1.411313601512476907e+02 1.413548536535794256e+02 1.415614522727122164e+02 1.417789127002620546e+02 1.420026468991910917e+02 1.422572476585112327e+02 1.424670124131359898e+02 1.426895632233704134e+02 1.429139352946362180e+02 1.431375637912088052e+02
1.991594523418852418e+02 1.998256455326135210e+02 2.004641381035712868e+02 2.011070812025071746e+02 2.017648313046742032e+02 2.024525058273478066e+02 2.030681295270892690e+02 2.036798665747791972e+02 2.043434608796192151e+02 2.050002286107943235e+02 2.056271436539395268e+02
3.192445852448941537e+02 3.217624592208009062e+02 3.242946435487161239e+02 3.268454534597055385e+02 3.293765044708839582e+02 3.319821999363084046e+02 3.345162814940146632e+02 3.370956517556238623e+02 3.397217681288080939e+02 3.423506974541336945e+02 3.449922100892163712e+02
4.751673236403204328e+02 4.824310716683214650e+02 4.898863965339431843e+02 4.974474409586620709e+02 5.049784868940406568e+02 5.125608003247896249e+02 5.201069873195788205e+02 5.277255384817910908e+02 5.353659373449659142e+02 5.430342118762584960e+02 5.507604680380695754e+02
6.929333984859806606e+02 7.094882506893843583e+02 7.263614595194497952e+02 7.434279448497422891e+02 7.606574412505901819e+02 7.783577996665619594e+02 7.964561904615852654e+02 8.149456770198980848e+02 8.334946936440258014e+02 8.522525929149995818e+02 8.708914539539043744e+02
1.052324278914845308e+03 1.086505361365100725e+03 1.122696411706146591e+03 1.160178343535448221e+03 1.198260044106653822e+03 1.236850462756520756e+03 1.275972494410927993e+03 1.315069035860084114e+03 1.354353474113559741e+03 1.393664785633319070e+03 1.432080967665555818e+03
1.795818138206926960e+03 1.868915924758945266e+03 1.946783316779313736e+03 2.026638632020460363e+03 2.108420461187380624e+03 2.191441248547444047e+03 2.275825814761758011e+03 2.360100098713631269e+03 2.443858516191608032e+03 2.538347998915690823e+03 2.631372065844600456e+03
3.591472651115983808e+03 3.761015343109334026e+03 3.942892219936149104e+03 4.133136654458738121e+03 4.330463428278762876e+03 4.532538748185243094e+03 4.737259083498387554e+03 4.943656478411403441e+03 5.172583542009198936e+03 5.394759994148507758e+03 5.612706539903613702e+03
8.200236822986253173e+03 8.638411414242513274e+03 9.119430885978814331e+03 9.629773899491974589e+03 1.015908949907266287e+04 1.070506830489429012e+04 1.124535852867241192e+04 1.185471705514823952e+04 1.244477210063656821e+04 1.302466457519982032e+04 1.359331037578650466e+04
2.018380453715426847e+04 2.139580448249031178e+04 2.274394994754242362e+04 2.418506226958712796e+04 2.568186967133172584e+04 2.718446747232781127e+04 2.885499024044603357e+04 3.052153657481127448e+04 3.215062052888799371e+04 3.375074778036768839e+04 3.530360337142143544e+04
5.097487973906088882e+04 5.437701342447075149e+04 5.820591060036605631e+04 6.226658028260250285e+04 6.648002726324473042e+04 7.101959656606167846e+04 7.573399696781794773e+04 8.038324164259861573e+04 8.487692491299893300e+04 8.928785270212865726e+04 9.354728696731948003e+04
