2.987345512146518740e+04 2.991575372703389075e+04 2.995647012193939736e+04 3.000004027057064741e+04 3.004125817643620030e+04 3.007902915114821735e+04 3.011929123834104030e+04 3.016014568046181375e+04 3.020541215418932916e+04 3.024276341121999212e+04 3.028569077273887160e+04
4.145405560119219444e+04 4.157339339286980976e+04 4.169170315598872548e+04 4.182186779153663520e+04 4.193335204772665747e+04 4.204514740250009345e+04 4.216750484354441869e+04 4.228315368321841379e+04 4.239834454767448915e+04 4.251253098630025488e+04 4.263143701889854128e+04
6.420162191504517250e+04 6.465072275387276022e+04 6.509934186731271620e+04 6.555905213205635664e+04 6.601545404692030570e+04 6.647853159728477476e+04 6.693501654291211162e+04 6.739524201402526523e+04 6.786729707238386618e+04 6.833605825286169420e+04 6.880424538235303771e+04
9.146964864998038684e+04 9.270429095931621850e+04 9.394573850541631691e+04 9.519816046703893517e+04 9.647555187012394890e+04 9.775258613741920271e+04 9.903811063387579634e+04 1.003439320323905849e+05 1.016596682322577690e+05 1.029660751928544778e+05 1.042899436879915593e+05
1.249687275106088782e+05 1.276794834169339883e+05 1.304242768119128887e+05 1.332006741644127178e+05 1.360205378656046814e+05 1.388766077821450890e+05 1.417484513011950185e+05 1.446478976184775529e+05 1.475570265833623998e+05 1.504743342850968766e+05 1.533998874809810368e+05
1.720412762694580306e+05 1.773226427897485264e+05 1.827119936741273268e+05 1.881819949700745638e+05 1.936997183637351554e+05 1.992733181734688405e+05 2.048944611786410969e+05 2.105042462879267987e+05 2.161396287046716898e+05 2.217274356900779821e+05 2.273051474705762812e+05
2.511147092181727057e+05 2.610091302431528165e+05 2.711243413885162445e+05 2.814093510845451383e+05 2.917626050028250902e+05 3.021211140657694195e+05 3.124586086066053831e+05 3.227486933107760269e+05 3.329150053038143669e+05 3.429773080723246676e+05 3.529025603109725635e+05
4.075526702964573051e+05 4.266169369226931012e+05 4.459833570827957010e+05 4.655733480202453211e+05 4.851349227449327591e+05 5.045307274471219862e+05 5.236551755829863250e+05 5.424747530559021980e+05 5.609405728801557561e+05 5.789770775751142064e+05 5.966340176600038540e+05
7.504860279593303567e+05 7.897618928575038444e+05 8.294027110841285903e+05 8.689176828132244991e+05 9.078032250214340165e+05 9.459270749464561231e+05 9.829579299490501871e+05 1.019038355890887673e+06 1.054066327093914384e+06 1.088063473248746013e+06 1.121133558387197554e+06
1.537819163330669282e+06 1.624658692461975850e+06 1.711173446863519493e+06 1.796214630455026869e+06 1.878696384898768971e+06 1.958283335342693608e+06 2.034704494114635512e+06 2.108295731108936481e+06 2.179382565552122891e+06 2.247865545832511969e+06 2.314325727053524926e+06
3.359148631452769041e+06 3.561899584801501129e+06 3.760262177580874413e+06 3.951788771937136538e+06 4.134808981366518419e+06 4.308414397765916772e+06 4.473908953417312354e+06 4.632107846613605507e+06 4.784166624525540508e+06 4.930866864688036032e+06 5.072350944333215244e+06
