1.330313183564020840e-01 1.341631454502399678e-01 1.366122890547878110e-01 1.403037762685147294e-01 1.452244894230156902e-01 1.512729497881128982e-01 1.584088228002969168e-01 1.663410898790844694e-01 1.751091654948235543e-01 1.845947812752497252e-01 1.947059832876068819e-01
2.761618684714678973e-01 2.795725376216360858e-01 2.856754533499712978e-01 2.945126937898705499e-01 3.059970702522286090e-01 3.200204211803888699e-01 3.360194185959056168e-01 3.540243461749679188e-01 3.740648961629464697e-01 3.957355312449337692e-01 4.187736465704426925e-01
7.130976772230093186e-01 7.290768116570336410e-01 7.526180415856175143e-01 7.838199663428139230e-01 8.223480792650104121e-01 8.684813840138347896e-01 9.210469631365627574e-01 9.803877539424410426e-01 1.046172014283582863e+00 1.117695339289629386e+00 1.194810404942334703e+00
1.454839392140776955e+00 1.512573994718784620e+00 1.587803000273136034e+00 1.680715851191995514e+00 1.791585673420635683e+00 1.921342696901978009e+00 2.069288259792659623e+00 2.236294704477618467e+00 2.421492633696234797e+00 2.624534886664258604e+00 2.845444855998732869e+00
2.530827957993110999e+00 2.682510358339906809e+00 2.869820026900828047e+00 3.097491900703915668e+00 3.368420617969008379e+00 3.685270907773744664e+00 4.048023293703883141e+00 4.458417033605075908e+00 4.915178024049708938e+00 5.421719100611196218e+00 5.976399505682879365e+00
3.971506831205724453e+00 4.314578038277384842e+00 4.728305556883634964e+00 5.220112697362761622e+00 5.797762514740901096e+00 6.469527665335035316e+00 7.231643065645308788e+00 8.096103222884336148e+00 9.108614231198338018e+00 1.026559023310095675e+01 1.153111285053971358e+01
5.791474801137667328e+00 6.447288353290737462e+00 7.222303069861652602e+00 8.203947826788516196e+00 9.380380725520709007e+00 1.072792193560804108e+01 1.227939136977382262e+01 1.404004419685226424e+01 1.602609864669728879e+01 1.823610490743249102e+01 2.067805723497297521e+01
7.996433969205916981e+00 9.219803967246289034e+00 1.066901293677402407e+01 1.239476503088375203e+01 1.442358897446392696e+01 1.677972861417847739e+01 1.948726969219112704e+01 2.257627185475121223e+01 2.597847487533155331e+01 2.997230274741196254e+01 3.477301510917705940e+01
1.075084495524679973e+01 1.267332430609497074e+01 1.500681557159761326e+01 1.779275766349394061e+01 2.108920199233310910e+01 2.484511340113939326e+01 2.953702509671123977e+01 3.522713822022549124e+01 4.154863326945541502e+01 4.862211235927693309e+01 5.644978940277356827e+01
1.391853719713123283e+01 1.680699825967500871e+01 2.034336713024285359e+01 2.457216767461074980e+01 2.987223761496485608e+01 3.656984522002695570e+01 4.417537793638760490e+01 5.283120201029676366e+01 6.257610346817418900e+01 7.342391582175902442e+01 8.522221828467195337e+01
1.753515789805622305e+01 2.166529633860087145e+01 2.675529006542861410e+01 3.352713104415576595e+01 4.189850721928517174e+01 5.161633489262156615e+01 6.275891041569737894e+01 7.534740368973723434e+01 8.912959613944560999e+01 1.042217014220637878e+02 1.207320168447599968e+02
