2.580186207715863111e-03 2.589224130958780491e-03 2.598185451779610501e-03 2.606472212336912245e-03 2.615217413309636925e-03 2.624237526091692529e-03 2.634551700535256707e-03 2.643036561486719616e-03 2.652061881322559465e-03 2.661195485452705692e-03 2.670305146547763495e-03
5.356012901473767435e-03 5.395250210473909874e-03 5.432927295189448127e-03 5.471019656383804657e-03 5.510178483581730340e-03 5.551367053983186604e-03 5.588201404450942461e-03 5.624928347063208427e-03 5.665026090630445078e-03 5.704827327305892447e-03 5.743028439447830404e-03
1.382900422369515159e-02 1.406870952526173731e-02 1.431196860736690113e-02 1.455942586116426053e-02 1.480701999236264284e-02 1.506420523874561941e-02 1.531626325771989240e-02 1.557560884083633926e-02 1.584241004122454236e-02 1.611105532148201375e-02 1.638413832440496765e-02
2.821087610238482909e-02 2.918481247790040076e-02 3.019118602266365747e-02 3.121623764301047904e-02 3.225577900263745107e-02 3.332330548208939369e-02 3.440719389646840209e-02 3.552491516909561664e-02 3.666551372370465550e-02 3.782762326467085934e-02 3.901490902977051978e-02
4.906980125060694808e-02 5.175252113550279226e-02 5.456172296616235845e-02 5.752362595953938035e-02 6.063811700907308783e-02 6.390889994658015272e-02 6.730056679487986249e-02 7.081592660143891382e-02 7.441476043818745501e-02 7.813360599975480159e-02 8.193380553359973228e-02
7.699306385459335489e-02 8.322848818091622969e-02 8.988371433350077211e-02 9.692966642154775270e-02 1.043564645852018830e-01 1.121768758908161107e-01 1.202129375665430544e-01 1.285775335815066422e-01 1.378827909592851564e-01 1.479178045514586426e-01 1.580621893892761309e-01
1.122606731659989698e-01 1.243519254506342819e-01 1.372756677279078907e-01 1.523146474369112824e-01 1.688177528126779126e-01 1.859868620825840257e-01 2.040911430085674827e-01 2.229398567540553655e-01 2.425570268907359939e-01 2.627222611175892286e-01 2.833968287108743489e-01
1.549818879258333670e-01 1.778039068942904311e-01 2.027599276977884724e-01 2.300881669835078691e-01 2.595422724488051225e-01 2.908631363084762111e-01 3.238435427293034907e-01 3.584328722069565765e-01 3.931305138843727565e-01 4.317412306563080948e-01 4.764994805835084390e-01
2.083396016522677807e-01 2.443734192949565120e-01 2.851610985181765590e-01 3.302503167192015199e-01 3.794360228250482359e-01 4.306144836791118702e-01 4.907912543861977506e-01 5.592082546806536048e-01 6.286602619349868082e-01 7.002731152818467697e-01 7.734162033534648373e-01
2.696946091045480665e-01 3.240435801704975027e-01 3.865227645400293177e-01 4.560290566937455492e-01 5.374026809322967058e-01 6.337485475403236146e-01 7.339229588214600808e-01 8.385486175167902179e-01 9.466923330837045958e-01 1.057335932430682579e+00 1.167475430350614296e+00
3.397374634583869013e-01 4.176699390319674743e-01 5.082959084652887150e-01 6.221630135061972933e-01 7.536653753054252114e-01 8.943979905359197291e-01 1.042546840127191121e+00 1.195794569158886711e+00 1.348269975228419959e+00 1.500694455032891783e+00 1.653789565654133042e+00
