-1.088541118061402813e+01 -1.089059437721152790e+01 -1.089578333418467082e+01 -1.090087661860161461e+01 -1.090606546423805412e+01 -1.091131997637421591e+01 -1.091681613744003698e+01 -1.092202192973491037e+01 -1.092733607754780678e+01 -1.093271256678417558e+01 -1.093808959559100913e+01
-1.124095109626068734e+01 -1.125120949433039641e+01 -1.126142161666939501e+01 -1.127174459960224340e+01 -1.128223436608823249e+01 -1.129297447518911213e+01 -1.130343751414329745e+01 -1.131396842560207006e+01 -1.132482874396373518e+01 -1.133573351139057195e+01 -1.134664235523814568e+01
-1.174837614293937804e+01 -1.177256553206825629e+01 -1.179727300362719689e+01 -1.182253553545888280e+01 -1.184822891476505902e+01 -1.187463724714325508e+01 -1.190131460882548708e+01 -1.192868539693881758e+01 -1.195675426001980668e+01 -1.198516462383850012e+01 -1.201434287944721291e+01
-1.220605568803148344e+01 -1.225173230998188956e+01 -1.229927676617808174e+01 -1.234859919476002688e+01 -1.239997162373765605e+01 -1.245342844214610523e+01 -1.250881839611975010e+01 -1.256642268876021262e+01 -1.262618079685489647e+01 -1.268813529446924804e+01 -1.275209972455922980e+01
-1.261886580329155549e+01 -1.269177541325188940e+01 -1.276954755299084354e+01 -1.285233750797488028e+01 -1.294025028144824319e+01 -1.303360984666505828e+01 -1.313240179306012578e+01 -1.323675903027469758e+01 -1.334692990791518241e+01 -1.346290509610844310e+01 -1.358459861923620338e+01
-1.298836171216680668e+01 -1.309226657129329396e+01 -1.320615010531037115e+01 -1.333060890934575582e+01 -1.346614595301798545e+01 -1.361321744030283298e+01 -1.377202552106609801e+01 -1.394331795129983220e+01 -1.412586828132771188e+01 -1.432029432569834171e+01 -1.452630417684122222e+01
-1.331155900906014722e+01 -1.344975426842574961e+01 -1.360593354197044391e+01 -1.378034257368562976e+01 -1.397385708399087889e+01 -1.418786118154821452e+01 -1.442301966856030049e+01 -1.467946007179853041e+01 -1.495701005411683582e+01 -1.525538676711585140e+01 -1.557403612932830583e+01
-1.359007570699031930e+01 -1.376320374489296228e+01 -1.396379855053237407e+01 -1.419465003834193340e+01 -1.445769062748149736e+01 -1.475385303904477041e+01 -1.508379613135184627e+01 -1.544674945074802963e+01 -1.584245569480117410e+01 -1.626815144049032824e+01 -1.672186258859437658e+01
-1.382395744957466377e+01 -1.403322039188060444e+01 -1.428351262502837926e+01 -1.457904142822371796e+01 -1.492239923086890485e+01 -1.531489281487301923e+01 -1.575356561619992135e+01 -1.623677900518669048e+01 -1.676388470172241796e+01 -1.733213391245953972e+01 -1.793914882293756818e+01
-1.401993813590524951e+01 -1.426639404423622182e+01 -1.457008740233140998e+01 -1.493719617970782565e+01 -1.536835787316522328e+01 -1.586256103591585997e+01 -1.642072074391762726e+01 -1.703898872448917245e+01 -1.771386193001671927e+01 -1.843995269801962422e+01 -1.921347890311153606e+01
-1.418370719141967129e+01 -1.446798667284019757e+01 -1.482824401817197213e+01 -1.526829485149937682e+01 -1.579190418306825450e+01 -1.640023787633981556e+01 -1.708928205537085887e+01 -1.785333809533767635e+01 -1.868562311139248777e+01 -1.957815780460805399e+01 -2.052428744535427541e+01
