2.575063564095357062e-03 2.584083861046933446e-03 2.593027708391178101e-03 2.601298377459949299e-03 2.610026534033607799e-03 2.619029124450845177e-03 2.629323186363589308e-03 2.637791517319771663e-03 2.646799312425712498e-03 2.655915112937740335e-03 2.665007027197653471e-03
5.345616160761351363e-03 5.384778957258073810e-03 5.422384554632610383e-03 5.460404651053369501e-03 5.499488935151237122e-03 5.540599325024376555e-03 5.577363891507761823e-03 5.614021273660231050e-03 5.654042763375227362e-03 5.693768647731469248e-03 5.731897356574211684e-03
1.380330488297858149e-02 1.404257194584971995e-02 1.428538712856165793e-02 1.453239293264717812e-02 1.477953419303320269e-02 1.503625097521797509e-02 1.528784882744672023e-02 1.554672091491881777e-02 1.581303503023469975e-02 1.608119104327796617e-02 1.635377645604623245e-02
2.816106730804312369e-02 2.913332148911025599e-02 3.013797077599434868e-02 3.116126688072669987e-02 3.219901935410933447e-02 3.326472107726845956e-02 3.434674599912880544e-02 3.546254990866153783e-02 3.660119685797134925e-02 3.776131601212577571e-02 3.894657169080795872e-02
4.898878656650014485e-02 5.166718252478910700e-02 5.447184070581945203e-02 5.742896499147612244e-02 6.053846169895129442e-02 6.380408296704800919e-02 6.719045894617667325e-02 7.070035816445724430e-02 7.429359724114109609e-02 7.800667818417450494e-02 8.180101305083635477e-02
7.687575122870685118e-02 8.310204295318408818e-02 8.974761646678923455e-02 9.678335858772663114e-02 1.041994643026160489e-01 1.120086664581217695e-01 1.200332560515122993e-01 1.283857910285029491e-01 1.376779668623313857e-01 1.476993881136036968e-01 1.578302641717200805e-01
1.121045474632651195e-01 1.241796599605935469e-01 1.370859979590803301e-01 1.521050732786307647e-01 1.685875618514401375e-01 1.857353878108907175e-01 2.038174886488630100e-01 2.226431816226081273e-01 2.422367027966845776e-01 2.623776592716814404e-01 2.830276035153864722e-01
1.547855498329399337e-01 1.775804119217973542e-01 2.025077418558152154e-01 2.298048065515303495e-01 2.592259066560654857e-01 2.905119388659399560e-01 3.234562894592922788e-01 3.580083455895149980e-01 3.926682492238181554e-01 4.312358739855122747e-01 4.759500866797737317e-01
2.081021932995233137e-01 2.440978310048652622e-01 2.848432513729630133e-01 3.298861432781793890e-01 3.790226910094432466e-01 4.301501073986547241e-01 4.902655266928764299e-01 5.586223250329068746e-01 6.280133518943276094e-01 6.995658390006442851e-01 7.726474703142557354e-01
2.694186485156614408e-01 3.237155241830416141e-01 3.861359400071138204e-01 4.555796116300457332e-01 5.368745527409549689e-01 6.331435318876578178e-01 7.332378551979287229e-01 8.377827547833731625e-01 9.458464790567445712e-01 1.056409538421900551e+00 1.166465492057014108e+00
3.394249320522536584e-01 4.172900271941081818e-01 5.078401728403522108e-01 6.216088683111303803e-01 7.530149771103397116e-01 8.936474404084578937e-01 1.041693608915570834e+00 1.194838523959004029e+00 1.347206201982841689e+00 1.499522304968096131e+00 1.652500184464082311e+00
