0.000000000000000000e+00 1.029769702290650457e-02 2.062864312756573781e-02 3.074490456492640078e-02 4.101662708126241341e-02 5.144432070665061474e-02 6.200448453455464914e-02 7.224914418475236744e-02 8.246013268217211589e-02 9.294254834821913391e-02 1.031913553670165129e-01
0.000000000000000000e+00 2.027462694240966812e-02 4.043888284650165588e-02 6.037853696761885658e-02 8.080694938689703122e-02 1.013899091703933664e-01 1.212816248953458853e-01 1.413927783869439736e-01 1.619891731388634071e-01 1.824137814182904549e-01 2.026141605820157565e-01
0.000000000000000000e+00 4.785961576999397948e-02 9.567872784828068689e-02 1.435238952617510222e-01 1.914002853882266209e-01 2.394527151918737218e-01 2.874631166632752866e-01 3.356971031171269715e-01 3.839732610722421668e-01 4.322345816544839181e-01 4.809148157000890933e-01
0.000000000000000000e+00 8.951897059159819037e-02 1.792111213508178480e-01 2.689639261661795899e-01 3.590290814681793563e-01 4.496599243502714671e-01 5.407156250366824679e-01 6.323217229946749285e-01 7.247247513005277142e-01 8.181348866055486724e-01 9.120866178272990510e-01
0.000000000000000000e+00 1.411262445326428860e-01 2.827739794374792837e-01 4.253747118564206176e-01 5.691067325969925150e-01 7.145738616018206812e-01 8.621755443018628284e-01 1.012108319060644135e+00 1.164828011889767367e+00 1.320792820130009204e+00 1.480188301218731795e+00
0.000000000000000000e+00 1.985552372789243236e-01 3.985832123289583251e-01 6.014028057325049303e-01 8.083128032230888493e-01 1.020284007834561635e+00 1.238010276472778060e+00 1.463201651364215650e+00 1.694828506362682674e+00 1.934530899612582289e+00 2.182218789566832129e+00
0.000000000000000000e+00 2.601999698526924476e-01 5.238619124793331139e-01 7.928933226939989254e-01 1.069950716140738223e+00 1.358143790304893628e+00 1.659361543388513383e+00 1.974773995541909244e+00 2.305461374220612925e+00 2.651860130812565330e+00 3.014133045333437622e+00
0.000000000000000000e+00 3.224916726248920895e-01 6.504163654171861708e-01 9.898703625076450408e-01 1.346017656083859038e+00 1.722749192871560808e+00 2.123048489353095647e+00 2.548094677971675992e+00 2.998963890408049338e+00 3.474307467076869216e+00 3.972970860573695973e+00
0.000000000000000000e+00 3.828859554851078428e-01 7.780066589330090210e-01 1.193651563175080810e+00 1.637276855304662604e+00 2.114693007541063707e+00 2.626511704802396707e+00 3.173573804044281133e+00 3.757238876460178290e+00 4.376085808296920732e+00 5.028793655423214659e+00
0.000000000000000000e+00 4.442958631625515409e-01 9.067152908246498555e-01 1.403227205664734356e+00 1.940003665302356239e+00 2.522065992190618999e+00 3.155103787175903562e+00 3.838419854015228339e+00 4.570648013635945972e+00 5.348095792571257334e+00 6.167870180128375068e+00
0.000000000000000000e+00 5.050095872211386450e-01 1.036681658821180463e+00 1.612627775364671834e+00 2.245749516441719607e+00 2.944316943096055184e+00 3.709510592467267998e+00 4.539401382236974314e+00 5.429719153376936447e+00 6.373977829309296794e+00 7.366770256907329895e+00
