7.656906120344463343e-03 7.656906120344463343e-03 7.656906120344463343e-03 7.656906120344463343e-03 7.656906120344463343e-03 7.656906120344463343e-03 7.656906120344463343e-03 7.656906120344463343e-03 7.656906120344463343e-03 7.656906120344463343e-03 7.656906120344463343e-03
7.953405925762487699e-03 7.953405925762487699e-03 7.953405925762487699e-03 7.953405925762487699e-03 7.953405925762487699e-03 7.953405925762487699e-03 7.953405925762487699e-03 7.953405925762487699e-03 7.953405925762487699e-03 7.953405925762487699e-03 7.953405925762487699e-03
8.865195635716711237e-03 8.865195635716711237e-03 8.865195635716711237e-03 8.865195635716711237e-03 8.865195635716711237e-03 8.865195635716711237e-03 8.865195635716711237e-03 8.865195635716711237e-03 8.865195635716711237e-03 8.865195635716711237e-03 8.865195635716711237e-03
1.039257773452916499e-02 1.039257773452916499e-02 1.039257773452916499e-02 1.039257773452916499e-02 1.039257773452916499e-02 1.039257773452916499e-02 1.039257773452916499e-02 1.039257773452916499e-02 1.039257773452916499e-02 1.039257773452916499e-02 1.039257773452916499e-02
1.256673527810470668e-02 1.256673527810470668e-02 1.256673527810470668e-02 1.256673527810470668e-02 1.256673527810470668e-02 1.256673527810470668e-02 1.256673527810470668e-02 1.256673527810470668e-02 1.256673527810470668e-02 1.256673527810470668e-02 1.256673527810470668e-02
1.544719507607240569e-02 1.544719507607240569e-02 1.544719507607240569e-02 1.544719507607240569e-02 1.544719507607240569e-02 1.544719507607240569e-02 1.544719507607240569e-02 1.544719507607240569e-02 1.544719507607240569e-02 1.544719507607240569e-02 1.544719507607240569e-02
1.907069087891246836e-02 1.907069087891246836e-02 1.907069087891246836e-02 1.907069087891246836e-02 1.907069087891246836e-02 1.907069087891246836e-02 1.907069087891246836e-02 1.907069087891246836e-02 1.907069087891246836e-02 1.907069087891246836e-02 1.907069087891246836e-02
2.347391609437903329e-02 2.347391609437903329e-02 2.347391609437903329e-02 2.347391609437903329e-02 2.347391609437903329e-02 2.347391609437903329e-02 2.347391609437903329e-02 2.347391609437903329e-02 2.347391609437903329e-02 2.347391609437903329e-02 2.347391609437903329e-02
2.868207648109887334e-02 2.868207648109887334e-02 2.868207648109887334e-02 2.868207648109887334e-02 2.868207648109887334e-02 2.868207648109887334e-02 2.868207648109887334e-02 2.868207648109887334e-02 2.868207648109887334e-02 2.868207648109887334e-02 2.868207648109887334e-02
3.473525994444860016e-02 3.473525994444860016e-02 3.473525994444860016e-02 3.473525994444860016e-02 3.473525994444860016e-02 3.473525994444860016e-02 3.473525994444860016e-02 3.473525994444860016e-02 3.473525994444860016e-02 3.473525994444860016e-02 3.473525994444860016e-02
4.160721655935030461e-02 4.160721655935030461e-02 4.160721655935030461e-02 4.160721655935030461e-02 4.160721655935030461e-02 4.160721655935030461e-02 4.160721655935030461e-02 4.160721655935030461e-02 4.160721655935030461e-02 4.160721655935030461e-02 4.160721655935030461e-02
