5.680827394979597784e+02 7.459223822130251165e+02 7.909853234927448966e+02 8.153462223957772039e+02 8.318046712532643596e+02 8.439128963456635120e+02 8.533939101813758725e+02 8.610329847937967997e+02 8.670466776750924964e+02 8.721356987547547988e+02 8.765472823444673622e+02
5.849177486982629262e+02 7.656929511200556817e+02 8.114982505025773207e+02 8.362890502662804693e+02 8.530652751914169585e+02 8.654223546513909469e+02 8.749738831305239728e+02 8.826395942599460795e+02 8.888183144928672164e+02 8.939819232622069194e+02 8.985598983645666067e+02
6.359367284840145658e+02 8.256869098011861752e+02 8.737247664854045297e+02 8.999652753014393056e+02 9.175954668266776935e+02 9.304308112930647212e+02 9.405313539291762481e+02 9.483976371038387470e+02 9.547904602239671021e+02 9.602903845379174754e+02 9.650479520940959901e+02
7.228942442262012946e+02 9.279122233148430041e+02 9.797952934326343666e+02 1.008412684406480821e+03 1.027467480201560647e+03 1.041433046106475331e+03 1.052027009201796318e+03 1.060315014434286695e+03 1.067307933749583526e+03 1.073229137055008323e+03 1.078385418195828606e+03
8.503361491267821748e+02 1.075790450241139069e+03 1.133527298719978035e+03 1.165283702249116004e+03 1.186211357849539809e+03 1.201632108634625865e+03 1.213047841696979049e+03 1.222240238153686278e+03 1.229956680855297009e+03 1.236538063193003381e+03 1.242314308330652921e+03
1.022088180076542585e+03 1.274665769433593823e+03 1.340191404129821194e+03 1.375990553623435062e+03 1.399668733905184126e+03 1.416368719517863610e+03 1.429120924093648682e+03 1.439625274104397022e+03 1.448144795177528749e+03 1.455858111352580181e+03 1.462596362496433130e+03
1.245838806710218250e+03 1.533054353092619976e+03 1.608121976965627027e+03 1.649042295850993924e+03 1.675639655562239795e+03 1.694395182484015777e+03 1.709081469241712739e+03 1.721054654130789459e+03 1.731133826734185504e+03 1.740125789814950622e+03 1.748047695440061261e+03
1.539568086851146518e+03 1.866854113059663177e+03 1.952307906113242780e+03 1.999945991037153362e+03 2.029910079496840581e+03 2.051652033814983952e+03 2.068554880235713881e+03 2.082286963724438465e+03 2.094505115932434364e+03 2.104959559425219140e+03 2.114011305650151826e+03
1.944351376737563669e+03 2.315939735649084923e+03 2.411811895769571947e+03 2.466957231384840725e+03 2.502198862339168954e+03 2.527325964248255332e+03 2.547243840947495300e+03 2.563902803259397388e+03 2.577753013837433627e+03 2.590148851647191805e+03 2.600868964100239737e+03
2.587879621216833129e+03 3.011076232524579154e+03 3.123496461633513263e+03 3.185081670217812189e+03 3.224511684665114444e+03 3.253696227727686164e+03 3.276871698669712259e+03 3.295662505791438889e+03 3.312911557999631441e+03 3.326785883888287572e+03 3.340276694424679590e+03
3.841967567044692260e+03 4.389588915524266667e+03 4.534968231149870917e+03 4.614096936597533386e+03 4.665192983680980433e+03 4.704434514270391446e+03 4.735139416284438084e+03 4.761431623857356499e+03 4.782762804675618099e+03 4.802594539692551734e+03 4.818587126316492686e+03
