-1.143515189577010460e+01 -1.141758580975510995e+01 -1.140039278592666960e+01 -1.138353464960164274e+01 -1.136685500784369651e+01 -1.135046705113927601e+01 -1.133430739187315339e+01 -1.131845848651209963e+01 -1.130277066516282503e+01 -1.128735258925735252e+01 -1.127222249113765429e+01
-1.158374024847216788e+01 -1.156169007972130203e+01 -1.154014327476397739e+01 -1.151899531296658097e+01 -1.149823720983476960e+01 -1.147796535149609554e+01 -1.145812318915704964e+01 -1.143856695155409398e+01 -1.141943485755109577e+01 -1.140071317006004392e+01 -1.138224838667156291e+01
-1.191558223467654898e+01 -1.188047155497042695e+01 -1.184646924533080892e+01 -1.181365178818305139e+01 -1.178186020468274364e+01 -1.175105676411476452e+01 -1.172131876101411763e+01 -1.169259041162513313e+01 -1.166471760844797245e+01 -1.163780998455695226e+01 -1.161191283049629419e+01
-1.229779591176338727e+01 -1.224315700881561497e+01 -1.219139835838359431e+01 -1.214230801712983521e+01 -1.209571467318892246e+01 -1.205162197942991043e+01 -1.200978813502661069e+01 -1.197021185438643442e+01 -1.193247399914253037e+01 -1.189672269190123188e+01 -1.186284378608615953e+01
-1.267663569435535464e+01 -1.259815795388931292e+01 -1.252555827175820014e+01 -1.245850074119152850e+01 -1.239649868186097592e+01 -1.233921934281170252e+01 -1.228626896685091197e+01 -1.223740786322741769e+01 -1.219187077443348244e+01 -1.214967214577700361e+01 -1.211038620148974587e+01
-1.302763541853710194e+01 -1.292354238446569070e+01 -1.283000319606799167e+01 -1.274589844794536475e+01 -1.267009737795160618e+01 -1.260175703099594102e+01 -1.254017877788282931e+01 -1.248459930480385083e+01 -1.243392711932028760e+01 -1.238771606785667245e+01 -1.234530023881961824e+01
-1.334078517120724428e+01 -1.320985215349719510e+01 -1.309582885348208947e+01 -1.299650330477379612e+01 -1.290981696100061527e+01 -1.283361882523968234e+01 -1.276610979799806955e+01 -1.270610245781062986e+01 -1.265254795971122803e+01 -1.260410105025584926e+01 -1.256005724364513298e+01
-1.361258850209924276e+01 -1.345525828527024714e+01 -1.332213604093340109e+01 -1.320984121949732071e+01 -1.311452653538799495e+01 -1.303271630516246660e+01 -1.296168497465623659e+01 -1.289916142501533614e+01 -1.284384490970842307e+01 -1.279401331086410210e+01 -1.274901265598600730e+01
-1.384204499034967739e+01 -1.366068885045024217e+01 -1.351139724998574820e+01 -1.338833205912669655e+01 -1.328650095163538936e+01 -1.320081548105736147e+01 -1.312737517924688291e+01 -1.306328779127579764e+01 -1.300680408639527741e+01 -1.295618775150796864e+01 -1.291045819127612049e+01
-1.403512689389754087e+01 -1.382998088539898163e+01 -1.366721884274738841e+01 -1.353578471965374774e+01 -1.342913545237388462e+01 -1.334074650776528870e+01 -1.326567645727845957e+01 -1.320051294294535182e+01 -1.314309483772740350e+01 -1.309204830439557554e+01 -1.304571859534189571e+01
-1.419688302950453362e+01 -1.396907604059742880e+01 -1.379408874269574881e+01 -1.365670926461825729e+01 -1.354641523140890058e+01 -1.345608961196558084e+01 -1.337985548375945655e+01 -1.331395432966019143e+01 -1.325587447009820607e+01 -1.320426223172034952e+01 -1.315753297391347587e+01
