5.207293237029990269e+04 5.232910998874323559e+04 5.259459946903136733e+04 5.286338553341251099e+04 5.312753490765327297e+04 5.339908917916802602e+04 5.366616464963903854e+04 5.393857614671095507e+04 5.421009875694123184e+04 5.448037872769239766e+04 5.475969753038129420e+04
5.881310372680667933e+04 5.919580215215580392e+04 5.958462878306936182e+04 5.997311629324189562e+04 6.036406959590960469e+04 6.075959782905804605e+04 6.115457711420506530e+04 6.155198367843734013e+04 6.194686311643261433e+04 6.235540465127093921e+04 6.274910611895574402e+04
7.578782198343273194e+04 7.660157579148707737e+04 7.742008767032407923e+04 7.825310114355639962e+04 7.908586532564999652e+04 7.992158408491754381e+04 8.077416746437949769e+04 8.162661459429304523e+04 8.247993615682156815e+04 8.333719076588505413e+04 8.420966249157111451e+04
9.943327464234249783e+04 1.011438041740123153e+05 1.028850268815951858e+05 1.046455150867616758e+05 1.064281417886424606e+05 1.082286909554167360e+05 1.100421445747120742e+05 1.118675483466756414e+05 1.137054325818881625e+05 1.155409218127737549e+05 1.173938506744501501e+05
1.306043623178592825e+05 1.339181097007304488e+05 1.372963762419571867e+05 1.407254230525656312e+05 1.442003713929153164e+05 1.477136703523793549e+05 1.512567640648889064e+05 1.548214189412210253e+05 1.583962524419173424e+05 1.619702698447688017e+05 1.655411291048896383e+05
1.758850916016326519e+05 1.819473892101734818e+05 1.881464037613301480e+05 1.944419841327401518e+05 2.007858141758863640e+05 2.071758629321340995e+05 2.136013882511239499e+05 2.200256924900782469e+05 2.264191769311717653e+05 2.327751305361177074e+05 2.390765412496053614e+05
2.534112306345071702e+05 2.643064412513083662e+05 2.754432078799639712e+05 2.867194368203851627e+05 2.980884464439831208e+05 3.094503426700169803e+05 3.207340354194678948e+05 3.319083215525537962e+05 3.429774095876227366e+05 3.538530944243188133e+05 3.645669355027863639e+05
4.081187760350697790e+05 4.284527472886194009e+05 4.491845297266142443e+05 4.700407452717676060e+05 4.908611710438749287e+05 5.114318456506012590e+05 5.316609160212668357e+05 5.514738547841141699e+05 5.708829701880672947e+05 5.897805581191397505e+05 6.082644402619004250e+05
7.486802376610563369e+05 7.898820352528466610e+05 8.313073977832511300e+05 8.725019242971297354e+05 9.130051757574958028e+05 9.524598157620035345e+05 9.907724460970436921e+05 1.027862994965708582e+06 1.063968089349715505e+06 1.098863211108142044e+06 1.132774576880938606e+06
1.531993993935500039e+06 1.622252719536445802e+06 1.711407759661695454e+06 1.798935374272587942e+06 1.883371416883714963e+06 1.964544871717222035e+06 2.042308629522944568e+06 2.116948444353940897e+06 2.189040794410911389e+06 2.258792860557631124e+06 2.325955249242455233e+06
3.346374745061354246e+06 3.555113730303963646e+06 3.757956806189473253e+06 3.952684981889968272e+06 4.138378769145138096e+06 4.314455590514550917e+06 4.481490306523124687e+06 4.640755994720861316e+06 4.793843852989098057e+06 4.939316509102340788e+06 5.083954181157044135e+06
