1.399188910685522424e+05 1.399188910685522424e+05 1.399188910685522424e+05 1.399188910685522424e+05 1.399188910685522424e+05 1.399188910685522424e+05 1.399188910685522424e+05 1.399188910685522424e+05 1.399188910685522424e+05 1.399188910685522424e+05 1.399188910685522424e+05
1.422220662271400215e+05 1.422220662271400215e+05 1.422220662271400215e+05 1.422220662271400215e+05 1.422220662271400215e+05 1.422220662271400215e+05 1.422220662271400215e+05 1.422220662271400215e+05 1.422220662271400215e+05 1.422220662271400215e+05 1.422220662271400215e+05
1.489916325654108077e+05 1.489916325654108077e+05 1.489916325654108077e+05 1.489916325654108077e+05 1.489916325654108077e+05 1.489916325654108077e+05 1.489916325654108077e+05 1.489916325654108077e+05 1.489916325654108077e+05 1.489916325654108077e+05 1.489916325654108077e+05
1.598916959449069109e+05 1.598916959449069109e+05 1.598916959449069109e+05 1.598916959449069109e+05 1.598916959449069109e+05 1.598916959449069109e+05 1.598916959449069109e+05 1.598916959449069109e+05 1.598916959449069109e+05 1.598916959449069109e+05 1.598916959449069109e+05
1.745184235616151709e+05 1.745184235616151709e+05 1.745184235616151709e+05 1.745184235616151709e+05 1.745184235616151709e+05 1.745184235616151709e+05 1.745184235616151709e+05 1.745184235616151709e+05 1.745184235616151709e+05 1.745184235616151709e+05 1.745184235616151709e+05
1.926544345678488899e+05 1.926544345678488899e+05 1.926544345678488899e+05 1.926544345678488899e+05 1.926544345678488899e+05 1.926544345678488899e+05 1.926544345678488899e+05 1.926544345678488899e+05 1.926544345678488899e+05 1.926544345678488899e+05 1.926544345678488899e+05
2.145073870382009482e+05 2.145073870382009482e+05 2.145073870382009482e+05 2.145073870382009482e+05 2.145073870382009482e+05 2.145073870382009482e+05 2.145073870382009482e+05 2.145073870382009482e+05 2.145073870382009482e+05 2.145073870382009482e+05 2.145073870382009482e+05
2.411858734907309408e+05 2.411858734907309408e+05 2.411858734907309408e+05 2.411858734907309408e+05 2.411858734907309408e+05 2.411858734907309408e+05 2.411858734907309408e+05 2.411858734907309408e+05 2.411858734907309408e+05 2.411858734907309408e+05 2.411858734907309408e+05
2.758043104328939808e+05 2.758043104328939808e+05 2.758043104328939808e+05 2.758043104328939808e+05 2.758043104328939808e+05 2.758043104328939808e+05 2.758043104328939808e+05 2.758043104328939808e+05 2.758043104328939808e+05 2.758043104328939808e+05 2.758043104328939808e+05
3.262101225387984305e+05 3.262101225387984305e+05 3.262101225387984305e+05 3.262101225387984305e+05 3.262101225387984305e+05 3.262101225387984305e+05 3.262101225387984305e+05 3.262101225387984305e+05 3.262101225387984305e+05 3.262101225387984305e+05 3.262101225387984305e+05
4.105062115667536855e+05 4.105062115667536855e+05 4.105062115667536855e+05 4.105062115667536855e+05 4.105062115667536855e+05 4.105062115667536855e+05 4.105062115667536855e+05 4.105062115667536855e+05 4.105062115667536855e+05 4.105062115667536855e+05 4.105062115667536855e+05
