9.284725174560869848e-03 9.166705828225478470e-03 9.052386635177090551e-03 8.940512216806849669e-03 8.828197096459877713e-03 8.717643336415684119e-03 8.607320006729504008e-03 8.499532998534016504e-03 8.391952218105649258e-03 8.285388977763487664e-03 8.182462821872142980e-03
1.211302333718051669e-02 1.192083535913979891e-02 1.173301139098671848e-02 1.154634263405176532e-02 1.136061469097218550e-02 1.117937606798174305e-02 1.099671495289935956e-02 1.081460733409677841e-02 1.063385135064113564e-02 1.045896750544446190e-02 1.028198869560942481e-02
2.059739107960851037e-02 2.005951921779146677e-02 1.953406956976477815e-02 1.902514461970225210e-02 1.852431955761313365e-02 1.803476573522617629e-02 1.756207897460187323e-02 1.709984565569039328e-02 1.664902116974282392e-02 1.621080141048849427e-02 1.578741193339842919e-02
3.515430382813454491e-02 3.368162819720200291e-02 3.227310157521394440e-02 3.091385996753402698e-02 2.959749794727878011e-02 2.833055136906646385e-02 2.712692371749587245e-02 2.599524177640000905e-02 2.492490469131046840e-02 2.390173417926408014e-02 2.292532244142609851e-02
5.605110498357259580e-02 5.260672381401059611e-02 4.939376104806347118e-02 4.636131078773272213e-02 4.352158500278056202e-02 4.087387163274198293e-02 3.840788844667569757e-02 3.612234110967443151e-02 3.400827768020121822e-02 3.204259577244489288e-02 3.021048375497262586e-02
8.427221417803409942e-02 7.718278411257635530e-02 7.065970810487888498e-02 6.470103693882038598e-02 5.933609283057865447e-02 5.457114929282812221e-02 5.028987946040558432e-02 4.644501237075258915e-02 4.300596068551931078e-02 3.993571053245779934e-02 3.720389050512151047e-02
1.196917562771406263e-01 1.069545236829266693e-01 9.561146243762211339e-02 8.555602390986166705e-02 7.673775070220080485e-02 6.907124154569622976e-02 6.252820653052430788e-02 5.692871939627494604e-02 5.209538185795924148e-02 4.792361339496824246e-02 4.431851124118791480e-02
1.632754287363360202e-01 1.417048579243078976e-01 1.237366570285400591e-01 1.083238621156058512e-01 9.532165277708326556e-02 8.443532350482625681e-02 7.539683355334507453e-02 6.798656337729469534e-02 6.179999089737686635e-02 5.659249060904906342e-02 5.217455617103135268e-02
2.167082836978909410e-01 1.824859733542822660e-01 1.549377299446358658e-01 1.329660460516486897e-01 1.151718628674372052e-01 1.008398410270565232e-01 8.929581344058473702e-02 8.005271024910952382e-02 7.254862931382380364e-02 6.630198777031746926e-02 6.105653087706180981e-02
2.783203830484999863e-01 2.291635581150392731e-01 1.890634137092254419e-01 1.596591016620035886e-01 1.365555447690920687e-01 1.186083660795871353e-01 1.045271940786669795e-01 9.341302282088657927e-02 8.453432673507223216e-02 7.718468123623181687e-02 7.104131634346300128e-02
3.486465087744133884e-01 2.806072363825228289e-01 2.272903630849491541e-01 1.885077114450836866e-01 1.596925930100466517e-01 1.379807957528202123e-01 1.212744276413861705e-01 1.081912518888603625e-01 9.782508059879761741e-02 8.928173014236097382e-02 8.214512172126847700e-02
