-1.143011513625970110e+01 -1.206769995018839836e+01 -1.228212090383749455e+01 -1.240904236159985885e+01 -1.249681900424184278e+01 -1.256438465020619333e+01 -1.261931775044649839e+01 -1.266467369056772441e+01 -1.270167317934101447e+01 -1.273356960533419624e+01 -1.276161020947620273e+01
-1.148724682332249358e+01 -1.212629491486586630e+01 -1.234105527540668845e+01 -1.246777957677841187e+01 -1.255564025620697066e+01 -1.262328824156429619e+01 -1.267832934501348063e+01 -1.272326136415358633e+01 -1.276017068070359528e+01 -1.279198951763100922e+01 -1.282005254365503788e+01
-1.164626664534443989e+01 -1.228928001708118245e+01 -1.250512454018462449e+01 -1.263115521374857053e+01 -1.271929301449563354e+01 -1.278718680771999061e+01 -1.284231224685208872e+01 -1.288603119389154017e+01 -1.292280152364401147e+01 -1.295451276679523289e+01 -1.298255758167942986e+01
-1.187678135494934395e+01 -1.252494346164166927e+01 -1.274172967521008104e+01 -1.286728675960330293e+01 -1.295588174462318420e+01 -1.302436141000362113e+01 -1.307787919463589787e+01 -1.312091115693328902e+01 -1.315744032280053943e+01 -1.318907974945614114e+01 -1.321706549776718020e+01
-1.214272347505902871e+01 -1.279623700311640278e+01 -1.301304273988353088e+01 -1.313887753710150719e+01 -1.322791245806729421e+01 -1.329583957750583068e+01 -1.334772212943062186e+01 -1.339044120290782303e+01 -1.342676618933910504e+01 -1.345840204431442544e+01 -1.348649988585384563e+01
-1.241374528949381784e+01 -1.307213504490209743e+01 -1.328837369428947568e+01 -1.341463434282923117e+01 -1.350429222109960392e+01 -1.356957402464468032e+01 -1.362088530242908746e+01 -1.366340680804569274e+01 -1.369966061349259689e+01 -1.373148665978806093e+01 -1.375997230026405305e+01
-1.266988611506531015e+01 -1.333220765413716435e+01 -1.354732612235238776e+01 -1.367406278452835977e+01 -1.376223397627472878e+01 -1.382617144280811772e+01 -1.387713371438439935e+01 -1.391949229448800907e+01 -1.395596175990067422e+01 -1.398818180948728696e+01 -1.401710153941530734e+01
-1.290072832087753341e+01 -1.356608447286998853e+01 -1.377958182117436081e+01 -1.390688395162578672e+01 -1.399210547079565004e+01 -1.405541229789378121e+01 -1.410613633022876456e+01 -1.414860106538981199e+01 -1.418551143014337867e+01 -1.421813408075831831e+01 -1.424728133442113176e+01
-1.310259013483300805e+01 -1.376893028372433037e+01 -1.398170019348617643e+01 -1.410793148673838004e+01 -1.419128574011847377e+01 -1.425419968250207603e+01 -1.430481056758435443e+01 -1.434765044756932184e+01 -1.438493613933678716e+01 -1.441780821065185592e+01 -1.444715729291783646e+01
-1.327616750024026260e+01 -1.394188413600204512e+01 -1.415432846313342452e+01 -1.427833928284235299e+01 -1.436082450678804889e+01 -1.442335748800542206e+01 -1.447418285900494084e+01 -1.451741187501465902e+01 -1.455492096347734332e+01 -1.458792089362395927e+01 -1.461753688164753839e+01
-1.342352294916054234e+01 -1.408822330133989453e+01 -1.430053870799019933e+01 -1.442180987756000832e+01 -1.450358729710569605e+01 -1.456595428352011368e+01 -1.461712789535522461e+01 -1.466060700942762196e+01 -1.469822917133569717e+01 -1.473147778812563047e+01 -1.476116726972395554e+01
