3.945877323449912932e+00 3.945877323449912932e+00 3.945877323449912932e+00 3.945877323449912932e+00 3.945877323449912932e+00 3.945877323449912932e+00 3.945877323449912932e+00 3.945877323449912932e+00 3.945877323449912932e+00 3.945877323449912932e+00 3.945877323449912932e+00
4.098779891135964526e+00 4.098779891135964526e+00 4.098779891135964526e+00 4.098779891135964526e+00 4.098779891135964526e+00 4.098779891135964526e+00 4.098779891135964526e+00 4.098779891135964526e+00 4.098779891135964526e+00 4.098779891135964526e+00 4.098779891135964526e+00
4.569073209963125493e+00 4.569073209963125493e+00 4.569073209963125493e+00 4.569073209963125493e+00 4.569073209963125493e+00 4.569073209963125493e+00 4.569073209963125493e+00 4.569073209963125493e+00 4.569073209963125493e+00 4.569073209963125493e+00 4.569073209963125493e+00
5.357010562860580194e+00 5.357010562860580194e+00 5.357010562860580194e+00 5.357010562860580194e+00 5.357010562860580194e+00 5.357010562860580194e+00 5.357010562860580194e+00 5.357010562860580194e+00 5.357010562860580194e+00 5.357010562860580194e+00 5.357010562860580194e+00
6.478683685333228581e+00 6.478683685333228581e+00 6.478683685333228581e+00 6.478683685333228581e+00 6.478683685333228581e+00 6.478683685333228581e+00 6.478683685333228581e+00 6.478683685333228581e+00 6.478683685333228581e+00 6.478683685333228581e+00 6.478683685333228581e+00
7.965097699637164297e+00 7.965097699637164297e+00 7.965097699637164297e+00 7.965097699637164297e+00 7.965097699637164297e+00 7.965097699637164297e+00 7.965097699637164297e+00 7.965097699637164297e+00 7.965097699637164297e+00 7.965097699637164297e+00 7.965097699637164297e+00
9.835192837988127934e+00 9.835192837988127934e+00 9.835192837988127934e+00 9.835192837988127934e+00 9.835192837988127934e+00 9.835192837988127934e+00 9.835192837988127934e+00 9.835192837988127934e+00 9.835192837988127934e+00 9.835192837988127934e+00 9.835192837988127934e+00
1.210805891926114164e+01 1.210805891926114164e+01 1.210805891926114164e+01 1.210805891926114164e+01 1.210805891926114164e+01 1.210805891926114164e+01 1.210805891926114164e+01 1.210805891926114164e+01 1.210805891926114164e+01 1.210805891926114164e+01 1.210805891926114164e+01
1.479685470766629152e+01 1.479685470766629152e+01 1.479685470766629152e+01 1.479685470766629152e+01 1.479685470766629152e+01 1.479685470766629152e+01 1.479685470766629152e+01 1.479685470766629152e+01 1.479685470766629152e+01 1.479685470766629152e+01 1.479685470766629152e+01
1.792213068759534167e+01 1.792213068759534167e+01 1.792213068759534167e+01 1.792213068759534167e+01 1.792213068759534167e+01 1.792213068759534167e+01 1.792213068759534167e+01 1.792213068759534167e+01 1.792213068759534167e+01 1.792213068759534167e+01 1.792213068759534167e+01
2.147060031280633297e+01 2.147060031280633297e+01 2.147060031280633297e+01 2.147060031280633297e+01 2.147060031280633297e+01 2.147060031280633297e+01 2.147060031280633297e+01 2.147060031280633297e+01 2.147060031280633297e+01 2.147060031280633297e+01 2.147060031280633297e+01
