-1.143011513625970110e+01 -1.143011513625970110e+01 -1.143011513625970110e+01 -1.143011513625970110e+01 -1.143011513625970110e+01 -1.143011513625970110e+01 -1.143011513625970110e+01 -1.143011513625970110e+01 -1.143011513625970110e+01 -1.143011513625970110e+01 -1.143011513625970110e+01
-1.148724682332249358e+01 -1.148724682332249358e+01 -1.148724682332249358e+01 -1.148724682332249358e+01 -1.148724682332249358e+01 -1.148724682332249358e+01 -1.148724682332249358e+01 -1.148724682332249358e+01 -1.148724682332249358e+01 -1.148724682332249358e+01 -1.148724682332249358e+01
-1.164626664534443989e+01 -1.164626664534443989e+01 -1.164626664534443989e+01 -1.164626664534443989e+01 -1.164626664534443989e+01 -1.164626664534443989e+01 -1.164626664534443989e+01 -1.164626664534443989e+01 -1.164626664534443989e+01 -1.164626664534443989e+01 -1.164626664534443989e+01
-1.187678135494934395e+01 -1.187678135494934395e+01 -1.187678135494934395e+01 -1.187678135494934395e+01 -1.187678135494934395e+01 -1.187678135494934395e+01 -1.187678135494934395e+01 -1.187678135494934395e+01 -1.187678135494934395e+01 -1.187678135494934395e+01 -1.187678135494934395e+01
-1.214272347505902871e+01 -1.214272347505902871e+01 -1.214272347505902871e+01 -1.214272347505902871e+01 -1.214272347505902871e+01 -1.214272347505902871e+01 -1.214272347505902871e+01 -1.214272347505902871e+01 -1.214272347505902871e+01 -1.214272347505902871e+01 -1.214272347505902871e+01
-1.241374528949381784e+01 -1.241374528949381784e+01 -1.241374528949381784e+01 -1.241374528949381784e+01 -1.241374528949381784e+01 -1.241374528949381784e+01 -1.241374528949381784e+01 -1.241374528949381784e+01 -1.241374528949381784e+01 -1.241374528949381784e+01 -1.241374528949381784e+01
-1.266988611506531015e+01 -1.266988611506531015e+01 -1.266988611506531015e+01 -1.266988611506531015e+01 -1.266988611506531015e+01 -1.266988611506531015e+01 -1.266988611506531015e+01 -1.266988611506531015e+01 -1.266988611506531015e+01 -1.266988611506531015e+01 -1.266988611506531015e+01
-1.290072832087753341e+01 -1.290072832087753341e+01 -1.290072832087753341e+01 -1.290072832087753341e+01 -1.290072832087753341e+01 -1.290072832087753341e+01 -1.290072832087753341e+01 -1.290072832087753341e+01 -1.290072832087753341e+01 -1.290072832087753341e+01 -1.290072832087753341e+01
-1.310259013483300805e+01 -1.310259013483300805e+01 -1.310259013483300805e+01 -1.310259013483300805e+01 -1.310259013483300805e+01 -1.310259013483300805e+01 -1.310259013483300805e+01 -1.310259013483300805e+01 -1.310259013483300805e+01 -1.310259013483300805e+01 -1.310259013483300805e+01
-1.327616750024026260e+01 -1.327616750024026260e+01 -1.327616750024026260e+01 -1.327616750024026260e+01 -1.327616750024026260e+01 -1.327616750024026260e+01 -1.327616750024026260e+01 -1.327616750024026260e+01 -1.327616750024026260e+01 -1.327616750024026260e+01 -1.327616750024026260e+01
-1.342352294916054234e+01 -1.342352294916054234e+01 -1.342352294916054234e+01 -1.342352294916054234e+01 -1.342352294916054234e+01 -1.342352294916054234e+01 -1.342352294916054234e+01 -1.342352294916054234e+01 -1.342352294916054234e+01 -1.342352294916054234e+01 -1.342352294916054234e+01
