-1.143515189577010460e+01 -1.145288025517220376e+01 -1.147070220265959506e+01 -1.148902615148472250e+01 -1.150763969657782582e+01 -1.152622346090720384e+01 -1.154537606494704960e+01 -1.156471593183596269e+01 -1.158427810262946878e+01 -1.160420322263598791e+01 -1.162438049007323571e+01
-1.158374024847216788e+01 -1.160611582863930380e+01 -1.162904299196452484e+01 -1.165245705286724842e+01 -1.167624334995343816e+01 -1.170053311776428018e+01 -1.172526988264144165e+01 -1.175055471950690844e+01 -1.177632751939017908e+01 -1.180249176842698944e+01 -1.182911940955091268e+01
-1.191558223467654898e+01 -1.195182625310553703e+01 -1.198932984184648376e+01 -1.202798110236471985e+01 -1.206786366059532156e+01 -1.210903922933721333e+01 -1.215147394329324015e+01 -1.219518474409778719e+01 -1.224030922064048355e+01 -1.228668488373659784e+01 -1.233447021151368972e+01
-1.229779591176338727e+01 -1.235524667106074048e+01 -1.241572205010379548e+01 -1.247940799262505607e+01 -1.254620593157233088e+01 -1.261644392682501348e+01 -1.269009006542546558e+01 -1.276718862017150968e+01 -1.284773543775372673e+01 -1.293206494207697688e+01 -1.301998973737136112e+01
-1.267663569435535464e+01 -1.276121935312403366e+01 -1.285230208077700809e+01 -1.295023283396585612e+01 -1.305536054024196346e+01 -1.316784868192917202e+01 -1.328810196383710718e+01 -1.341617424883224885e+01 -1.355226032102291356e+01 -1.369643888343489380e+01 -1.384856043033869355e+01
-1.302763541853710194e+01 -1.314328723783182795e+01 -1.327139982859807787e+01 -1.341280343439575518e+01 -1.356828608836804051e+01 -1.373838140171210398e+01 -1.392257210931347799e+01 -1.412115509817886050e+01 -1.433491316189611098e+01 -1.456356654033879749e+01 -1.480708144382879254e+01
-1.334078517120724428e+01 -1.349111511285082088e+01 -1.366168549416397582e+01 -1.385384347607032396e+01 -1.406963862424890976e+01 -1.430990443733389839e+01 -1.457536840548345936e+01 -1.486582629808617639e+01 -1.518148788557300577e+01 -1.552117869986614096e+01 -1.588414774683769792e+01
-1.361258850209924276e+01 -1.379713113415709813e+01 -1.401354039337456925e+01 -1.426488813367177499e+01 -1.455350199090025853e+01 -1.488013559479441028e+01 -1.524524047596787568e+01 -1.564802073157625273e+01 -1.608605602160969283e+01 -1.655660003745288122e+01 -1.705963997163416934e+01
-1.384204499034967739e+01 -1.406317048147320747e+01 -1.433055455621797591e+01 -1.464895725741735077e+01 -1.502103599833571934e+01 -1.544695608368783724e+01 -1.592334678246697877e+01 -1.645028668247323367e+01 -1.702532699241783121e+01 -1.764511233465236728e+01 -1.830630780824867543e+01
-1.403512689389754087e+01 -1.429386409127619117e+01 -1.461581642718010698e+01 -1.500781639137494494e+01 -1.546854445477947593e+01 -1.600034092440910172e+01 -1.660152953766009887e+01 -1.726813334382313769e+01 -1.799517210893100128e+01 -1.877685321253738948e+01 -1.960807696652773302e+01
-1.419688302950453362e+01 -1.449369048844164354e+01 -1.487319548989034956e+01 -1.533853756721509853e+01 -1.589624380739405751e+01 -1.654571404162925319e+01 -1.728186355057187029e+01 -1.809793901066586841e+01 -1.898566452389059123e+01 -1.993672069027161342e+01 -2.094234976160805672e+01
