2.468325066595103863e+02 2.482460146367610321e+02 2.496389803175463271e+02 2.510890915834944224e+02 2.525644385224382802e+02 2.539698851063569407e+02 2.554663762781589185e+02 2.569509502587355314e+02 2.584447257851315953e+02 2.599301721162790386e+02 2.614874643592905841e+02
2.821430415108085299e+02 2.841740967914687417e+02 2.862480289703503331e+02 2.883458430884622317e+02 2.904350681080465506e+02 2.925463443137264221e+02 2.946664098381180565e+02 2.968132060022468863e+02 2.989864704597454192e+02 3.011099765572125193e+02 3.032639426541059606e+02
3.738037469962948194e+02 3.783048191488035741e+02 3.828699573684083362e+02 3.874569775536946850e+02 3.920721910426509567e+02 3.967180358348679761e+02 4.013684191941306949e+02 4.060140538835244115e+02 4.107573596937623961e+02 4.154775986208275071e+02 4.202645482735575229e+02
5.134121320029930757e+02 5.232877458596510678e+02 5.333274054931316641e+02 5.435138504243903981e+02 5.537621518813072043e+02 5.640934911005671211e+02 5.745626973618511784e+02 5.851283383311817943e+02 5.957001761590928481e+02 6.063090881663002847e+02 6.169523003158835763e+02
7.205333943051703045e+02 7.402271074906057038e+02 7.605481989762153034e+02 7.816893572966581587e+02 8.034271388347598304e+02 8.255517951157981997e+02 8.479144247871606694e+02 8.702116887525548918e+02 8.926787932647691832e+02 9.152050539119595669e+02 9.376770551196159431e+02
1.074420964138773797e+03 1.113910955596647000e+03 1.155071006498482348e+03 1.197449094291705478e+03 1.240642817517898038e+03 1.284397269964908901e+03 1.328385874594346433e+03 1.372765761241154905e+03 1.416321183823560887e+03 1.459989243453661857e+03 1.508563364838987809e+03
1.818004821477001315e+03 1.898320210183073868e+03 1.982449009775066315e+03 2.069425673783968705e+03 2.158622183493971988e+03 2.249865494244237198e+03 2.341816860153014659e+03 2.433640534266720806e+03 2.537253658995045953e+03 2.638957994140457686e+03 2.737574068848593924e+03
3.620464063103271201e+03 3.801275068317137084e+03 3.995488770033948640e+03 4.199845090919123322e+03 4.410657906153965996e+03 4.628232786345578461e+03 4.845067172315869357e+03 5.084129301172992200e+03 5.323582515343890009e+03 5.560251916879797136e+03 5.790675690004040916e+03
8.248036217995841071e+03 8.710290700588193431e+03 9.216786789727098949e+03 9.759709642147032355e+03 1.032219816323044870e+04 1.089739621034291122e+04 1.149828732493590906e+04 1.213160079403633972e+04 1.274971357145385264e+04 1.335736956693085449e+04 1.395336736544815358e+04
2.027279844339765987e+04 2.154063509559205704e+04 2.295818813386357215e+04 2.446567352260010375e+04 2.604016302641053335e+04 2.763243714636540608e+04 2.940547668116550631e+04 3.113365296221333483e+04 3.284700869569478527e+04 3.450666320084381005e+04 3.608551363393945940e+04
5.116560622846943443e+04 5.469817043949227082e+04 5.868791811263445561e+04 6.292545741920918954e+04 6.731205752136096999e+04 7.210650330381741514e+04 7.706107551218665321e+04 8.186037647943422780e+04 8.650329609315004200e+04 9.106680850778253807e+04 9.514999581716067041e+04
