0.000000000000000000e+00 6.375848139286972582e-01 8.520057675777934492e-01 9.789272253401577473e-01 1.066703867982141674e+00 1.134269513946492225e+00 1.189202614186797291e+00 1.234558554308023304e+00 1.271558043081313372e+00 1.303454469074495137e+00 1.331495073216501623e+00
0.000000000000000000e+00 6.390480915433727205e-01 8.538084520841948688e-01 9.805327534559182823e-01 1.068393432884477079e+00 1.136041418241802603e+00 1.191082521690987051e+00 1.236014540831092745e+00 1.272923857381101698e+00 1.304742694308515638e+00 1.332805720332544297e+00
0.000000000000000000e+00 6.430133717367425561e-01 8.588578948401845992e-01 9.848885684041306376e-01 1.073026369151193649e+00 1.140920162375550717e+00 1.196045601507648826e+00 1.239764548547100276e+00 1.276534878299571574e+00 1.308246121450792998e+00 1.336290936334989965e+00
0.000000000000000000e+00 6.481621066923253238e-01 8.649483202607370913e-01 9.905054046539589763e-01 1.079100389673840255e+00 1.147580055054277182e+00 1.201097839686553925e+00 1.244129801983945072e+00 1.280658967851195484e+00 1.312298394506797194e+00 1.340284142817836255e+00
0.000000000000000000e+00 6.535135280573740602e-01 8.703192648245021701e-01 9.961540620424784720e-01 1.085188983008265495e+00 1.153116102446801960e+00 1.204998654371593148e+00 1.247717727848794311e+00 1.284042714280076325e+00 1.315678569255396724e+00 1.343776410794816911e+00
0.000000000000000000e+00 6.583897554082795978e-01 8.746284047956578434e-01 1.000889053335413337e+00 1.090546931605786085e+00 1.155828735150862485e+00 1.207140012935269624e+00 1.249661518551874906e+00 1.285915323998779058e+00 1.317741370294243097e+00 1.346227010770235211e+00
0.000000000000000000e+00 6.623215390718542039e-01 8.774400072870776057e-01 1.004176669463049620e+00 1.092347861209418625e+00 1.156285327742807567e+00 1.207247599319089204e+00 1.249606179422698915e+00 1.286075644835364074e+00 1.318295694421976805e+00 1.347215424349997193e+00
0.000000000000000000e+00 6.653561519924551249e-01 8.788535002968274057e-01 1.006155630748253316e+00 1.091377149918116629e+00 1.154683977016247809e+00 1.205408009351231158e+00 1.247872744512278587e+00 1.284783109265845269e+00 1.317405759880784899e+00 1.346553013543598354e+00
0.000000000000000000e+00 6.663401488913223147e-01 8.791100586531683803e-01 1.005341351905371994e+00 1.088695605285465717e+00 1.151609547669067979e+00 1.202220432751346380e+00 1.245060312736313790e+00 1.282346004503779113e+00 1.315218075818847865e+00 1.344567158084828407e+00
0.000000000000000000e+00 6.657166357617825270e-01 8.781609628931619227e-01 1.002171782602090389e+00 1.084657006547786295e+00 1.147189987765159458e+00 1.198015358764678240e+00 1.241244374774396420e+00 1.278753463237080723e+00 1.311753393383696675e+00 1.341369381407275796e+00
0.000000000000000000e+00 6.647003521793521941e-01 8.770157588296569884e-01 9.982869283994659781e-01 1.080064347945153713e+00 1.142431334359571338e+00 1.193604946194682270e+00 1.237084060267079622e+00 1.274706222175154835e+00 1.307954838965088129e+00 1.337644320563413203e+00
