0.000000000000000000e+00 3.529444541709381156e-02 7.030941673292545602e-02 1.054915018830797635e-01 1.407846887341293041e-01 1.757564097679278348e-01 2.110686730738962069e-01 2.462574453238630667e-01 2.815074374666437507e-01 3.168506333786353935e-01 3.521579989355814178e-01
0.000000000000000000e+00 4.442574891800177284e-02 8.889971720054745674e-02 1.334617399006674532e-01 1.780061401186685544e-01 2.225677662681846414e-01 2.671466934843920171e-01 3.119877679528144654e-01 3.568926618390833028e-01 4.017785983669455163e-01 4.468710228793497663e-01
0.000000000000000000e+00 7.135469813511008397e-02 1.428605965156748425e-01 2.143293141816684511e-01 2.860034559125779197e-01 3.579824652224488091e-01 4.301551822791225277e-01 5.025943324726540595e-01 5.755916121925110929e-01 6.488748991796455812e-01 7.225573810173955280e-01
0.000000000000000000e+00 1.120896622451255098e-01 2.243236917202011682e-01 3.370999754952208605e-01 4.504912583834084217e-01 5.648219473951030523e-01 6.803019303988548927e-01 7.969767657850752585e-01 9.152614386111963540e-01 1.035342250175744994e+00 1.157145951285201591e+00
0.000000000000000000e+00 1.630613992347207386e-01 3.267438090188079514e-01 4.917320927743276116e-01 6.588618583809875418e-01 8.286293391174694989e-01 1.001832996986195212e+00 1.178766385604831157e+00 1.360389546589431120e+00 1.546766737657890189e+00 1.738174228848947678e+00
0.000000000000000000e+00 2.197448533661372494e-01 4.413966325300862081e-01 6.669049864503904246e-01 8.981887104164343327e-01 1.136624370716162957e+00 1.382393331430648686e+00 1.636555793375009671e+00 1.900986042575823376e+00 2.175850472482125042e+00 2.461781205009174300e+00
0.000000000000000000e+00 2.812629593536257744e-01 5.658566406818863470e-01 8.573401712965278421e-01 1.159821663248294499e+00 1.476285612094216049e+00 1.809258607485389803e+00 2.159723840275546536e+00 2.528939925861777738e+00 2.917077649610291701e+00 3.324090503192564938e+00
0.000000000000000000e+00 3.418728488868509885e-01 6.914043524411681574e-01 1.055046914174454287e+00 1.438975455512263579e+00 1.847419289631943684e+00 2.283555501311639091e+00 2.748859306560916593e+00 3.242211111901269760e+00 3.762586726588779129e+00 4.310627315648162039e+00
0.000000000000000000e+00 4.024816310229653027e-01 8.191573062322277110e-01 1.260625198290654225e+00 1.734535046700329985e+00 2.246140602630475769e+00 2.795971603220095858e+00 3.386998891197436024e+00 4.018522906022553798e+00 4.688924583144398639e+00 5.395849616972554941e+00
0.000000000000000000e+00 4.638832058772095479e-01 9.485975844327185769e-01 1.472031671721197199e+00 2.039409002405591309e+00 2.659594416643813020e+00 3.335853080381639302e+00 4.067620400877785869e+00 4.852077271203597775e+00 5.684804908141813939e+00 6.562358371185837314e+00
0.000000000000000000e+00 5.246144478442147374e-01 1.079106747194600757e+00 1.681828302596841240e+00 2.349828575985156931e+00 3.089624429663672345e+00 3.902008066812413745e+00 4.783984681005676975e+00 5.729790053792385152e+00 6.732458458551263902e+00 7.784816787694580853e+00
