4.787155941799288716e-01 4.871895196029437103e-01 5.004171098215326463e-01 5.188969606485972497e-01 5.421983293519988534e-01 5.697442643816761354e-01 6.019838367390808465e-01 6.381625035273355007e-01 6.780657019116582696e-01 7.213374353837376241e-01 7.682100996825572681e-01
6.245574557899736812e-01 6.376045899633510095e-01 6.574069080513624819e-01 6.838940306655848511e-01 7.167648473986981683e-01 7.559647197014129905e-01 8.010881971393145617e-01 8.519279134636644768e-01 9.081530734052528642e-01 9.689663889547995845e-01 1.034552429986249411e+00
1.062088498630831213e+00 1.095856169229934451e+00 1.141751155987742461e+00 1.199823651074025666e+00 1.270315277540971621e+00 1.353142389471302609e+00 1.447892574705508251e+00 1.554300531973695110e+00 1.672848562690645080e+00 1.802267329269953144e+00 1.943164288986649835e+00
1.812872879039578500e+00 1.901052673699961559e+00 2.012247896515220180e+00 2.148174048162481142e+00 2.309743990021746463e+00 2.497881959665464002e+00 2.713651610794880487e+00 2.956364673385894370e+00 3.226054717008569384e+00 3.523898907158254712e+00 3.850352127694389281e+00
2.890831628618063753e+00 3.096223426257536104e+00 3.348472165799883715e+00 3.650856287727597849e+00 4.006349232576758013e+00 4.418380088168293085e+00 4.890770876207846563e+00 5.422695261293328350e+00 6.019023311463439718e+00 6.681234772068839867e+00 7.411377995719377054e+00
4.346921747902555921e+00 4.766028210045917035e+00 5.267595679671689624e+00 5.867146290049757518e+00 6.563358994794188384e+00 7.373172736970291297e+00 8.353082551932901723e+00 9.485177406404558198e+00 1.074131921440062776e+01 1.213909966733650414e+01 1.368652653577260025e+01
6.174761739486084089e+00 6.924997454739569847e+00 7.879931780532368535e+00 9.046791095721932408e+00 1.040104323341760839e+01 1.197278105281690053e+01 1.378025982207880595e+01 1.584104561355643881e+01 1.815158745303675758e+01 2.073443794833619691e+01 2.359811059945316103e+01
8.424224208008739723e+00 9.794969640014452139e+00 1.142905428063411222e+01 1.337820078824729997e+01 1.566895620778944576e+01 1.833050084803233304e+01 2.140641208159134834e+01 2.481787520260359159e+01 2.897371691868522703e+01 3.392285182488599560e+01 3.937393337663777970e+01
1.118261459014479442e+01 1.329978231001082634e+01 1.587781489414880909e+01 1.895746186629161656e+01 2.258142722397483837e+01 2.691139011219532406e+01 3.246697827131275460e+01 3.870820507433438706e+01 4.571026094880105006e+01 5.358523637293957620e+01 6.226071611264381289e+01
1.436361573527932300e+01 1.749285808219252303e+01 2.135362768357641627e+01 2.593107923981064289e+01 3.211120076033240167e+01 3.936127628933756739e+01 4.769819055476627057e+01 5.715726958677382186e+01 6.778192725215458836e+01 7.934356975133962919e+01 9.193706339660053573e+01
1.799496385676155796e+01 2.242610762220299137e+01 2.788837051802352462e+01 3.550159724837315878e+01 4.448682978043672165e+01 5.500063112320696490e+01 6.702330887208192678e+01 8.026995057882558626e+01 9.501109394221964521e+01 1.110765539961264352e+02 1.286517200210433600e+02
