#Height_km	LowDensity_kgm3	Density_kgm3	HighDensity_kgm3	PerturbedDensity_kgm3
-200	4.937E+00	5.036E+00	5.137E+00	5.076E+00
-199	4.896E+00	4.994E+00	5.094E+00	5.044E+00
-198	4.855E+00	4.952E+00	5.052E+00	4.998E+00
-197	4.815E+00	4.911E+00	5.010E+00	4.950E+00
-196	4.775E+00	4.871E+00	4.968E+00	4.915E+00
-195	4.733E+00	4.827E+00	4.924E+00	4.890E+00
-194	4.691E+00	4.785E+00	4.880E+00	4.847E+00
-193	4.649E+00	4.742E+00	4.837E+00	4.798E+00
-192	4.608E+00	4.701E+00	4.795E+00	4.769E+00
-191	4.568E+00	4.659E+00	4.752E+00	4.722E+00
-190	4.528E+00	4.618E+00	4.711E+00	4.666E+00
-189	4.488E+00	4.578E+00	4.669E+00	4.606E+00
-188	4.448E+00	4.537E+00	4.628E+00	4.573E+00
-187	4.410E+00	4.498E+00	4.588E+00	4.530E+00
-186	4.371E+00	4.458E+00	4.548E+00	4.495E+00
-185	4.333E+00	4.419E+00	4.508E+00	4.477E+00
-184	4.295E+00	4.381E+00	4.469E+00	4.431E+00
-183	4.258E+00	4.343E+00	4.430E+00	4.394E+00
-182	4.221E+00	4.305E+00	4.391E+00	4.356E+00
-181	4.184E+00	4.268E+00	4.353E+00	4.309E+00
-180	4.148E+00	4.231E+00	4.315E+00	4.266E+00
-179	4.112E+00	4.194E+00	4.278E+00	4.222E+00
-178	4.076E+00	4.158E+00	4.241E+00	4.184E+00
-177	4.041E+00	4.122E+00	4.205E+00	4.150E+00
-176	4.006E+00	4.086E+00	4.168E+00	4.089E+00
-175	3.968E+00	4.048E+00	4.129E+00	4.053E+00
-174	3.931E+00	4.010E+00	4.090E+00	4.014E+00
-173	3.895E+00	3.972E+00	4.052E+00	3.964E+00
-172	3.858E+00	3.935E+00	4.014E+00	3.930E+00
-171	3.822E+00	3.899E+00	3.977E+00	3.892E+00
-170	3.787E+00	3.862E+00	3.940E+00	3.856E+00
-169	3.751E+00	3.826E+00	3.903E+00	3.829E+00
-168	3.717E+00	3.791E+00	3.867E+00	3.796E+00
-167	3.682E+00	3.756E+00	3.831E+00	3.772E+00
-166	3.648E+00	3.721E+00	3.795E+00	3.743E+00
-165	3.614E+00	3.687E+00	3.760E+00	3.701E+00
-164	3.581E+00	3.653E+00	3.726E+00	3.667E+00
-163	3.548E+00	3.619E+00	3.691E+00	3.642E+00
-162	3.516E+00	3.586E+00	3.658E+00	3.600E+00
-161	3.483E+00	3.553E+00	3.624E+00	3.564E+00
-160	3.451E+00	3.520E+00	3.591E+00	3.537E+00
-159	3.420E+00	3.488E+00	3.558E+00	3.505E+00
-158	3.389E+00	3.456E+00	3.526E+00	3.483E+00
-157	3.357E+00	3.424E+00	3.492E+00	3.452E+00
-156	3.323E+00	3.390E+00	3.458E+00	3.432E+00
-155	3.291E+00	3.356E+00	3.423E+00	3.395E+00
-154	3.258E+00	3.323E+00	3.390E+00	3.377E+00
-153	3.226E+00	3.290E+00	3.356E+00	3.337E+00
-152	3.194E+00	3.258E+00	3.323E+00	3.295E+00
-151	3.163E+00	3.226E+00	3.290E+00	3.256E+00
-150	3.132E+00	3.194E+00	3.258E+00	3.213E+00
-149	3.101E+00	3.163E+00	3.226E+00	3.186E+00
-148	3.071E+00	3.132E+00	3.195E+00	3.149E+00
-147	3.041E+00	3.102E+00	3.164E+00	3.116E+00
-146	3.011E+00	3.071E+00	3.133E+00	3.101E+00
-145	2.982E+00	3.041E+00	3.102E+00	3.056E+00
-144	2.953E+00	3.012E+00	3.072E+00	3.032E+00
-143	2.924E+00	2.983E+00	3.042E+00	3.005E+00
-142	2.896E+00	2.954E+00	3.013E+00	2.969E+00
-141	2.868E+00	2.925E+00	2.984E+00	2.938E+00
-140	2.840E+00	2.897E+00	2.955E+00	2.904E+00
-139	2.811E+00	2.868E+00	2.925E+00	2.868E+00
-138	2.782E+00	2.838E+00	2.895E+00	2.848E+00
-137	2.753E+00	2.808E+00	2.865E+00	2.817E+00
-136	2.725E+00	2.779E+00	2.835E+00	2.793E+00
-135	2.697E+00	2.751E+00	2.806E+00	2.773E+00
-134	2.669E+00	2.722E+00	2.777E+00	2.742E+00
-133	2.641E+00	2.694E+00	2.748E+00	2.703E+00
-132	2.614E+00	2.667E+00	2.720E+00	2.677E+00
-131	2.587E+00	2.639E+00	2.692E+00	2.647E+00
-130	2.561E+00	2.612E+00	2.664E+00	2.622E+00
-129	2.535E+00	2.585E+00	2.637E+00	2.592E+00
-128	2.509E+00	2.559E+00	2.610E+00	2.559E+00
-127	2.483E+00	2.533E+00	2.584E+00	2.534E+00
-126	2.458E+00	2.507E+00	2.558E+00	2.515E+00
-125	2.433E+00	2.482E+00	2.532E+00	2.492E+00
-124	2.409E+00	2.457E+00	2.506E+00	2.464E+00
-123	2.384E+00	2.432E+00	2.480E+00	2.443E+00
-122	2.358E+00	2.405E+00	2.453E+00	2.416E+00
-121	2.332E+00	2.379E+00	2.426E+00	2.387E+00
-120	2.307E+00	2.353E+00	2.400E+00	2.355E+00
-119	2.281E+00	2.327E+00	2.374E+00	2.326E+00
-118	2.257E+00	2.302E+00	2.348E+00	2.303E+00
-117	2.232E+00	2.277E+00	2.322E+00	2.282E+00
-116	2.208E+00	2.252E+00	2.297E+00	2.255E+00
-115	2.184E+00	2.228E+00	2.272E+00	2.235E+00
-114	2.161E+00	2.204E+00	2.248E+00	2.206E+00
-113	2.137E+00	2.180E+00	2.224E+00	2.184E+00
-112	2.114E+00	2.157E+00	2.200E+00	2.160E+00
-111	2.092E+00	2.134E+00	2.176E+00	2.141E+00
-110	2.069E+00	2.111E+00	2.153E+00	2.118E+00
-109	2.047E+00	2.088E+00	2.130E+00	2.103E+00
-108	2.025E+00	2.066E+00	2.107E+00	2.070E+00
-107	2.003E+00	2.043E+00	2.084E+00	2.050E+00
-106	1.980E+00	2.020E+00	2.060E+00	2.023E+00
-105	1.958E+00	1.997E+00	2.037E+00	2.002E+00
-104	1.936E+00	1.974E+00	2.014E+00	1.981E+00
-103	1.914E+00	1.952E+00	1.991E+00	1.958E+00
-102	1.892E+00	1.930E+00	1.969E+00	1.926E+00
-101	1.871E+00	1.909E+00	1.947E+00	1.904E+00
-100	1.850E+00	1.887E+00	1.925E+00	1.887E+00
-99	1.830E+00	1.866E+00	1.904E+00	1.868E+00
-98	1.809E+00	1.845E+00	1.882E+00	1.849E+00
-97	1.789E+00	1.825E+00	1.861E+00	1.829E+00
-96	1.769E+00	1.804E+00	1.841E+00	1.811E+00
-95	1.748E+00	1.783E+00	1.818E+00	1.788E+00
-94	1.727E+00	1.761E+00	1.797E+00	1.767E+00
-93	1.706E+00	1.740E+00	1.775E+00	1.736E+00
-92	1.686E+00	1.720E+00	1.754E+00	1.718E+00
-91	1.666E+00	1.699E+00	1.733E+00	1.691E+00
-90	1.646E+00	1.679E+00	1.713E+00	1.672E+00
-89	1.627E+00	1.659E+00	1.692E+00	1.652E+00
-88	1.608E+00	1.640E+00	1.672E+00	1.626E+00
-87	1.589E+00	1.620E+00	1.653E+00	1.604E+00
-86	1.570E+00	1.601E+00	1.633E+00	1.585E+00
-85	1.552E+00	1.583E+00	1.614E+00	1.561E+00
-84	1.533E+00	1.564E+00	1.595E+00	1.541E+00
-83	1.515E+00	1.545E+00	1.576E+00	1.526E+00
-82	1.496E+00	1.526E+00	1.556E+00	1.507E+00
-81	1.477E+00	1.507E+00	1.537E+00	1.488E+00
-80	1.459E+00	1.488E+00	1.518E+00	1.476E+00
-79	1.441E+00	1.469E+00	1.499E+00	1.457E+00
-78	1.423E+00	1.451E+00	1.480E+00	1.439E+00
-77	1.405E+00	1.433E+00	1.462E+00	1.421E+00
-76	1.388E+00	1.415E+00	1.444E+00	1.397E+00
-75	1.371E+00	1.398E+00	1.426E+00	1.385E+00
-74	1.354E+00	1.381E+00	1.409E+00	1.370E+00
-73	1.337E+00	1.364E+00	1.391E+00	1.357E+00
-72	1.321E+00	1.347E+00	1.374E+00	1.346E+00
-71	1.303E+00	1.329E+00	1.356E+00	1.328E+00
-70	1.286E+00	1.312E+00	1.338E+00	1.316E+00
-69	1.269E+00	1.294E+00	1.320E+00	1.302E+00
-68	1.252E+00	1.277E+00	1.303E+00	1.283E+00
-67	1.236E+00	1.261E+00	1.286E+00	1.271E+00
-66	1.220E+00	1.244E+00	1.269E+00	1.253E+00
-65	1.204E+00	1.228E+00	1.253E+00	1.237E+00
-64	1.188E+00	1.212E+00	1.236E+00	1.220E+00
-63	1.173E+00	1.196E+00	1.220E+00	1.204E+00
-62	1.157E+00	1.180E+00	1.204E+00	1.190E+00
-61	1.141E+00	1.164E+00	1.187E+00	1.174E+00
-60	1.125E+00	1.147E+00	1.170E+00	1.156E+00
-59	1.109E+00	1.131E+00	1.154E+00	1.143E+00
-58	1.093E+00	1.115E+00	1.138E+00	1.124E+00
-57	1.078E+00	1.100E+00	1.122E+00	1.109E+00
-56	1.063E+00	1.085E+00	1.106E+00	1.096E+00
-55	1.049E+00	1.070E+00	1.091E+00	1.076E+00
-54	1.034E+00	1.055E+00	1.076E+00	1.060E+00
-53	1.020E+00	1.040E+00	1.061E+00	1.044E+00
-52	1.005E+00	1.025E+00	1.046E+00	1.028E+00
-51	9.900E-01	1.010E+00	1.030E+00	1.010E+00
-50	9.753E-01	9.948E-01	1.015E+00	9.966E-01
-49	9.608E-01	9.801E-01	9.997E-01	9.800E-01
-48	9.466E-01	9.656E-01	9.849E-01	9.633E-01
-47	9.327E-01	9.514E-01	9.704E-01	9.482E-01
-46	9.190E-01	9.374E-01	9.561E-01	9.331E-01
-45	9.056E-01	9.237E-01	9.422E-01	9.218E-01
-44	8.912E-01	9.090E-01	9.272E-01	9.094E-01
-43	8.767E-01	8.943E-01	9.122E-01	8.950E-01
-42	8.625E-01	8.798E-01	8.974E-01	8.823E-01
-41	8.486E-01	8.656E-01	8.829E-01	8.664E-01
-40	8.350E-01	8.517E-01	8.687E-01	8.536E-01
-39	8.216E-01	8.380E-01	8.548E-01	8.384E-01
-38	8.085E-01	8.247E-01	8.411E-01	8.224E-01
-37	7.956E-01	8.115E-01	8.278E-01	8.119E-01
-36	7.830E-01	7.987E-01	8.146E-01	7.994E-01
-35	7.706E-01	7.860E-01	8.017E-01	7.847E-01
-34	7.561E-01	7.713E-01	7.867E-01	7.698E-01
-33	7.421E-01	7.569E-01	7.721E-01	7.509E-01
-32	7.285E-01	7.430E-01	7.579E-01	7.376E-01
-31	7.153E-01	7.296E-01	7.441E-01	7.243E-01
-30	7.024E-01	7.165E-01	7.308E-01	7.095E-01
-29	6.900E-01	7.038E-01	7.179E-01	6.953E-01
-28	6.780E-01	6.916E-01	7.054E-01	6.831E-01
-27	6.664E-01	6.797E-01	6.933E-01	6.691E-01
-26	6.551E-01	6.682E-01	6.816E-01	6.569E-01
-25	6.442E-01	6.571E-01	6.702E-01	6.457E-01
-24	6.317E-01	6.443E-01	6.572E-01	6.326E-01
-23	6.194E-01	6.318E-01	6.444E-01	6.181E-01
-22	6.074E-01	6.195E-01	6.319E-01	6.084E-01
-21	5.957E-01	6.076E-01	6.197E-01	5.955E-01
-20	5.842E-01	5.959E-01	6.078E-01	5.832E-01
-19	5.736E-01	5.851E-01	5.968E-01	5.715E-01
-18	5.633E-01	5.745E-01	5.860E-01	5.623E-01
-17	5.531E-01	5.642E-01	5.755E-01	5.516E-01
-16	5.432E-01	5.541E-01	5.652E-01	5.431E-01
-15	5.335E-01	5.442E-01	5.551E-01	5.338E-01
-14	5.216E-01	5.320E-01	5.427E-01	5.239E-01
-13	5.100E-01	5.202E-01	5.306E-01	5.148E-01
-12	4.987E-01	5.087E-01	5.189E-01	5.020E-01
-11	4.877E-01	4.975E-01	5.074E-01	4.901E-01
-10	4.770E-01	4.866E-01	4.963E-01	4.796E-01
-9	4.651E-01	4.744E-01	4.839E-01	4.678E-01
-8	4.535E-01	4.626E-01	4.718E-01	4.542E-01
-7	4.423E-01	4.511E-01	4.601E-01	4.436E-01
-6	4.313E-01	4.399E-01	4.487E-01	4.325E-01
-5	4.207E-01	4.291E-01	4.377E-01	4.227E-01
-4	4.102E-01	4.184E-01	4.268E-01	4.111E-01
-3	4.000E-01	4.080E-01	4.162E-01	4.004E-01
-2	3.901E-01	3.979E-01	4.059E-01	3.908E-01
-1	3.806E-01	3.882E-01	3.960E-01	3.821E-01
0	3.713E-01	3.788E-01	3.863E-01	3.734E-01
1	3.617E-01	3.695E-01	3.775E-01	3.651E-01
2	3.523E-01	3.605E-01	3.688E-01	3.554E-01
3	3.432E-01	3.517E-01	3.605E-01	3.487E-01
4	3.344E-01	3.433E-01	3.524E-01	3.423E-01
5	3.259E-01	3.350E-01	3.445E-01	3.343E-01
6	3.172E-01	3.266E-01	3.364E-01	3.263E-01
7	3.088E-01	3.185E-01	3.285E-01	3.192E-01
8	3.007E-01	3.106E-01	3.209E-01	3.084E-01
9	2.928E-01	3.030E-01	3.135E-01	2.999E-01
10	2.852E-01	2.956E-01	3.063E-01	2.897E-01
11	2.768E-01	2.873E-01	2.982E-01	2.823E-01
12	2.687E-01	2.793E-01	2.904E-01	2.721E-01
13	2.609E-01	2.716E-01	2.828E-01	2.624E-01
14	2.533E-01	2.642E-01	2.755E-01	2.563E-01
15	2.460E-01	2.569E-01	2.683E-01	2.512E-01
16	2.384E-01	2.494E-01	2.609E-01	2.439E-01
17	2.311E-01	2.421E-01	2.536E-01	2.357E-01
18	2.240E-01	2.350E-01	2.466E-01	2.286E-01
19	2.171E-01	2.282E-01	2.398E-01	2.228E-01
20	2.105E-01	2.216E-01	2.332E-01	2.169E-01
21	2.033E-01	2.143E-01	2.259E-01	2.085E-01
22	1.963E-01	2.072E-01	2.188E-01	2.040E-01
23	1.895E-01	2.004E-01	2.119E-01	1.926E-01
24	1.830E-01	1.938E-01	2.052E-01	1.860E-01
25	1.767E-01	1.875E-01	1.988E-01	1.836E-01
26	1.701E-01	1.807E-01	1.919E-01	1.740E-01
27	1.637E-01	1.741E-01	1.852E-01	1.683E-01
28	1.575E-01	1.678E-01	1.788E-01	1.580E-01
29	1.516E-01	1.618E-01	1.726E-01	1.514E-01
30	1.459E-01	1.559E-01	1.667E-01	1.452E-01
31	1.399E-01	1.497E-01	1.603E-01	1.423E-01
32	1.341E-01	1.438E-01	1.541E-01	1.391E-01
33	1.286E-01	1.380E-01	1.482E-01	1.323E-01
34	1.233E-01	1.325E-01	1.425E-01	1.267E-01
35	1.182E-01	1.273E-01	1.370E-01	1.218E-01
36	1.131E-01	1.220E-01	1.316E-01	1.151E-01
37	1.083E-01	1.170E-01	1.264E-01	1.116E-01
38	1.037E-01	1.122E-01	1.213E-01	1.052E-01
39	9.926E-02	1.075E-01	1.165E-01	9.933E-02
40	9.502E-02	1.031E-01	1.119E-01	9.504E-02
41	9.088E-02	9.876E-02	1.073E-01	9.038E-02
42	8.693E-02	9.460E-02	1.029E-01	8.721E-02
43	8.314E-02	9.061E-02	9.876E-02	8.158E-02
44	7.952E-02	8.680E-02	9.474E-02	7.944E-02
45	7.606E-02	8.315E-02	9.089E-02	7.841E-02
46	7.261E-02	7.949E-02	8.702E-02	7.312E-02
47	6.932E-02	7.600E-02	8.332E-02	6.866E-02
48	6.618E-02	7.266E-02	7.978E-02	6.868E-02
49	6.317E-02	6.947E-02	7.639E-02	6.830E-02
50	6.031E-02	6.642E-02	7.314E-02	6.414E-02
51	5.749E-02	6.340E-02	6.993E-02	5.951E-02
52	5.480E-02	6.053E-02	6.686E-02	5.441E-02
53	5.224E-02	5.779E-02	6.392E-02	5.304E-02
54	4.980E-02	5.517E-02	6.111E-02	5.050E-02
55	4.747E-02	5.266E-02	5.843E-02	5.103E-02
56	4.520E-02	5.021E-02	5.579E-02	4.819E-02
57	4.303E-02	4.788E-02	5.327E-02	4.751E-02
58	4.097E-02	4.565E-02	5.086E-02	4.453E-02
59	3.901E-02	4.353E-02	4.857E-02	4.246E-02
60	3.714E-02	4.150E-02	4.638E-02	4.161E-02
61	3.539E-02	3.961E-02	4.433E-02	3.893E-02
62	3.373E-02	3.781E-02	4.237E-02	3.584E-02
63	3.215E-02	3.609E-02	4.050E-02	3.497E-02
64	3.064E-02	3.444E-02	3.872E-02	3.231E-02
65	2.921E-02	3.288E-02	3.701E-02	3.018E-02
66	2.780E-02	3.133E-02	3.532E-02	2.853E-02
67	2.645E-02	2.986E-02	3.371E-02	2.698E-02
68	2.518E-02	2.846E-02	3.218E-02	2.717E-02
69	2.396E-02	2.713E-02	3.071E-02	2.643E-02
70	2.280E-02	2.585E-02	2.931E-02	2.463E-02
71	2.170E-02	2.463E-02	2.797E-02	2.326E-02
72	2.064E-02	2.347E-02	2.668E-02	2.164E-02
73	1.964E-02	2.236E-02	2.546E-02	1.975E-02
74	1.868E-02	2.130E-02	2.429E-02	1.884E-02
75	1.778E-02	2.030E-02	2.318E-02	1.806E-02
76	1.694E-02	1.937E-02	2.215E-02	1.866E-02
77	1.615E-02	1.849E-02	2.117E-02	1.910E-02
78	1.539E-02	1.764E-02	2.023E-02	1.890E-02
79	1.466E-02	1.684E-02	1.934E-02	1.636E-02
80	1.398E-02	1.607E-02	1.848E-02	1.550E-02
81	1.332E-02	1.532E-02	1.761E-02	1.431E-02
82	1.270E-02	1.459E-02	1.678E-02	1.350E-02
83	1.210E-02	1.391E-02	1.598E-02	1.350E-02
84	1.153E-02	1.325E-02	1.523E-02	1.284E-02
85	1.099E-02	1.263E-02	1.451E-02	1.212E-02
86	1.046E-02	1.202E-02	1.380E-02	1.087E-02
87	9.954E-03	1.143E-02	1.313E-02	1.055E-02
88	9.473E-03	1.088E-02	1.249E-02	1.041E-02
89	9.014E-03	1.035E-02	1.188E-02	9.856E-03
90	8.579E-03	9.846E-03	1.130E-02	9.471E-03
91	8.172E-03	9.377E-03	1.076E-02	8.909E-03
92	7.785E-03	8.931E-03	1.025E-02	7.833E-03
93	7.417E-03	8.507E-03	9.758E-03	6.693E-03
94	7.066E-03	8.103E-03	9.293E-03	6.280E-03
95	6.732E-03	7.719E-03	8.851E-03	5.671E-03
96	6.346E-03	7.275E-03	8.340E-03	5.401E-03
97	5.984E-03	6.858E-03	7.861E-03	4.967E-03
98	5.645E-03	6.468E-03	7.412E-03	4.670E-03
99	5.326E-03	6.102E-03	6.991E-03	4.397E-03
100	5.028E-03	5.759E-03	6.597E-03	3.877E-03
101	4.871E-03	5.578E-03	6.388E-03	3.821E-03
102	4.719E-03	5.403E-03	6.187E-03	3.780E-03
103	4.572E-03	5.234E-03	5.992E-03	3.523E-03
104	4.430E-03	5.070E-03	5.803E-03	3.252E-03
105	4.292E-03	4.912E-03	5.621E-03	3.168E-03
106	4.144E-03	4.741E-03	5.424E-03	2.962E-03
107	4.001E-03	4.577E-03	5.235E-03	3.025E-03
108	3.863E-03	4.418E-03	5.052E-03	2.843E-03
109	3.730E-03	4.265E-03	4.876E-03	2.807E-03
110	3.601E-03	4.117E-03	4.706E-03	2.884E-03
111	3.462E-03	3.956E-03	4.522E-03	2.752E-03
112	3.328E-03	3.802E-03	4.345E-03	2.466E-03
113	3.199E-03	3.655E-03	4.175E-03	2.566E-03
114	3.075E-03	3.512E-03	4.012E-03	2.590E-03
115	2.956E-03	3.376E-03	3.855E-03	2.465E-03
116	2.833E-03	3.235E-03	3.694E-03	2.333E-03
117	2.716E-03	3.100E-03	3.539E-03	2.222E-03
118	2.603E-03	2.971E-03	3.391E-03	2.046E-03
119	2.495E-03	2.847E-03	3.249E-03	1.890E-03
120	2.392E-03	2.729E-03	3.113E-03	1.817E-03
121	2.286E-03	2.608E-03	2.975E-03	1.756E-03
122	2.185E-03	2.492E-03	2.843E-03	1.697E-03
123	2.089E-03	2.382E-03	2.716E-03	1.687E-03
124	1.997E-03	2.277E-03	2.596E-03	1.622E-03
125	1.910E-03	2.177E-03	2.481E-03	1.560E-03
126	1.837E-03	2.093E-03	2.385E-03	1.559E-03
127	1.767E-03	2.013E-03	2.293E-03	1.452E-03
128	1.699E-03	1.935E-03	2.205E-03	1.370E-03
129	1.634E-03	1.861E-03	2.120E-03	1.407E-03
130	1.572E-03	1.790E-03	2.038E-03	1.378E-03
131	1.514E-03	1.723E-03	1.962E-03	1.375E-03
132	1.458E-03	1.660E-03	1.889E-03	1.307E-03
133	1.404E-03	1.598E-03	1.819E-03	1.236E-03
134	1.353E-03	1.539E-03	1.751E-03	1.215E-03
135	1.303E-03	1.482E-03	1.686E-03	1.208E-03
136	1.260E-03	1.433E-03	1.629E-03	1.172E-03
137	1.218E-03	1.385E-03	1.575E-03	1.117E-03
138	1.178E-03	1.339E-03	1.522E-03	1.054E-03
139	1.139E-03	1.294E-03	1.471E-03	1.022E-03
140	1.101E-03	1.251E-03	1.421E-03	1.030E-03
141	1.064E-03	1.208E-03	1.373E-03	1.007E-03
142	1.028E-03	1.167E-03	1.326E-03	9.720E-04
143	9.930E-04	1.128E-03	1.281E-03	9.182E-04
144	9.594E-04	1.089E-03	1.237E-03	8.972E-04
145	9.270E-04	1.052E-03	1.195E-03	8.668E-04
146	8.931E-04	1.014E-03	1.151E-03	8.327E-04
147	8.604E-04	9.764E-04	1.108E-03	7.998E-04
148	8.289E-04	9.404E-04	1.067E-03	7.677E-04
149	7.986E-04	9.058E-04	1.027E-03	7.334E-04
150	7.693E-04	8.725E-04	9.895E-04	6.869E-04
151	7.520E-04	8.527E-04	9.668E-04	6.665E-04
152	7.351E-04	8.333E-04	9.446E-04	6.366E-04
153	7.185E-04	8.144E-04	9.230E-04	6.234E-04
154	7.023E-04	7.959E-04	9.019E-04	6.263E-04
155	6.865E-04	7.778E-04	8.812E-04	6.021E-04
156	6.691E-04	7.579E-04	8.585E-04	5.777E-04
157	6.522E-04	7.386E-04	8.365E-04	5.775E-04
158	6.357E-04	7.198E-04	8.150E-04	5.568E-04
159	6.197E-04	7.015E-04	7.941E-04	5.271E-04
160	6.041E-04	6.837E-04	7.738E-04	5.329E-04
161	5.887E-04	6.661E-04	7.538E-04	5.424E-04
162	5.737E-04	6.491E-04	7.343E-04	5.245E-04
163	5.591E-04	6.324E-04	7.154E-04	5.099E-04
164	5.449E-04	6.163E-04	6.969E-04	4.999E-04
165	5.311E-04	6.005E-04	6.790E-04	5.072E-04
166	5.143E-04	5.814E-04	6.573E-04	5.003E-04
167	4.982E-04	5.631E-04	6.364E-04	4.882E-04
168	4.826E-04	5.453E-04	6.162E-04	4.792E-04
169	4.675E-04	5.282E-04	5.968E-04	4.752E-04
170	4.530E-04	5.117E-04	5.780E-04	4.736E-04
171	4.354E-04	4.917E-04	5.553E-04	4.416E-04
172	4.187E-04	4.727E-04	5.337E-04	4.149E-04
173	4.027E-04	4.546E-04	5.131E-04	3.965E-04
174	3.874E-04	4.373E-04	4.935E-04	3.704E-04
175	3.729E-04	4.208E-04	4.748E-04	3.689E-04
176	3.568E-04	4.026E-04	4.542E-04	3.583E-04
177	3.417E-04	3.854E-04	4.347E-04	3.445E-04
178	3.273E-04	3.691E-04	4.163E-04	3.401E-04
179	3.137E-04	3.537E-04	3.988E-04	3.229E-04
180	3.008E-04	3.391E-04	3.823E-04	3.205E-04
181	2.892E-04	3.260E-04	3.674E-04	3.157E-04
182	2.782E-04	3.134E-04	3.532E-04	2.919E-04
183	2.676E-04	3.015E-04	3.397E-04	2.845E-04
184	2.575E-04	2.901E-04	3.267E-04	2.824E-04
185	2.479E-04	2.792E-04	3.144E-04	2.659E-04
186	2.393E-04	2.694E-04	3.033E-04	2.581E-04
187	2.309E-04	2.600E-04	2.926E-04	2.498E-04
188	2.230E-04	2.509E-04	2.824E-04	2.374E-04
189	2.153E-04	2.423E-04	2.726E-04	2.281E-04
190	2.079E-04	2.339E-04	2.632E-04	2.221E-04
191	2.015E-04	2.266E-04	2.549E-04	2.107E-04
192	1.952E-04	2.195E-04	2.469E-04	2.026E-04
193	1.892E-04	2.127E-04	2.391E-04	1.990E-04
194	1.833E-04	2.061E-04	2.317E-04	1.858E-04
195	1.777E-04	1.997E-04	2.244E-04	1.825E-04
196	1.727E-04	1.940E-04	2.180E-04	1.740E-04
197	1.678E-04	1.885E-04	2.117E-04	1.665E-04
198	1.631E-04	1.831E-04	2.057E-04	1.651E-04
199	1.585E-04	1.780E-04	1.998E-04	1.619E-04
200	1.540E-04	1.729E-04	1.942E-04	1.550E-04
201	1.497E-04	1.681E-04	1.887E-04	1.502E-04
202	1.456E-04	1.634E-04	1.833E-04	1.485E-04
203	1.415E-04	1.588E-04	1.782E-04	1.412E-04
204	1.376E-04	1.544E-04	1.732E-04	1.398E-04
205	1.338E-04	1.501E-04	1.683E-04	1.366E-04
206	1.303E-04	1.461E-04	1.638E-04	1.327E-04
207	1.276E-04	1.431E-04	1.604E-04	1.282E-04
208	1.250E-04	1.401E-04	1.570E-04	1.269E-04
209	1.224E-04	1.371E-04	1.537E-04	1.236E-04
210	1.198E-04	1.343E-04	1.504E-04	1.229E-04
211	1.174E-04	1.315E-04	1.473E-04	1.190E-04
212	1.149E-04	1.287E-04	1.442E-04	1.163E-04
213	1.126E-04	1.260E-04	1.411E-04	1.139E-04
214	1.105E-04	1.237E-04	1.385E-04	1.122E-04
215	1.085E-04	1.214E-04	1.359E-04	1.085E-04
216	1.065E-04	1.192E-04	1.333E-04	1.063E-04
217	1.045E-04	1.169E-04	1.308E-04	1.044E-04
218	1.026E-04	1.148E-04	1.284E-04	1.015E-04
219	1.007E-04	1.126E-04	1.260E-04	1.011E-04
220	9.887E-05	1.105E-04	1.236E-04	9.755E-05
221	9.712E-05	1.086E-04	1.214E-04	9.664E-05
222	9.544E-05	1.067E-04	1.192E-04	9.675E-05
223	9.379E-05	1.048E-04	1.171E-04	9.268E-05
224	9.217E-05	1.030E-04	1.151E-04	9.285E-05
225	9.057E-05	1.012E-04	1.130E-04	9.145E-05
226	8.900E-05	9.940E-05	1.110E-04	9.135E-05
227	8.746E-05	9.766E-05	1.090E-04	8.878E-05
228	8.599E-05	9.599E-05	1.072E-04	8.830E-05
229	8.459E-05	9.442E-05	1.054E-04	8.621E-05
230	8.322E-05	9.287E-05	1.036E-04	8.339E-05
231	8.187E-05	9.134E-05	1.019E-04	8.107E-05
232	8.054E-05	8.984E-05	1.002E-04	7.816E-05
233	7.924E-05	8.837E-05	9.855E-05	7.690E-05
234	7.795E-05	8.692E-05	9.691E-05	7.604E-05
235	7.669E-05	8.549E-05	9.530E-05	7.336E-05
236	7.545E-05	8.410E-05	9.373E-05	7.189E-05
237	7.424E-05	8.273E-05	9.218E-05	6.986E-05
238	7.304E-05	8.138E-05	9.066E-05	6.955E-05
239	7.187E-05	8.005E-05	8.916E-05	6.808E-05
240	7.071E-05	7.874E-05	8.769E-05	6.520E-05
241	6.957E-05	7.746E-05	8.624E-05	6.270E-05
242	6.845E-05	7.620E-05	8.482E-05	6.173E-05
243	6.733E-05	7.493E-05	8.339E-05	6.243E-05
244	6.622E-05	7.368E-05	8.199E-05	6.143E-05
245	6.512E-05	7.245E-05	8.060E-05	5.984E-05
246	6.405E-05	7.124E-05	7.924E-05	5.806E-05
247	6.300E-05	7.005E-05	7.790E-05	5.650E-05
248	6.196E-05	6.889E-05	7.659E-05	5.772E-05
249	6.094E-05	6.774E-05	7.530E-05	5.491E-05
250	5.995E-05	6.663E-05	7.405E-05	5.389E-05
251	5.900E-05	6.556E-05	7.285E-05	5.340E-05
252	5.807E-05	6.451E-05	7.166E-05	5.283E-05
253	5.715E-05	6.348E-05	7.050E-05	5.214E-05
254	5.625E-05	6.246E-05	6.936E-05	5.030E-05
255	5.536E-05	6.146E-05	6.823E-05	4.992E-05
256	5.448E-05	6.047E-05	6.713E-05	4.971E-05
257	5.361E-05	5.949E-05	6.602E-05	4.774E-05
258	5.272E-05	5.850E-05	6.490E-05	4.688E-05
259	5.185E-05	5.752E-05	6.381E-05	4.523E-05
260	5.099E-05	5.656E-05	6.273E-05	4.417E-05
261	5.015E-05	5.561E-05	6.166E-05	4.336E-05
262	4.932E-05	5.468E-05	6.062E-05	4.372E-05
263	4.851E-05	5.376E-05	5.959E-05	4.173E-05
264	4.770E-05	5.287E-05	5.858E-05	4.033E-05
265	4.693E-05	5.200E-05	5.761E-05	3.996E-05
266	4.617E-05	5.114E-05	5.665E-05	4.003E-05
267	4.542E-05	5.030E-05	5.571E-05	3.931E-05
268	4.469E-05	4.948E-05	5.479E-05	3.830E-05
269	4.396E-05	4.867E-05	5.388E-05	3.834E-05
270	4.325E-05	4.787E-05	5.298E-05	3.744E-05
271	4.255E-05	4.708E-05	5.210E-05	3.592E-05
272	4.183E-05	4.628E-05	5.120E-05	3.520E-05
273	4.111E-05	4.547E-05	5.030E-05	3.476E-05
274	4.040E-05	4.468E-05	4.941E-05	3.420E-05
275	3.971E-05	4.390E-05	4.854E-05	3.443E-05
276	3.902E-05	4.314E-05	4.769E-05	3.408E-05
277	3.835E-05	4.239E-05	4.685E-05	3.332E-05
278	3.769E-05	4.165E-05	4.602E-05	3.180E-05
279	3.705E-05	4.094E-05	4.523E-05	3.205E-05
280	3.644E-05	4.025E-05	4.446E-05	3.096E-05
281	3.584E-05	3.958E-05	4.371E-05	3.116E-05
282	3.525E-05	3.892E-05	4.297E-05	2.920E-05
283	3.467E-05	3.827E-05	4.225E-05	2.793E-05
284	3.410E-05	3.763E-05	4.153E-05	2.834E-05
285	3.354E-05	3.700E-05	4.083E-05	2.729E-05
286	3.298E-05	3.638E-05	4.014E-05	2.701E-05
287	3.240E-05	3.573E-05	3.941E-05	2.632E-05
288	3.183E-05	3.509E-05	3.870E-05	2.580E-05
289	3.126E-05	3.447E-05	3.800E-05	2.570E-05
290	3.071E-05	3.385E-05	3.731E-05	2.517E-05
291	3.017E-05	3.325E-05	3.664E-05	2.571E-05
292	2.964E-05	3.265E-05	3.598E-05	2.506E-05
293	2.911E-05	3.207E-05	3.533E-05	2.401E-05
294	2.860E-05	3.150E-05	3.469E-05	2.419E-05
295	2.810E-05	3.094E-05	3.407E-05	2.315E-05
296	2.760E-05	3.039E-05	3.345E-05	2.289E-05
297	2.712E-05	2.985E-05	3.285E-05	2.287E-05
298	2.664E-05	2.931E-05	3.226E-05	2.213E-05
299	2.617E-05	2.879E-05	3.168E-05	2.054E-05
300	2.571E-05	2.828E-05	3.111E-05	1.996E-05
301	2.525E-05	2.777E-05	3.055E-05	1.943E-05
302	2.479E-05	2.727E-05	3.000E-05	1.949E-05
303	2.435E-05	2.678E-05	2.946E-05	1.895E-05
304	2.391E-05	2.630E-05	2.893E-05	1.896E-05
305	2.348E-05	2.583E-05	2.841E-05	1.819E-05
306	2.306E-05	2.537E-05	2.790E-05	1.819E-05
307	2.265E-05	2.491E-05	2.740E-05	1.777E-05
308	2.223E-05	2.445E-05	2.690E-05	1.760E-05
309	2.180E-05	2.398E-05	2.638E-05	1.743E-05
310	2.139E-05	2.352E-05	2.588E-05	1.687E-05
311	2.097E-05	2.307E-05	2.538E-05	1.663E-05
312	2.057E-05	2.263E-05	2.489E-05	1.619E-05
313	2.018E-05	2.219E-05	2.441E-05	1.581E-05
314	1.979E-05	2.177E-05	2.394E-05	1.557E-05
315	1.941E-05	2.135E-05	2.348E-05	1.558E-05
316	1.906E-05	2.097E-05	2.306E-05	1.554E-05
317	1.872E-05	2.059E-05	2.265E-05	1.574E-05
318	1.839E-05	2.023E-05	2.225E-05	1.533E-05
319	1.806E-05	1.987E-05	2.185E-05	1.503E-05
320	1.774E-05	1.951E-05	2.146E-05	1.497E-05
321	1.742E-05	1.916E-05	2.108E-05	1.432E-05
322	1.711E-05	1.882E-05	2.070E-05	1.370E-05
323	1.677E-05	1.844E-05	2.029E-05	1.333E-05
324	1.641E-05	1.805E-05	1.986E-05	1.280E-05
325	1.606E-05	1.767E-05	1.944E-05	1.249E-05
326	1.572E-05	1.729E-05	1.902E-05	1.218E-05
327	1.539E-05	1.693E-05	1.862E-05	1.214E-05
328	1.506E-05	1.657E-05	1.823E-05	1.157E-05
329	1.474E-05	1.622E-05	1.784E-05	1.155E-05
330	1.445E-05	1.589E-05	1.748E-05	1.143E-05
331	1.417E-05	1.559E-05	1.715E-05	1.128E-05
332	1.390E-05	1.529E-05	1.682E-05	1.114E-05
333	1.364E-05	1.500E-05	1.650E-05	1.100E-05
334	1.338E-05	1.472E-05	1.619E-05	1.075E-05
335	1.313E-05	1.444E-05	1.588E-05	1.054E-05
336	1.288E-05	1.417E-05	1.558E-05	1.052E-05
337	1.263E-05	1.389E-05	1.528E-05	1.056E-05
338	1.236E-05	1.359E-05	1.495E-05	1.024E-05
339	1.209E-05	1.330E-05	1.463E-05	1.028E-05
340	1.183E-05	1.301E-05	1.431E-05	1.012E-05
341	1.157E-05	1.273E-05	1.400E-05	9.620E-06
342	1.132E-05	1.245E-05	1.370E-05	9.513E-06
343	1.108E-05	1.218E-05	1.340E-05	9.390E-06
344	1.084E-05	1.192E-05	1.311E-05	9.280E-06
345	1.060E-05	1.166E-05	1.283E-05	9.241E-06
346	1.037E-05	1.141E-05	1.255E-05	8.862E-06
347	1.014E-05	1.116E-05	1.227E-05	8.668E-06
348	9.923E-06	1.092E-05	1.201E-05	8.644E-06
349	9.707E-06	1.068E-05	1.175E-05	8.586E-06
350	9.496E-06	1.045E-05	1.149E-05	8.525E-06
351	9.289E-06	1.022E-05	1.124E-05	8.356E-06
352	9.088E-06	9.996E-06	1.100E-05	7.823E-06
353	8.892E-06	9.781E-06	1.076E-05	7.420E-06
354	8.700E-06	9.570E-06	1.053E-05	7.266E-06
355	8.512E-06	9.363E-06	1.030E-05	7.058E-06
356	8.329E-06	9.161E-06	1.008E-05	6.880E-06
357	8.149E-06	8.964E-06	9.860E-06	6.742E-06
358	7.973E-06	8.771E-06	9.648E-06	6.715E-06
359	7.806E-06	8.586E-06	9.445E-06	6.488E-06
360	7.657E-06	8.423E-06	9.265E-06	6.565E-06
361	7.512E-06	8.263E-06	9.090E-06	6.605E-06
362	7.370E-06	8.107E-06	8.918E-06	6.460E-06
363	7.230E-06	7.954E-06	8.749E-06	6.328E-06
364	7.094E-06	7.803E-06	8.583E-06	6.240E-06
365	6.960E-06	7.656E-06	8.421E-06	6.199E-06
366	6.828E-06	7.511E-06	8.262E-06	6.074E-06
367	6.610E-06	7.272E-06	7.999E-06	5.808E-06
368	6.390E-06	7.029E-06	7.732E-06	5.682E-06
369	6.177E-06	6.795E-06	7.474E-06	5.485E-06
370	5.971E-06	6.568E-06	7.225E-06	5.397E-06
371	5.772E-06	6.350E-06	6.984E-06	5.337E-06
372	5.580E-06	6.138E-06	6.752E-06	5.102E-06
373	5.394E-06	5.934E-06	6.527E-06	4.894E-06
374	5.215E-06	5.736E-06	6.310E-06	4.529E-06
375	5.041E-06	5.546E-06	6.100E-06	4.439E-06
376	4.874E-06	5.361E-06	5.897E-06	4.394E-06
377	4.712E-06	5.183E-06	5.701E-06	4.221E-06
378	4.555E-06	5.011E-06	5.512E-06	4.033E-06
379	4.404E-06	4.845E-06	5.329E-06	3.894E-06
380	4.258E-06	4.684E-06	5.152E-06	3.751E-06
381	4.117E-06	4.529E-06	4.981E-06	3.549E-06
382	3.980E-06	4.378E-06	4.816E-06	3.426E-06
383	3.848E-06	4.233E-06	4.657E-06	3.349E-06
384	3.721E-06	4.093E-06	4.502E-06	3.247E-06
385	3.598E-06	3.957E-06	4.353E-06	3.188E-06
386	3.479E-06	3.826E-06	4.209E-06	3.080E-06
387	3.363E-06	3.700E-06	4.070E-06	2.993E-06
388	3.252E-06	3.577E-06	3.935E-06	2.949E-06
389	3.145E-06	3.459E-06	3.805E-06	2.886E-06
390	3.041E-06	3.345E-06	3.679E-06	2.769E-06
391	2.940E-06	3.234E-06	3.558E-06	2.739E-06
392	2.843E-06	3.127E-06	3.440E-06	2.605E-06
393	2.749E-06	3.024E-06	3.327E-06	2.497E-06
394	2.659E-06	2.924E-06	3.217E-06	2.369E-06
395	2.571E-06	2.828E-06	3.111E-06	2.306E-06
396	2.486E-06	2.735E-06	3.008E-06	2.219E-06
397	2.404E-06	2.644E-06	2.909E-06	2.174E-06
398	2.325E-06	2.557E-06	2.813E-06	2.124E-06
399	2.248E-06	2.473E-06	2.720E-06	2.070E-06
400	2.174E-06	2.392E-06	2.631E-06	2.002E-06
401	2.140E-06	2.354E-06	2.589E-06	1.986E-06
402	2.106E-06	2.317E-06	2.549E-06	1.909E-06
403	2.073E-06	2.280E-06	2.508E-06	1.869E-06
404	2.040E-06	2.244E-06	2.469E-06	1.851E-06
405	2.008E-06	2.209E-06	2.430E-06	1.825E-06
406	1.977E-06	2.174E-06	2.392E-06	1.796E-06
407	1.946E-06	2.140E-06	2.354E-06	1.742E-06
408	1.915E-06	2.106E-06	2.317E-06	1.743E-06
409	1.885E-06	2.073E-06	2.281E-06	1.715E-06
410	1.855E-06	2.041E-06	2.245E-06	1.718E-06
411	1.821E-06	2.004E-06	2.204E-06	1.741E-06
412	1.788E-06	1.967E-06	2.164E-06	1.725E-06
413	1.756E-06	1.931E-06	2.124E-06	1.701E-06
414	1.724E-06	1.896E-06	2.086E-06	1.697E-06
415	1.692E-06	1.862E-06	2.048E-06	1.693E-06
416	1.662E-06	1.828E-06	2.011E-06	1.683E-06
417	1.631E-06	1.795E-06	1.974E-06	1.650E-06
418	1.602E-06	1.762E-06	1.938E-06	1.633E-06
419	1.573E-06	1.730E-06	1.903E-06	1.584E-06
420	1.544E-06	1.699E-06	1.868E-06	1.572E-06
421	1.516E-06	1.668E-06	1.835E-06	1.518E-06
422	1.489E-06	1.638E-06	1.801E-06	1.477E-06
423	1.462E-06	1.608E-06	1.769E-06	1.439E-06
424	1.435E-06	1.579E-06	1.737E-06	1.415E-06
425	1.409E-06	1.550E-06	1.705E-06	1.404E-06
426	1.384E-06	1.522E-06	1.674E-06	1.394E-06
427	1.359E-06	1.494E-06	1.644E-06	1.368E-06
428	1.334E-06	1.467E-06	1.614E-06	1.318E-06
429	1.310E-06	1.441E-06	1.585E-06	1.312E-06
430	1.286E-06	1.415E-06	1.556E-06	1.303E-06
431	1.263E-06	1.389E-06	1.528E-06	1.266E-06
432	1.240E-06	1.364E-06	1.500E-06	1.257E-06
433	1.218E-06	1.339E-06	1.473E-06	1.218E-06
434	1.196E-06	1.315E-06	1.447E-06	1.199E-06
435	1.174E-06	1.291E-06	1.420E-06	1.156E-06
436	1.153E-06	1.268E-06	1.395E-06	1.151E-06
437	1.132E-06	1.245E-06	1.370E-06	1.125E-06
438	1.111E-06	1.223E-06	1.345E-06	1.105E-06
439	1.091E-06	1.200E-06	1.321E-06	1.102E-06
440	1.072E-06	1.179E-06	1.297E-06	1.092E-06
441	1.053E-06	1.158E-06	1.274E-06	1.072E-06
442	1.034E-06	1.138E-06	1.252E-06	1.045E-06
443	1.016E-06	1.118E-06	1.230E-06	1.044E-06
444	9.985E-07	1.098E-06	1.208E-06	1.026E-06
445	9.810E-07	1.079E-06	1.187E-06	1.011E-06
446	9.638E-07	1.060E-06	1.166E-06	9.925E-07
447	9.469E-07	1.042E-06	1.146E-06	9.923E-07
448	9.303E-07	1.023E-06	1.126E-06	9.985E-07
449	9.141E-07	1.005E-06	1.106E-06	9.903E-07
450	8.981E-07	9.879E-07	1.087E-06	9.605E-07
451	8.824E-07	9.706E-07	1.068E-06	9.421E-07
452	8.670E-07	9.536E-07	1.049E-06	9.341E-07
453	8.518E-07	9.370E-07	1.031E-06	9.209E-07
454	8.369E-07	9.206E-07	1.013E-06	8.992E-07
455	8.223E-07	9.046E-07	9.950E-07	8.909E-07
456	8.080E-07	8.888E-07	9.776E-07	9.007E-07
457	7.939E-07	8.733E-07	9.606E-07	8.757E-07
458	7.800E-07	8.580E-07	9.438E-07	8.534E-07
459	7.664E-07	8.430E-07	9.273E-07	8.568E-07
460	7.530E-07	8.283E-07	9.112E-07	8.430E-07
461	7.178E-07	7.895E-07	8.685E-07	7.793E-07
462	6.842E-07	7.526E-07	8.279E-07	7.359E-07
463	6.523E-07	7.175E-07	7.892E-07	7.083E-07
464	6.219E-07	6.841E-07	7.525E-07	6.753E-07
465	5.929E-07	6.522E-07	7.175E-07	6.299E-07
466	5.654E-07	6.220E-07	6.842E-07	6.029E-07
467	5.392E-07	5.932E-07	6.525E-07	5.694E-07
468	5.143E-07	5.657E-07	6.223E-07	5.444E-07
469	4.905E-07	5.396E-07	5.936E-07	5.260E-07
470	4.679E-07	5.147E-07	5.662E-07	5.046E-07
471	4.645E-07	5.109E-07	5.620E-07	5.198E-07
472	4.610E-07	5.071E-07	5.579E-07	5.116E-07
473	4.576E-07	5.034E-07	5.537E-07	5.072E-07
474	4.543E-07	4.997E-07	5.497E-07	5.069E-07
475	4.509E-07	4.960E-07	5.456E-07	4.972E-07
476	4.476E-07	4.924E-07	5.416E-07	4.887E-07
477	4.443E-07	4.887E-07	5.376E-07	4.925E-07
478	4.411E-07	4.852E-07	5.337E-07	4.805E-07
479	4.378E-07	4.816E-07	5.298E-07	4.780E-07
480	4.346E-07	4.781E-07	5.259E-07	4.767E-07
481	4.293E-07	4.722E-07	5.195E-07	4.709E-07
482	4.241E-07	4.665E-07	5.131E-07	4.614E-07
483	4.189E-07	4.608E-07	5.069E-07	4.545E-07
484	4.138E-07	4.552E-07	5.007E-07	4.537E-07
485	4.088E-07	4.496E-07	4.946E-07	4.573E-07
486	4.038E-07	4.442E-07	4.886E-07	4.478E-07
487	3.989E-07	4.388E-07	4.827E-07	4.440E-07
488	3.940E-07	4.334E-07	4.768E-07	4.389E-07
489	3.893E-07	4.282E-07	4.710E-07	4.346E-07
490	3.846E-07	4.230E-07	4.653E-07	4.314E-07
491	3.692E-07	4.061E-07	4.468E-07	4.124E-07
492	3.546E-07	3.900E-07	4.290E-07	3.882E-07
493	3.405E-07	3.746E-07	4.121E-07	3.740E-07
494	3.271E-07	3.598E-07	3.958E-07	3.580E-07
495	3.143E-07	3.457E-07	3.803E-07	3.401E-07
496	3.020E-07	3.322E-07	3.655E-07	3.286E-07
497	2.903E-07	3.193E-07	3.512E-07	3.102E-07
498	2.790E-07	3.069E-07	3.376E-07	2.967E-07
499	2.683E-07	2.951E-07	3.246E-07	2.855E-07
500	2.580E-07	2.838E-07	3.121E-07	2.734E-07
501	2.543E-07	2.799E-07	3.080E-07	2.697E-07
502	2.506E-07	2.760E-07	3.040E-07	2.651E-07
503	2.470E-07	2.722E-07	3.000E-07	2.631E-07
504	2.435E-07	2.685E-07	2.961E-07	2.609E-07
505	2.400E-07	2.648E-07	2.923E-07	2.605E-07
506	2.366E-07	2.612E-07	2.885E-07	2.585E-07
507	2.332E-07	2.577E-07	2.847E-07	2.573E-07
508	2.299E-07	2.542E-07	2.810E-07	2.526E-07
509	2.266E-07	2.507E-07	2.774E-07	2.452E-07
510	2.234E-07	2.473E-07	2.738E-07	2.468E-07
511	2.208E-07	2.445E-07	2.709E-07	2.449E-07
512	2.182E-07	2.418E-07	2.680E-07	2.387E-07
513	2.156E-07	2.391E-07	2.652E-07	2.329E-07
514	2.131E-07	2.365E-07	2.625E-07	2.406E-07
515	2.106E-07	2.339E-07	2.597E-07	2.358E-07
516	2.081E-07	2.313E-07	2.570E-07	2.319E-07
517	2.057E-07	2.287E-07	2.543E-07	2.310E-07
518	2.033E-07	2.262E-07	2.517E-07	2.297E-07
519	2.009E-07	2.237E-07	2.490E-07	2.307E-07
520	1.986E-07	2.212E-07	2.465E-07	2.247E-07
521	1.959E-07	2.184E-07	2.434E-07	2.214E-07
522	1.933E-07	2.156E-07	2.405E-07	2.152E-07
523	1.907E-07	2.128E-07	2.376E-07	2.164E-07
524	1.882E-07	2.101E-07	2.347E-07	2.127E-07
525	1.856E-07	2.075E-07	2.318E-07	2.151E-07
526	1.832E-07	2.048E-07	2.290E-07	2.094E-07
527	1.807E-07	2.022E-07	2.262E-07	2.086E-07
528	1.783E-07	1.996E-07	2.235E-07	2.009E-07
529	1.759E-07	1.971E-07	2.208E-07	2.019E-07
530	1.736E-07	1.946E-07	2.182E-07	1.914E-07
531	1.710E-07	1.919E-07	2.152E-07	1.860E-07
532	1.685E-07	1.891E-07	2.123E-07	1.817E-07
533	1.660E-07	1.865E-07	2.094E-07	1.734E-07
534	1.636E-07	1.838E-07	2.066E-07	1.679E-07
535	1.612E-07	1.812E-07	2.038E-07	1.640E-07
536	1.588E-07	1.787E-07	2.011E-07	1.630E-07
537	1.565E-07	1.762E-07	1.984E-07	1.620E-07
538	1.542E-07	1.737E-07	1.957E-07	1.596E-07
539	1.519E-07	1.713E-07	1.931E-07	1.557E-07
540	1.497E-07	1.689E-07	1.905E-07	1.464E-07
541	1.485E-07	1.676E-07	1.891E-07	1.470E-07
542	1.472E-07	1.663E-07	1.878E-07	1.441E-07
543	1.460E-07	1.650E-07	1.865E-07	1.432E-07
544	1.448E-07	1.637E-07	1.851E-07	1.452E-07
545	1.436E-07	1.625E-07	1.838E-07	1.449E-07
546	1.424E-07	1.612E-07	1.825E-07	1.468E-07
547	1.412E-07	1.600E-07	1.812E-07	1.454E-07
548	1.400E-07	1.587E-07	1.799E-07	1.414E-07
549	1.389E-07	1.575E-07	1.787E-07	1.431E-07
550	1.377E-07	1.563E-07	1.774E-07	1.420E-07
551	1.367E-07	1.551E-07	1.760E-07	1.422E-07
552	1.356E-07	1.539E-07	1.747E-07	1.408E-07
553	1.346E-07	1.527E-07	1.733E-07	1.374E-07
554	1.335E-07	1.516E-07	1.720E-07	1.355E-07
555	1.325E-07	1.504E-07	1.707E-07	1.323E-07
556	1.315E-07	1.492E-07	1.694E-07	1.329E-07
557	1.305E-07	1.481E-07	1.681E-07	1.354E-07
558	1.295E-07	1.470E-07	1.668E-07	1.364E-07
559	1.285E-07	1.459E-07	1.655E-07	1.388E-07
560	1.275E-07	1.447E-07	1.643E-07	1.400E-07
561	1.257E-07	1.427E-07	1.619E-07	1.388E-07
562	1.239E-07	1.407E-07	1.596E-07	1.365E-07
563	1.222E-07	1.387E-07	1.574E-07	1.329E-07
564	1.204E-07	1.367E-07	1.552E-07	1.311E-07
565	1.187E-07	1.348E-07	1.530E-07	1.309E-07
566	1.171E-07	1.329E-07	1.508E-07	1.286E-07
567	1.154E-07	1.310E-07	1.487E-07	1.258E-07
568	1.138E-07	1.292E-07	1.466E-07	1.230E-07
569	1.122E-07	1.274E-07	1.445E-07	1.186E-07
570	1.106E-07	1.256E-07	1.425E-07	1.161E-07
571	1.091E-07	1.238E-07	1.405E-07	1.107E-07
572	1.076E-07	1.221E-07	1.386E-07	1.128E-07
573	1.061E-07	1.204E-07	1.366E-07	1.098E-07
574	1.046E-07	1.187E-07	1.347E-07	1.100E-07
575	1.032E-07	1.171E-07	1.329E-07	1.057E-07
576	1.017E-07	1.155E-07	1.310E-07	1.039E-07
577	1.003E-07	1.139E-07	1.292E-07	1.014E-07
578	9.893E-08	1.123E-07	1.274E-07	1.009E-07
579	9.757E-08	1.107E-07	1.257E-07	9.948E-08
580	9.623E-08	1.092E-07	1.240E-07	9.984E-08
581	9.504E-08	1.079E-07	1.224E-07	9.715E-08
582	9.388E-08	1.066E-07	1.209E-07	9.377E-08
583	9.272E-08	1.052E-07	1.195E-07	9.563E-08
584	9.159E-08	1.040E-07	1.180E-07	9.383E-08
585	9.047E-08	1.027E-07	1.165E-07	9.020E-08
586	8.936E-08	1.014E-07	1.151E-07	8.745E-08
587	8.827E-08	1.002E-07	1.137E-07	8.573E-08
588	8.720E-08	9.897E-08	1.123E-07	8.448E-08
589	8.614E-08	9.776E-08	1.110E-07	8.240E-08
590	8.509E-08	9.658E-08	1.096E-07	8.101E-08
591	8.417E-08	9.553E-08	1.084E-07	8.170E-08
592	8.325E-08	9.449E-08	1.073E-07	7.741E-08
593	8.235E-08	9.347E-08	1.061E-07	7.679E-08
594	8.146E-08	9.246E-08	1.049E-07	7.556E-08
595	8.059E-08	9.146E-08	1.038E-07	7.483E-08
596	7.972E-08	9.048E-08	1.027E-07	7.447E-08
597	7.886E-08	8.951E-08	1.016E-07	7.104E-08
598	7.801E-08	8.854E-08	1.005E-07	6.947E-08
599	7.717E-08	8.759E-08	9.942E-08	6.877E-08
600	7.635E-08	8.665E-08	9.835E-08	6.621E-08
601	7.588E-08	8.612E-08	9.775E-08	6.721E-08
602	7.541E-08	8.559E-08	9.715E-08	6.636E-08
603	7.495E-08	8.507E-08	9.655E-08	6.605E-08
604	7.449E-08	8.455E-08	9.596E-08	6.885E-08
605	7.404E-08	8.403E-08	9.538E-08	6.694E-08
606	7.358E-08	8.352E-08	9.479E-08	6.524E-08
607	7.313E-08	8.301E-08	9.421E-08	6.617E-08
608	7.269E-08	8.250E-08	9.364E-08	6.514E-08
609	7.224E-08	8.200E-08	9.307E-08	6.488E-08
610	7.180E-08	8.150E-08	9.250E-08	6.741E-08
611	7.136E-08	8.099E-08	9.193E-08	6.700E-08
612	7.092E-08	8.049E-08	9.136E-08	6.607E-08
613	7.048E-08	8.000E-08	9.079E-08	6.831E-08
614	7.005E-08	7.950E-08	9.023E-08	6.586E-08
615	6.961E-08	7.901E-08	8.968E-08	6.664E-08
616	6.918E-08	7.852E-08	8.912E-08	6.629E-08
617	6.876E-08	7.804E-08	8.858E-08	6.664E-08
618	6.833E-08	7.756E-08	8.803E-08	6.457E-08
619	6.791E-08	7.708E-08	8.749E-08	6.612E-08
620	6.750E-08	7.661E-08	8.695E-08	6.590E-08
621	6.669E-08	7.569E-08	8.591E-08	6.421E-08
622	6.589E-08	7.479E-08	8.488E-08	6.401E-08
623	6.511E-08	7.390E-08	8.387E-08	6.320E-08
624	6.433E-08	7.301E-08	8.287E-08	6.303E-08
625	6.356E-08	7.215E-08	8.189E-08	6.278E-08
626	6.281E-08	7.129E-08	8.091E-08	6.058E-08
627	6.206E-08	7.044E-08	7.995E-08	5.907E-08
628	6.133E-08	6.961E-08	7.900E-08	5.878E-08
629	6.060E-08	6.878E-08	7.807E-08	5.898E-08
630	5.988E-08	6.797E-08	7.714E-08	5.829E-08
631	5.893E-08	6.688E-08	7.591E-08	5.754E-08
632	5.798E-08	6.581E-08	7.470E-08	5.579E-08
633	5.706E-08	6.476E-08	7.350E-08	5.605E-08
634	5.615E-08	6.373E-08	7.233E-08	5.483E-08
635	5.526E-08	6.272E-08	7.118E-08	5.423E-08
636	5.438E-08	6.172E-08	7.005E-08	5.339E-08
637	5.352E-08	6.074E-08	6.894E-08	5.275E-08
638	5.267E-08	5.978E-08	6.785E-08	5.288E-08
639	5.184E-08	5.884E-08	6.678E-08	5.166E-08
640	5.102E-08	5.791E-08	6.573E-08	5.093E-08
641	5.037E-08	5.717E-08	6.488E-08	5.107E-08
642	4.972E-08	5.644E-08	6.406E-08	5.084E-08
643	4.909E-08	5.572E-08	6.324E-08	4.962E-08
644	4.846E-08	5.501E-08	6.243E-08	4.967E-08
645	4.785E-08	5.431E-08	6.164E-08	5.031E-08
646	4.724E-08	5.362E-08	6.086E-08	4.929E-08
647	4.664E-08	5.294E-08	6.009E-08	4.797E-08
648	4.605E-08	5.227E-08	5.932E-08	4.816E-08
649	4.547E-08	5.161E-08	5.858E-08	4.688E-08
650	4.490E-08	5.096E-08	5.784E-08	4.645E-08
651	4.453E-08	5.054E-08	5.736E-08	4.576E-08
652	4.417E-08	5.013E-08	5.690E-08	4.619E-08
653	4.381E-08	4.972E-08	5.643E-08	4.619E-08
654	4.345E-08	4.932E-08	5.597E-08	4.468E-08
655	4.310E-08	4.892E-08	5.552E-08	4.379E-08
656	4.275E-08	4.852E-08	5.507E-08	4.421E-08
657	4.240E-08	4.812E-08	5.462E-08	4.444E-08
658	4.206E-08	4.773E-08	5.418E-08	4.348E-08
659	4.172E-08	4.735E-08	5.374E-08	4.348E-08
660	4.138E-08	4.696E-08	5.331E-08	4.237E-08
661	4.118E-08	4.674E-08	5.305E-08	4.216E-08
662	4.098E-08	4.652E-08	5.280E-08	4.154E-08
663	4.079E-08	4.629E-08	5.254E-08	4.181E-08
664	4.059E-08	4.607E-08	5.229E-08	4.163E-08
665	4.040E-08	4.585E-08	5.204E-08	4.136E-08
666	4.020E-08	4.563E-08	5.179E-08	4.148E-08
667	4.001E-08	4.541E-08	5.154E-08	4.135E-08
668	3.982E-08	4.520E-08	5.130E-08	4.105E-08
669	3.963E-08	4.498E-08	5.105E-08	4.111E-08
670	3.944E-08	4.477E-08	5.081E-08	4.142E-08
671	3.926E-08	4.456E-08	5.057E-08	4.086E-08
672	3.907E-08	4.435E-08	5.034E-08	4.073E-08
673	3.889E-08	4.414E-08	5.010E-08	4.038E-08
674	3.871E-08	4.393E-08	4.986E-08	4.025E-08
675	3.853E-08	4.373E-08	4.963E-08	3.994E-08
676	3.835E-08	4.352E-08	4.940E-08	3.885E-08
677	3.817E-08	4.332E-08	4.917E-08	3.893E-08
678	3.799E-08	4.312E-08	4.894E-08	3.825E-08
679	3.781E-08	4.292E-08	4.871E-08	3.755E-08
680	3.764E-08	4.272E-08	4.848E-08	3.680E-08
681	3.716E-08	4.217E-08	4.787E-08	3.614E-08
682	3.669E-08	4.164E-08	4.726E-08	3.528E-08
683	3.622E-08	4.111E-08	4.666E-08	3.589E-08
684	3.576E-08	4.059E-08	4.607E-08	3.555E-08
685	3.531E-08	4.008E-08	4.549E-08	3.435E-08
686	3.487E-08	3.957E-08	4.491E-08	3.389E-08
687	3.443E-08	3.907E-08	4.435E-08	3.403E-08
688	3.399E-08	3.858E-08	4.379E-08	3.318E-08
689	3.357E-08	3.810E-08	4.324E-08	3.228E-08
690	3.315E-08	3.762E-08	4.270E-08	3.209E-08
691	3.296E-08	3.741E-08	4.246E-08	3.242E-08
692	3.278E-08	3.720E-08	4.222E-08	3.248E-08
693	3.259E-08	3.699E-08	4.199E-08	3.092E-08
694	3.241E-08	3.679E-08	4.175E-08	3.188E-08
695	3.223E-08	3.658E-08	4.152E-08	3.113E-08
696	3.205E-08	3.638E-08	4.129E-08	3.060E-08
697	3.187E-08	3.617E-08	4.106E-08	3.174E-08
698	3.169E-08	3.597E-08	4.083E-08	3.161E-08
699	3.152E-08	3.577E-08	4.060E-08	3.191E-08
700	3.134E-08	3.557E-08	4.038E-08	3.208E-08
701	3.112E-08	3.532E-08	4.009E-08	3.199E-08
702	3.089E-08	3.506E-08	3.980E-08	3.124E-08
703	3.067E-08	3.481E-08	3.951E-08	3.029E-08
704	3.045E-08	3.456E-08	3.923E-08	2.973E-08
705	3.024E-08	3.432E-08	3.895E-08	2.982E-08
706	3.002E-08	3.407E-08	3.867E-08	2.985E-08
707	2.980E-08	3.383E-08	3.839E-08	3.048E-08
708	2.959E-08	3.359E-08	3.812E-08	3.003E-08
709	2.938E-08	3.335E-08	3.785E-08	2.896E-08
710	2.917E-08	3.311E-08	3.758E-08	2.835E-08
711	2.896E-08	3.287E-08	3.730E-08	2.746E-08
712	2.875E-08	3.263E-08	3.703E-08	2.662E-08
713	2.854E-08	3.239E-08	3.676E-08	2.618E-08
714	2.833E-08	3.216E-08	3.650E-08	2.654E-08
715	2.812E-08	3.192E-08	3.623E-08	2.643E-08
716	2.792E-08	3.169E-08	3.597E-08	2.645E-08
717	2.772E-08	3.146E-08	3.571E-08	2.615E-08
718	2.752E-08	3.123E-08	3.545E-08	2.635E-08
719	2.732E-08	3.100E-08	3.519E-08	2.560E-08
720	2.712E-08	3.078E-08	3.494E-08	2.555E-08
721	2.701E-08	3.066E-08	3.480E-08	2.557E-08
722	2.690E-08	3.054E-08	3.466E-08	2.481E-08
723	2.680E-08	3.041E-08	3.452E-08	2.452E-08
724	2.669E-08	3.029E-08	3.438E-08	2.511E-08
725	2.658E-08	3.017E-08	3.425E-08	2.444E-08
726	2.648E-08	3.005E-08	3.411E-08	2.421E-08
727	2.637E-08	2.993E-08	3.397E-08	2.446E-08
728	2.627E-08	2.981E-08	3.384E-08	2.549E-08
729	2.616E-08	2.970E-08	3.371E-08	2.551E-08
730	2.606E-08	2.958E-08	3.357E-08	2.556E-08
731	2.597E-08	2.948E-08	3.346E-08	2.564E-08
732	2.588E-08	2.938E-08	3.334E-08	2.505E-08
733	2.580E-08	2.928E-08	3.323E-08	2.541E-08
734	2.571E-08	2.918E-08	3.312E-08	2.584E-08
735	2.562E-08	2.908E-08	3.301E-08	2.506E-08
736	2.554E-08	2.898E-08	3.290E-08	2.560E-08
737	2.545E-08	2.889E-08	3.278E-08	2.555E-08
738	2.536E-08	2.879E-08	3.267E-08	2.556E-08
739	2.528E-08	2.869E-08	3.256E-08	2.629E-08
740	2.519E-08	2.859E-08	3.245E-08	2.624E-08
741	2.508E-08	2.846E-08	3.230E-08	2.549E-08
742	2.496E-08	2.833E-08	3.215E-08	2.522E-08
743	2.484E-08	2.820E-08	3.200E-08	2.446E-08
744	2.473E-08	2.807E-08	3.185E-08	2.439E-08
745	2.461E-08	2.794E-08	3.171E-08	2.413E-08
746	2.450E-08	2.781E-08	3.156E-08	2.482E-08
747	2.438E-08	2.768E-08	3.141E-08	2.504E-08
748	2.427E-08	2.755E-08	3.127E-08	2.507E-08
749	2.416E-08	2.742E-08	3.112E-08	2.518E-08
750	2.405E-08	2.729E-08	3.098E-08	2.469E-08
751	2.391E-08	2.714E-08	3.080E-08	2.481E-08
752	2.377E-08	2.698E-08	3.063E-08	2.460E-08
753	2.364E-08	2.683E-08	3.045E-08	2.516E-08
754	2.350E-08	2.668E-08	3.028E-08	2.487E-08
755	2.337E-08	2.652E-08	3.010E-08	2.502E-08
756	2.323E-08	2.637E-08	2.993E-08	2.485E-08
757	2.310E-08	2.622E-08	2.976E-08	2.398E-08
758	2.297E-08	2.607E-08	2.959E-08	2.406E-08
759	2.284E-08	2.592E-08	2.942E-08	2.386E-08
760	2.271E-08	2.578E-08	2.926E-08	2.370E-08
761	2.265E-08	2.571E-08	2.918E-08	2.385E-08
762	2.259E-08	2.564E-08	2.910E-08	2.350E-08
763	2.253E-08	2.557E-08	2.902E-08	2.407E-08
764	2.247E-08	2.550E-08	2.894E-08	2.416E-08
765	2.241E-08	2.543E-08	2.887E-08	2.380E-08
766	2.235E-08	2.536E-08	2.879E-08	2.380E-08
767	2.229E-08	2.530E-08	2.871E-08	2.324E-08
768	2.223E-08	2.523E-08	2.863E-08	2.375E-08
769	2.217E-08	2.516E-08	2.856E-08	2.333E-08
770	2.211E-08	2.509E-08	2.848E-08	2.290E-08
771	2.198E-08	2.495E-08	2.832E-08	2.287E-08
772	2.186E-08	2.481E-08	2.816E-08	2.226E-08
773	2.173E-08	2.467E-08	2.800E-08	2.194E-08
774	2.161E-08	2.452E-08	2.784E-08	2.123E-08
775	2.148E-08	2.438E-08	2.768E-08	2.112E-08
776	2.136E-08	2.425E-08	2.752E-08	2.087E-08
777	2.124E-08	2.411E-08	2.736E-08	2.046E-08
778	2.112E-08	2.397E-08	2.721E-08	2.007E-08
779	2.100E-08	2.383E-08	2.705E-08	2.005E-08
780	2.088E-08	2.370E-08	2.690E-08	1.999E-08
781	2.072E-08	2.352E-08	2.669E-08	1.997E-08
782	2.056E-08	2.334E-08	2.649E-08	1.936E-08
783	2.041E-08	2.316E-08	2.629E-08	1.917E-08
784	2.025E-08	2.298E-08	2.609E-08	1.909E-08
785	2.010E-08	2.281E-08	2.589E-08	1.882E-08
786	1.994E-08	2.264E-08	2.569E-08	1.807E-08
787	1.979E-08	2.246E-08	2.550E-08	1.815E-08
788	1.964E-08	2.229E-08	2.530E-08	1.841E-08
789	1.949E-08	2.212E-08	2.511E-08	1.844E-08
790	1.934E-08	2.195E-08	2.492E-08	1.796E-08
791	1.920E-08	2.179E-08	2.473E-08	1.763E-08
792	1.905E-08	2.162E-08	2.454E-08	1.758E-08
793	1.890E-08	2.146E-08	2.435E-08	1.720E-08
794	1.876E-08	2.129E-08	2.417E-08	1.671E-08
795	1.862E-08	2.113E-08	2.398E-08	1.679E-08
796	1.848E-08	2.097E-08	2.380E-08	1.637E-08
797	1.834E-08	2.081E-08	2.362E-08	1.645E-08
798	1.820E-08	2.065E-08	2.344E-08	1.618E-08
799	1.806E-08	2.050E-08	2.326E-08	1.588E-08
800	1.792E-08	2.034E-08	2.309E-08	1.562E-08
801	1.779E-08	2.019E-08	2.291E-08	1.554E-08
802	1.765E-08	2.003E-08	2.274E-08	1.569E-08
803	1.752E-08	1.988E-08	2.257E-08	1.554E-08
804	1.738E-08	1.973E-08	2.240E-08	1.517E-08
805	1.725E-08	1.958E-08	2.223E-08	1.449E-08
806	1.712E-08	1.943E-08	2.206E-08	1.436E-08
807	1.699E-08	1.929E-08	2.189E-08	1.440E-08
808	1.686E-08	1.914E-08	2.172E-08	1.424E-08
809	1.674E-08	1.899E-08	2.156E-08	1.388E-08
810	1.661E-08	1.885E-08	2.140E-08	1.417E-08
811	1.654E-08	1.877E-08	2.130E-08	1.398E-08
812	1.646E-08	1.869E-08	2.121E-08	1.366E-08
813	1.639E-08	1.860E-08	2.111E-08	1.334E-08
814	1.632E-08	1.852E-08	2.102E-08	1.326E-08
815	1.625E-08	1.844E-08	2.093E-08	1.328E-08
816	1.618E-08	1.836E-08	2.084E-08	1.324E-08
817	1.610E-08	1.828E-08	2.075E-08	1.311E-08
818	1.603E-08	1.820E-08	2.065E-08	1.269E-08
819	1.596E-08	1.812E-08	2.056E-08	1.241E-08
820	1.589E-08	1.804E-08	2.047E-08	1.213E-08
821	1.583E-08	1.797E-08	2.039E-08	1.231E-08
822	1.576E-08	1.789E-08	2.031E-08	1.206E-08
823	1.570E-08	1.782E-08	2.023E-08	1.224E-08
824	1.564E-08	1.775E-08	2.014E-08	1.197E-08
825	1.557E-08	1.768E-08	2.006E-08	1.199E-08
826	1.551E-08	1.760E-08	1.998E-08	1.209E-08
827	1.545E-08	1.753E-08	1.990E-08	1.222E-08
828	1.539E-08	1.746E-08	1.982E-08	1.195E-08
829	1.532E-08	1.739E-08	1.974E-08	1.221E-08
830	1.526E-08	1.732E-08	1.966E-08	1.219E-08
831	1.520E-08	1.725E-08	1.958E-08	1.220E-08
832	1.514E-08	1.718E-08	1.950E-08	1.198E-08
833	1.507E-08	1.711E-08	1.942E-08	1.154E-08
834	1.501E-08	1.704E-08	1.934E-08	1.164E-08
835	1.495E-08	1.697E-08	1.926E-08	1.163E-08
836	1.489E-08	1.690E-08	1.918E-08	1.158E-08
837	1.483E-08	1.683E-08	1.910E-08	1.165E-08
838	1.477E-08	1.676E-08	1.902E-08	1.151E-08
839	1.470E-08	1.669E-08	1.894E-08	1.190E-08
840	1.464E-08	1.662E-08	1.886E-08	1.166E-08
841	1.458E-08	1.655E-08	1.879E-08	1.144E-08
842	1.452E-08	1.648E-08	1.871E-08	1.173E-08
843	1.446E-08	1.642E-08	1.863E-08	1.164E-08
844	1.440E-08	1.635E-08	1.856E-08	1.153E-08
845	1.434E-08	1.628E-08	1.848E-08	1.157E-08
846	1.429E-08	1.621E-08	1.840E-08	1.128E-08
847	1.423E-08	1.615E-08	1.833E-08	1.120E-08
848	1.417E-08	1.608E-08	1.825E-08	1.131E-08
849	1.411E-08	1.601E-08	1.818E-08	1.082E-08
850	1.405E-08	1.595E-08	1.810E-08	1.062E-08
851	1.399E-08	1.588E-08	1.803E-08	1.044E-08
852	1.394E-08	1.582E-08	1.795E-08	1.069E-08
853	1.388E-08	1.575E-08	1.788E-08	1.060E-08
854	1.382E-08	1.569E-08	1.781E-08	1.064E-08
855	1.376E-08	1.562E-08	1.773E-08	1.043E-08
856	1.371E-08	1.556E-08	1.766E-08	1.061E-08
857	1.365E-08	1.549E-08	1.759E-08	1.042E-08
858	1.359E-08	1.543E-08	1.751E-08	1.053E-08
859	1.354E-08	1.537E-08	1.744E-08	1.095E-08
860	1.348E-08	1.530E-08	1.737E-08	1.124E-08
861	1.343E-08	1.524E-08	1.730E-08	1.133E-08
862	1.337E-08	1.518E-08	1.723E-08	1.155E-08
863	1.332E-08	1.512E-08	1.716E-08	1.187E-08
864	1.326E-08	1.505E-08	1.709E-08	1.204E-08
865	1.321E-08	1.499E-08	1.702E-08	1.201E-08
866	1.316E-08	1.493E-08	1.695E-08	1.212E-08
867	1.310E-08	1.487E-08	1.688E-08	1.210E-08
868	1.305E-08	1.481E-08	1.681E-08	1.218E-08
869	1.299E-08	1.475E-08	1.674E-08	1.224E-08
870	1.294E-08	1.469E-08	1.667E-08	1.187E-08
871	1.289E-08	1.463E-08	1.660E-08	1.153E-08
872	1.283E-08	1.457E-08	1.653E-08	1.172E-08
873	1.278E-08	1.451E-08	1.647E-08	1.137E-08
874	1.273E-08	1.445E-08	1.640E-08	1.130E-08
875	1.268E-08	1.439E-08	1.633E-08	1.119E-08
876	1.262E-08	1.433E-08	1.626E-08	1.116E-08
877	1.257E-08	1.427E-08	1.620E-08	1.125E-08
878	1.252E-08	1.421E-08	1.613E-08	1.112E-08
879	1.247E-08	1.415E-08	1.606E-08	1.119E-08
880	1.242E-08	1.409E-08	1.600E-08	1.138E-08
881	1.238E-08	1.405E-08	1.594E-08	1.146E-08
882	1.234E-08	1.400E-08	1.589E-08	1.158E-08
883	1.230E-08	1.396E-08	1.584E-08	1.149E-08
884	1.225E-08	1.391E-08	1.579E-08	1.162E-08
885	1.221E-08	1.386E-08	1.573E-08	1.161E-08
886	1.217E-08	1.382E-08	1.568E-08	1.139E-08
887	1.213E-08	1.377E-08	1.563E-08	1.126E-08
888	1.209E-08	1.373E-08	1.558E-08	1.128E-08
889	1.205E-08	1.368E-08	1.553E-08	1.141E-08
890	1.201E-08	1.364E-08	1.548E-08	1.100E-08
891	1.198E-08	1.360E-08	1.543E-08	1.118E-08
892	1.194E-08	1.356E-08	1.539E-08	1.137E-08
893	1.191E-08	1.352E-08	1.534E-08	1.143E-08
894	1.188E-08	1.348E-08	1.530E-08	1.155E-08
895	1.184E-08	1.344E-08	1.526E-08	1.133E-08
896	1.181E-08	1.340E-08	1.521E-08	1.152E-08
897	1.177E-08	1.336E-08	1.517E-08	1.126E-08
898	1.174E-08	1.333E-08	1.513E-08	1.122E-08
899	1.171E-08	1.329E-08	1.508E-08	1.097E-08
900	1.167E-08	1.325E-08	1.504E-08	1.105E-08
901	1.164E-08	1.321E-08	1.499E-08	1.096E-08
902	1.160E-08	1.316E-08	1.494E-08	1.088E-08
903	1.156E-08	1.312E-08	1.489E-08	1.090E-08
904	1.152E-08	1.308E-08	1.484E-08	1.118E-08
905	1.149E-08	1.304E-08	1.480E-08	1.111E-08
906	1.145E-08	1.299E-08	1.475E-08	1.097E-08
907	1.141E-08	1.295E-08	1.470E-08	1.114E-08
908	1.137E-08	1.291E-08	1.465E-08	1.130E-08
909	1.134E-08	1.287E-08	1.461E-08	1.124E-08
910	1.130E-08	1.283E-08	1.456E-08	1.099E-08
911	1.126E-08	1.278E-08	1.450E-08	1.092E-08
912	1.122E-08	1.273E-08	1.445E-08	1.088E-08
913	1.118E-08	1.269E-08	1.440E-08	1.067E-08
914	1.113E-08	1.264E-08	1.434E-08	1.059E-08
915	1.109E-08	1.259E-08	1.429E-08	1.078E-08
916	1.105E-08	1.254E-08	1.424E-08	1.053E-08
917	1.101E-08	1.250E-08	1.419E-08	1.018E-08
918	1.097E-08	1.245E-08	1.413E-08	9.944E-09
919	1.093E-08	1.241E-08	1.408E-08	9.723E-09
920	1.089E-08	1.236E-08	1.403E-08	9.606E-09
921	1.085E-08	1.231E-08	1.398E-08	9.783E-09
922	1.081E-08	1.227E-08	1.392E-08	9.733E-09
923	1.077E-08	1.222E-08	1.387E-08	9.478E-09
924	1.073E-08	1.218E-08	1.382E-08	9.692E-09
925	1.069E-08	1.213E-08	1.377E-08	9.561E-09
926	1.065E-08	1.209E-08	1.372E-08	9.452E-09
927	1.061E-08	1.204E-08	1.367E-08	9.492E-09
928	1.057E-08	1.200E-08	1.361E-08	9.404E-09
929	1.053E-08	1.195E-08	1.356E-08	9.427E-09
930	1.049E-08	1.191E-08	1.351E-08	9.235E-09
931	1.045E-08	1.186E-08	1.346E-08	9.177E-09
932	1.041E-08	1.182E-08	1.341E-08	8.918E-09
933	1.037E-08	1.177E-08	1.336E-08	8.438E-09
934	1.033E-08	1.173E-08	1.331E-08	8.510E-09
935	1.030E-08	1.169E-08	1.326E-08	8.652E-09
936	1.026E-08	1.164E-08	1.321E-08	8.585E-09
937	1.022E-08	1.160E-08	1.316E-08	8.607E-09
938	1.018E-08	1.156E-08	1.312E-08	8.432E-09
939	1.014E-08	1.151E-08	1.307E-08	8.346E-09
940	1.011E-08	1.147E-08	1.302E-08	8.249E-09
941	1.007E-08	1.143E-08	1.297E-08	8.431E-09
942	1.003E-08	1.139E-08	1.292E-08	8.374E-09
943	9.994E-09	1.134E-08	1.287E-08	8.434E-09
944	9.957E-09	1.130E-08	1.283E-08	8.466E-09
945	9.920E-09	1.126E-08	1.278E-08	8.079E-09
946	9.883E-09	1.122E-08	1.273E-08	7.886E-09
947	9.846E-09	1.118E-08	1.268E-08	7.754E-09
948	9.810E-09	1.113E-08	1.264E-08	7.741E-09
949	9.774E-09	1.109E-08	1.259E-08	7.797E-09
950	9.737E-09	1.105E-08	1.254E-08	8.028E-09
951	9.701E-09	1.101E-08	1.250E-08	7.933E-09
952	9.665E-09	1.097E-08	1.245E-08	8.019E-09
953	9.629E-09	1.093E-08	1.240E-08	7.833E-09
954	9.593E-09	1.089E-08	1.236E-08	7.779E-09
955	9.557E-09	1.085E-08	1.231E-08	7.526E-09
956	9.522E-09	1.081E-08	1.227E-08	7.553E-09
957	9.486E-09	1.077E-08	1.222E-08	7.390E-09
958	9.451E-09	1.073E-08	1.217E-08	7.661E-09
959	9.416E-09	1.069E-08	1.213E-08	7.784E-09
960	9.381E-09	1.065E-08	1.208E-08	7.883E-09
961	9.344E-09	1.061E-08	1.204E-08	7.904E-09
962	9.308E-09	1.056E-08	1.199E-08	7.784E-09
963	9.272E-09	1.052E-08	1.194E-08	7.851E-09
964	9.235E-09	1.048E-08	1.190E-08	7.752E-09
965	9.200E-09	1.044E-08	1.185E-08	7.622E-09
966	9.164E-09	1.040E-08	1.181E-08	7.723E-09
967	9.128E-09	1.036E-08	1.176E-08	7.657E-09
968	9.093E-09	1.032E-08	1.171E-08	7.727E-09
969	9.057E-09	1.028E-08	1.167E-08	7.777E-09
970	9.022E-09	1.024E-08	1.162E-08	7.851E-09
971	8.978E-09	1.019E-08	1.157E-08	7.893E-09
972	8.935E-09	1.014E-08	1.151E-08	7.771E-09
973	8.892E-09	1.009E-08	1.145E-08	7.603E-09
974	8.848E-09	1.004E-08	1.140E-08	7.490E-09
975	8.806E-09	9.994E-09	1.134E-08	7.484E-09
976	8.763E-09	9.946E-09	1.129E-08	7.555E-09
977	8.720E-09	9.898E-09	1.123E-08	7.291E-09
978	8.678E-09	9.850E-09	1.118E-08	7.213E-09
979	8.636E-09	9.802E-09	1.113E-08	7.103E-09
980	8.594E-09	9.755E-09	1.107E-08	7.147E-09
981	8.553E-09	9.707E-09	1.102E-08	7.039E-09
982	8.511E-09	9.660E-09	1.096E-08	7.248E-09
983	8.470E-09	9.614E-09	1.091E-08	7.189E-09
984	8.429E-09	9.567E-09	1.086E-08	7.220E-09
985	8.388E-09	9.521E-09	1.081E-08	7.529E-09
986	8.348E-09	9.474E-09	1.075E-08	7.314E-09
987	8.307E-09	9.429E-09	1.070E-08	7.216E-09
988	8.267E-09	9.383E-09	1.065E-08	7.176E-09
989	8.227E-09	9.337E-09	1.060E-08	7.086E-09
990	8.187E-09	9.292E-09	1.055E-08	7.024E-09
991	8.148E-09	9.249E-09	1.050E-08	7.021E-09
992	8.110E-09	9.205E-09	1.045E-08	6.987E-09
993	8.072E-09	9.162E-09	1.040E-08	6.897E-09
994	8.034E-09	9.119E-09	1.035E-08	6.814E-09
995	7.996E-09	9.076E-09	1.030E-08	6.889E-09
996	7.959E-09	9.033E-09	1.025E-08	6.825E-09
997	7.921E-09	8.991E-09	1.020E-08	6.567E-09
998	7.884E-09	8.948E-09	1.016E-08	6.712E-09
999	7.847E-09	8.906E-09	1.011E-08	6.808E-09
1000	7.810E-09	8.864E-09	1.006E-08	6.857E-09
1001	7.783E-09	8.834E-09	1.003E-08	6.774E-09
1002	7.757E-09	8.804E-09	9.992E-09	6.780E-09
1003	7.730E-09	8.774E-09	9.958E-09	6.801E-09
1004	7.704E-09	8.744E-09	9.924E-09	6.679E-09
1005	7.677E-09	8.714E-09	9.890E-09	6.700E-09
1006	7.651E-09	8.684E-09	9.856E-09	6.649E-09
1007	7.625E-09	8.654E-09	9.822E-09	6.568E-09
1008	7.599E-09	8.624E-09	9.789E-09	6.589E-09
1009	7.572E-09	8.595E-09	9.755E-09	6.443E-09
1010	7.547E-09	8.565E-09	9.722E-09	6.331E-09
1011	7.521E-09	8.536E-09	9.688E-09	6.308E-09
1012	7.495E-09	8.507E-09	9.655E-09	6.236E-09
1013	7.469E-09	8.478E-09	9.622E-09	6.223E-09
1014	7.444E-09	8.449E-09	9.589E-09	6.206E-09
1015	7.418E-09	8.420E-09	9.556E-09	6.070E-09
1016	7.393E-09	8.391E-09	9.523E-09	6.120E-09
1017	7.367E-09	8.362E-09	9.491E-09	6.120E-09
1018	7.342E-09	8.333E-09	9.458E-09	6.092E-09
1019	7.317E-09	8.305E-09	9.426E-09	5.994E-09
1020	7.292E-09	8.276E-09	9.394E-09	5.999E-09
1021	7.267E-09	8.248E-09	9.361E-09	5.886E-09
1022	7.242E-09	8.220E-09	9.329E-09	5.668E-09
1023	7.217E-09	8.192E-09	9.297E-09	5.803E-09
1024	7.193E-09	8.164E-09	9.266E-09	5.813E-09
1025	7.168E-09	8.136E-09	9.234E-09	5.800E-09
1026	7.143E-09	8.108E-09	9.202E-09	5.828E-09
1027	7.119E-09	8.080E-09	9.171E-09	5.766E-09
1028	7.094E-09	8.052E-09	9.139E-09	5.777E-09
1029	7.070E-09	8.025E-09	9.108E-09	5.747E-09
1030	7.046E-09	7.997E-09	9.077E-09	5.721E-09
1031	7.022E-09	7.970E-09	9.046E-09	5.733E-09
1032	6.998E-09	7.942E-09	9.015E-09	5.628E-09
1033	6.974E-09	7.915E-09	8.984E-09	5.879E-09
1034	6.950E-09	7.888E-09	8.953E-09	5.806E-09
1035	6.926E-09	7.861E-09	8.922E-09	5.742E-09
1036	6.902E-09	7.834E-09	8.892E-09	5.779E-09
1037	6.879E-09	7.807E-09	8.861E-09	6.108E-09
1038	6.855E-09	7.781E-09	8.831E-09	5.988E-09
1039	6.832E-09	7.754E-09	8.801E-09	6.014E-09
1040	6.808E-09	7.727E-09	8.771E-09	5.847E-09
1041	6.785E-09	7.701E-09	8.741E-09	5.836E-09
1042	6.762E-09	7.675E-09	8.711E-09	5.700E-09
1043	6.739E-09	7.648E-09	8.681E-09	5.599E-09
1044	6.715E-09	7.622E-09	8.651E-09	5.622E-09
1045	6.692E-09	7.596E-09	8.621E-09	5.643E-09
1046	6.670E-09	7.570E-09	8.592E-09	5.616E-09
1047	6.647E-09	7.544E-09	8.562E-09	5.513E-09
1048	6.624E-09	7.518E-09	8.533E-09	5.400E-09
1049	6.601E-09	7.492E-09	8.504E-09	5.353E-09
1050	6.579E-09	7.467E-09	8.475E-09	5.232E-09
1051	6.556E-09	7.441E-09	8.446E-09	5.210E-09
1052	6.534E-09	7.416E-09	8.417E-09	5.166E-09
1053	6.511E-09	7.390E-09	8.388E-09	5.067E-09
1054	6.489E-09	7.365E-09	8.359E-09	5.103E-09
1055	6.467E-09	7.340E-09	8.331E-09	5.081E-09
1056	6.445E-09	7.315E-09	8.302E-09	5.229E-09
1057	6.422E-09	7.290E-09	8.274E-09	5.187E-09
1058	6.400E-09	7.265E-09	8.245E-09	5.100E-09
1059	6.379E-09	7.240E-09	8.217E-09	5.155E-09
1060	6.357E-09	7.215E-09	8.189E-09	5.192E-09
1061	6.335E-09	7.190E-09	8.161E-09	5.080E-09
1062	6.313E-09	7.166E-09	8.133E-09	5.088E-09
1063	6.292E-09	7.141E-09	8.105E-09	5.048E-09
1064	6.270E-09	7.117E-09	8.077E-09	5.140E-09
1065	6.249E-09	7.092E-09	8.050E-09	5.032E-09
1066	6.227E-09	7.068E-09	8.022E-09	4.992E-09
1067	6.206E-09	7.044E-09	7.995E-09	5.062E-09
1068	6.185E-09	7.020E-09	7.967E-09	5.061E-09
1069	6.163E-09	6.996E-09	7.940E-09	5.113E-09
1070	6.142E-09	6.972E-09	7.913E-09	5.080E-09
1071	6.121E-09	6.948E-09	7.886E-09	5.142E-09
1072	6.100E-09	6.924E-09	7.859E-09	5.092E-09
1073	6.079E-09	6.900E-09	7.832E-09	5.040E-09
1074	6.059E-09	6.877E-09	7.805E-09	5.085E-09
1075	6.038E-09	6.853E-09	7.778E-09	5.073E-09
1076	6.017E-09	6.830E-09	7.752E-09	5.061E-09
1077	5.997E-09	6.806E-09	7.725E-09	5.007E-09
1078	5.976E-09	6.783E-09	7.699E-09	5.018E-09
1079	5.956E-09	6.760E-09	7.672E-09	4.849E-09
1080	5.935E-09	6.736E-09	7.646E-09	4.928E-09
1081	5.915E-09	6.713E-09	7.620E-09	4.808E-09
1082	5.895E-09	6.690E-09	7.594E-09	4.667E-09
1083	5.874E-09	6.667E-09	7.568E-09	4.651E-09
1084	5.854E-09	6.645E-09	7.542E-09	4.719E-09
1085	5.834E-09	6.622E-09	7.516E-09	4.643E-09
1086	5.814E-09	6.599E-09	7.490E-09	4.684E-09
1087	5.794E-09	6.577E-09	7.464E-09	4.724E-09
1088	5.775E-09	6.554E-09	7.439E-09	4.840E-09
1089	5.755E-09	6.532E-09	7.413E-09	4.822E-09
1090	5.735E-09	6.509E-09	7.388E-09	4.794E-09
1091	5.715E-09	6.487E-09	7.363E-09	4.816E-09
1092	5.696E-09	6.465E-09	7.338E-09	4.809E-09
1093	5.676E-09	6.443E-09	7.312E-09	4.651E-09
1094	5.657E-09	6.421E-09	7.287E-09	4.764E-09
1095	5.638E-09	6.399E-09	7.262E-09	4.800E-09
1096	5.618E-09	6.377E-09	7.238E-09	4.865E-09
1097	5.599E-09	6.355E-09	7.213E-09	4.890E-09
1098	5.580E-09	6.333E-09	7.188E-09	4.961E-09
1099	5.561E-09	6.311E-09	7.163E-09	4.976E-09
1100	5.542E-09	6.290E-09	7.139E-09	4.881E-09
1101	5.520E-09	6.265E-09	7.111E-09	4.790E-09
1102	5.498E-09	6.240E-09	7.083E-09	4.826E-09
1103	5.476E-09	6.215E-09	7.055E-09	4.967E-09
1104	5.454E-09	6.191E-09	7.027E-09	4.969E-09
1105	5.433E-09	6.166E-09	6.999E-09	4.831E-09
1106	5.411E-09	6.142E-09	6.971E-09	4.836E-09
1107	5.390E-09	6.118E-09	6.944E-09	4.864E-09
1108	5.369E-09	6.093E-09	6.916E-09	4.921E-09
1109	5.347E-09	6.069E-09	6.889E-09	5.008E-09
1110	5.326E-09	6.045E-09	6.861E-09	5.159E-09
1111	5.305E-09	6.021E-09	6.834E-09	5.118E-09
1112	5.284E-09	5.998E-09	6.807E-09	5.095E-09
1113	5.263E-09	5.974E-09	6.780E-09	5.093E-09
1114	5.242E-09	5.950E-09	6.753E-09	4.932E-09
1115	5.222E-09	5.927E-09	6.727E-09	4.992E-09
1116	5.201E-09	5.903E-09	6.700E-09	4.839E-09
1117	5.180E-09	5.880E-09	6.674E-09	4.849E-09
1118	5.160E-09	5.857E-09	6.647E-09	4.909E-09
1119	5.140E-09	5.833E-09	6.621E-09	5.010E-09
1120	5.119E-09	5.810E-09	6.595E-09	4.990E-09
1121	5.099E-09	5.787E-09	6.569E-09	5.060E-09
1122	5.079E-09	5.764E-09	6.543E-09	5.074E-09
1123	5.059E-09	5.742E-09	6.517E-09	5.055E-09
1124	5.039E-09	5.719E-09	6.491E-09	5.071E-09
1125	5.019E-09	5.696E-09	6.465E-09	5.043E-09
1126	4.999E-09	5.674E-09	6.440E-09	4.994E-09
1127	4.979E-09	5.651E-09	6.414E-09	4.895E-09
1128	4.959E-09	5.629E-09	6.389E-09	4.927E-09
1129	4.940E-09	5.607E-09	6.364E-09	4.808E-09
1130	4.920E-09	5.584E-09	6.338E-09	4.701E-09
1131	4.901E-09	5.562E-09	6.313E-09	4.722E-09
1132	4.881E-09	5.540E-09	6.288E-09	4.634E-09
1133	4.862E-09	5.518E-09	6.263E-09	4.687E-09
1134	4.843E-09	5.497E-09	6.239E-09	4.704E-09
1135	4.824E-09	5.475E-09	6.214E-09	4.673E-09
1136	4.805E-09	5.453E-09	6.189E-09	4.501E-09
1137	4.786E-09	5.432E-09	6.165E-09	4.601E-09
1138	4.767E-09	5.410E-09	6.141E-09	4.584E-09
1139	4.748E-09	5.389E-09	6.116E-09	4.563E-09
1140	4.729E-09	5.367E-09	6.092E-09	4.515E-09
1141	4.710E-09	5.346E-09	6.068E-09	4.436E-09
1142	4.692E-09	5.325E-09	6.044E-09	4.485E-09
1143	4.673E-09	5.304E-09	6.020E-09	4.592E-09
1144	4.655E-09	5.283E-09	5.996E-09	4.582E-09
1145	4.636E-09	5.262E-09	5.972E-09	4.513E-09
1146	4.618E-09	5.241E-09	5.949E-09	4.571E-09
1147	4.600E-09	5.221E-09	5.925E-09	4.604E-09
1148	4.581E-09	5.200E-09	5.902E-09	4.619E-09
1149	4.563E-09	5.179E-09	5.879E-09	4.682E-09
1150	4.545E-09	5.159E-09	5.855E-09	4.661E-09
1151	4.527E-09	5.138E-09	5.832E-09	4.675E-09
1152	4.509E-09	5.118E-09	5.809E-09	4.655E-09
1153	4.491E-09	5.098E-09	5.786E-09	4.688E-09
1154	4.474E-09	5.078E-09	5.763E-09	4.708E-09
1155	4.456E-09	5.058E-09	5.740E-09	4.689E-09
1156	4.438E-09	5.038E-09	5.718E-09	4.661E-09
1157	4.421E-09	5.018E-09	5.695E-09	4.615E-09
1158	4.403E-09	4.998E-09	5.672E-09	4.675E-09
1159	4.386E-09	4.978E-09	5.650E-09	4.679E-09
1160	4.369E-09	4.958E-09	5.628E-09	4.645E-09
1161	4.351E-09	4.939E-09	5.605E-09	4.539E-09
1162	4.334E-09	4.919E-09	5.583E-09	4.533E-09
1163	4.317E-09	4.900E-09	5.561E-09	4.560E-09
1164	4.300E-09	4.880E-09	5.539E-09	4.589E-09
1165	4.283E-09	4.861E-09	5.517E-09	4.648E-09
1166	4.266E-09	4.842E-09	5.495E-09	4.661E-09
1167	4.249E-09	4.823E-09	5.474E-09	4.646E-09
1168	4.232E-09	4.804E-09	5.452E-09	4.608E-09
1169	4.215E-09	4.785E-09	5.430E-09	4.573E-09
1170	4.199E-09	4.766E-09	5.409E-09	4.704E-09
1171	4.182E-09	4.747E-09	5.388E-09	4.698E-09
1172	4.166E-09	4.728E-09	5.366E-09	4.631E-09
1173	4.149E-09	4.709E-09	5.345E-09	4.690E-09
1174	4.133E-09	4.691E-09	5.324E-09	4.596E-09
1175	4.116E-09	4.672E-09	5.303E-09	4.568E-09
1176	4.100E-09	4.654E-09	5.282E-09	4.577E-09
1177	4.084E-09	4.635E-09	5.261E-09	4.516E-09
1178	4.068E-09	4.617E-09	5.240E-09	4.521E-09
1179	4.052E-09	4.599E-09	5.219E-09	4.510E-09
1180	4.036E-09	4.580E-09	5.199E-09	4.515E-09
1181	4.020E-09	4.562E-09	5.178E-09	4.534E-09
1182	4.004E-09	4.544E-09	5.158E-09	4.582E-09
1183	3.988E-09	4.526E-09	5.137E-09	4.554E-09
1184	3.972E-09	4.508E-09	5.117E-09	4.502E-09
1185	3.956E-09	4.491E-09	5.097E-09	4.428E-09
1186	3.941E-09	4.473E-09	5.077E-09	4.471E-09
1187	3.925E-09	4.455E-09	5.057E-09	4.446E-09
1188	3.910E-09	4.437E-09	5.037E-09	4.431E-09
1189	3.894E-09	4.420E-09	5.017E-09	4.476E-09
1190	3.879E-09	4.402E-09	4.997E-09	4.442E-09
1191	3.863E-09	4.385E-09	4.977E-09	4.477E-09
1192	3.848E-09	4.368E-09	4.957E-09	4.424E-09
1193	3.833E-09	4.350E-09	4.938E-09	4.444E-09
1194	3.818E-09	4.333E-09	4.918E-09	4.403E-09
1195	3.803E-09	4.316E-09	4.899E-09	4.320E-09
1196	3.788E-09	4.299E-09	4.879E-09	4.380E-09
1197	3.773E-09	4.282E-09	4.860E-09	4.409E-09
1198	3.758E-09	4.265E-09	4.841E-09	4.328E-09
1199	3.743E-09	4.248E-09	4.822E-09	4.339E-09
1200	3.728E-09	4.231E-09	4.803E-09	4.288E-09
1201	3.713E-09	4.215E-09	4.784E-09	4.218E-09
1202	3.699E-09	4.198E-09	4.765E-09	4.250E-09
1203	3.684E-09	4.182E-09	4.746E-09	4.296E-09
1204	3.670E-09	4.165E-09	4.727E-09	4.275E-09
1205	3.655E-09	4.149E-09	4.709E-09	4.247E-09
1206	3.641E-09	4.132E-09	4.690E-09	4.180E-09
1207	3.626E-09	4.116E-09	4.672E-09	4.132E-09
1208	3.612E-09	4.100E-09	4.653E-09	4.059E-09
1209	3.598E-09	4.084E-09	4.635E-09	4.081E-09
1210	3.584E-09	4.067E-09	4.617E-09	4.174E-09
1211	3.570E-09	4.051E-09	4.598E-09	4.154E-09
1212	3.555E-09	4.035E-09	4.580E-09	4.125E-09
1213	3.541E-09	4.020E-09	4.562E-09	4.171E-09
1214	3.527E-09	4.004E-09	4.544E-09	4.075E-09
1215	3.514E-09	3.988E-09	4.526E-09	4.010E-09
1216	3.500E-09	3.972E-09	4.508E-09	4.016E-09
1217	3.486E-09	3.957E-09	4.491E-09	3.964E-09
1218	3.472E-09	3.941E-09	4.473E-09	3.981E-09
1219	3.458E-09	3.925E-09	4.455E-09	3.917E-09
1220	3.445E-09	3.910E-09	4.438E-09	3.935E-09
1221	3.431E-09	3.894E-09	4.420E-09	3.945E-09
1222	3.418E-09	3.879E-09	4.403E-09	3.912E-09
1223	3.404E-09	3.864E-09	4.385E-09	3.896E-09
1224	3.391E-09	3.849E-09	4.368E-09	3.922E-09
1225	3.377E-09	3.833E-09	4.351E-09	3.895E-09
1226	3.364E-09	3.818E-09	4.334E-09	3.866E-09
1227	3.351E-09	3.803E-09	4.317E-09	3.881E-09
1228	3.338E-09	3.788E-09	4.300E-09	3.898E-09
1229	3.325E-09	3.773E-09	4.283E-09	3.904E-09
1230	3.311E-09	3.758E-09	4.266E-09	3.870E-09
1231	3.298E-09	3.744E-09	4.249E-09	3.860E-09
1232	3.285E-09	3.729E-09	4.232E-09	3.789E-09
1233	3.272E-09	3.714E-09	4.216E-09	3.810E-09
1234	3.259E-09	3.700E-09	4.199E-09	3.754E-09
1235	3.247E-09	3.685E-09	4.182E-09	3.766E-09
1236	3.234E-09	3.670E-09	4.166E-09	3.897E-09
1237	3.221E-09	3.656E-09	4.149E-09	3.817E-09
1238	3.208E-09	3.642E-09	4.133E-09	3.772E-09
1239	3.196E-09	3.627E-09	4.117E-09	3.778E-09
1240	3.183E-09	3.613E-09	4.101E-09	3.743E-09
1241	3.171E-09	3.599E-09	4.084E-09	3.765E-09
1242	3.158E-09	3.584E-09	4.068E-09	3.643E-09
1243	3.146E-09	3.570E-09	4.052E-09	3.609E-09
1244	3.133E-09	3.556E-09	4.036E-09	3.571E-09
1245	3.121E-09	3.542E-09	4.020E-09	3.530E-09
1246	3.109E-09	3.528E-09	4.005E-09	3.471E-09
1247	3.096E-09	3.514E-09	3.989E-09	3.486E-09
1248	3.084E-09	3.500E-09	3.973E-09	3.429E-09
1249	3.072E-09	3.487E-09	3.957E-09	3.447E-09
1250	3.060E-09	3.473E-09	3.942E-09	3.430E-09
1251	3.048E-09	3.459E-09	3.926E-09	3.461E-09
1252	3.036E-09	3.446E-09	3.911E-09	3.469E-09
1253	3.024E-09	3.432E-09	3.895E-09	3.506E-09
1254	3.012E-09	3.419E-09	3.880E-09	3.506E-09
1255	3.000E-09	3.405E-09	3.865E-09	3.495E-09
1256	2.988E-09	3.392E-09	3.849E-09	3.469E-09
1257	2.976E-09	3.378E-09	3.834E-09	3.333E-09
1258	2.965E-09	3.365E-09	3.819E-09	3.313E-09
1259	2.953E-09	3.352E-09	3.804E-09	3.299E-09
1260	2.941E-09	3.338E-09	3.789E-09	3.298E-09
1261	2.930E-09	3.325E-09	3.774E-09	3.391E-09
1262	2.918E-09	3.312E-09	3.759E-09	3.306E-09
1263	2.907E-09	3.299E-09	3.744E-09	3.251E-09
1264	2.895E-09	3.286E-09	3.730E-09	3.235E-09
1265	2.884E-09	3.273E-09	3.715E-09	3.283E-09
1266	2.872E-09	3.260E-09	3.700E-09	3.269E-09
1267	2.861E-09	3.247E-09	3.686E-09	3.225E-09
1268	2.850E-09	3.235E-09	3.671E-09	3.232E-09
1269	2.839E-09	3.222E-09	3.657E-09	3.185E-09
1270	2.827E-09	3.209E-09	3.642E-09	3.207E-09
1271	2.816E-09	3.197E-09	3.628E-09	3.204E-09
1272	2.805E-09	3.184E-09	3.614E-09	3.172E-09
1273	2.794E-09	3.171E-09	3.599E-09	3.153E-09
1274	2.783E-09	3.159E-09	3.585E-09	3.108E-09
1275	2.772E-09	3.146E-09	3.571E-09	3.052E-09
1276	2.761E-09	3.134E-09	3.557E-09	3.034E-09
1277	2.750E-09	3.122E-09	3.543E-09	2.995E-09
1278	2.740E-09	3.109E-09	3.529E-09	2.955E-09
1279	2.729E-09	3.097E-09	3.515E-09	2.962E-09
1280	2.718E-09	3.085E-09	3.501E-09	2.906E-09
1281	2.707E-09	3.073E-09	3.488E-09	2.946E-09
1282	2.697E-09	3.061E-09	3.474E-09	2.907E-09
1283	2.686E-09	3.049E-09	3.460E-09	2.921E-09
1284	2.675E-09	3.037E-09	3.446E-09	2.922E-09
1285	2.665E-09	3.025E-09	3.433E-09	2.995E-09
1286	2.654E-09	3.013E-09	3.419E-09	3.019E-09
1287	2.644E-09	3.001E-09	3.406E-09	2.976E-09
1288	2.633E-09	2.989E-09	3.392E-09	2.978E-09
1289	2.623E-09	2.977E-09	3.379E-09	2.985E-09
1290	2.613E-09	2.965E-09	3.366E-09	2.971E-09
1291	2.602E-09	2.954E-09	3.352E-09	2.928E-09
1292	2.592E-09	2.942E-09	3.339E-09	2.864E-09
1293	2.582E-09	2.930E-09	3.326E-09	2.875E-09
1294	2.572E-09	2.919E-09	3.313E-09	2.797E-09
1295	2.562E-09	2.907E-09	3.300E-09	2.751E-09
1296	2.552E-09	2.896E-09	3.287E-09	2.691E-09
1297	2.541E-09	2.885E-09	3.274E-09	2.687E-09
1298	2.531E-09	2.873E-09	3.261E-09	2.661E-09
1299	2.521E-09	2.862E-09	3.248E-09	2.674E-09
1300	2.512E-09	2.851E-09	3.235E-09	2.643E-09
1301	2.503E-09	2.840E-09	3.224E-09	2.614E-09
1302	2.494E-09	2.830E-09	3.212E-09	2.626E-09
1303	2.485E-09	2.820E-09	3.201E-09	2.646E-09
1304	2.476E-09	2.810E-09	3.190E-09	2.627E-09
1305	2.467E-09	2.800E-09	3.178E-09	2.609E-09
1306	2.458E-09	2.790E-09	3.167E-09	2.614E-09
1307	2.450E-09	2.780E-09	3.156E-09	2.642E-09
1308	2.441E-09	2.770E-09	3.144E-09	2.677E-09
1309	2.432E-09	2.760E-09	3.133E-09	2.699E-09
1310	2.423E-09	2.751E-09	3.122E-09	2.706E-09
1311	2.415E-09	2.741E-09	3.111E-09	2.735E-09
1312	2.406E-09	2.731E-09	3.100E-09	2.760E-09
1313	2.398E-09	2.721E-09	3.089E-09	2.736E-09
1314	2.389E-09	2.712E-09	3.078E-09	2.686E-09
1315	2.381E-09	2.702E-09	3.067E-09	2.643E-09
1316	2.372E-09	2.692E-09	3.056E-09	2.621E-09
1317	2.364E-09	2.683E-09	3.045E-09	2.617E-09
1318	2.355E-09	2.673E-09	3.034E-09	2.679E-09
1319	2.347E-09	2.664E-09	3.023E-09	2.676E-09
1320	2.339E-09	2.654E-09	3.013E-09	2.689E-09
1321	2.330E-09	2.645E-09	3.002E-09	2.687E-09
1322	2.322E-09	2.635E-09	2.991E-09	2.719E-09
1323	2.314E-09	2.626E-09	2.980E-09	2.684E-09
1324	2.305E-09	2.617E-09	2.970E-09	2.670E-09
1325	2.297E-09	2.607E-09	2.959E-09	2.643E-09
1326	2.289E-09	2.598E-09	2.949E-09	2.613E-09
1327	2.281E-09	2.589E-09	2.938E-09	2.587E-09
1328	2.273E-09	2.580E-09	2.928E-09	2.540E-09
1329	2.265E-09	2.570E-09	2.917E-09	2.531E-09
1330	2.257E-09	2.561E-09	2.907E-09	2.496E-09
1331	2.249E-09	2.552E-09	2.897E-09	2.493E-09
1332	2.240E-09	2.543E-09	2.886E-09	2.474E-09
1333	2.233E-09	2.534E-09	2.876E-09	2.496E-09
1334	2.225E-09	2.525E-09	2.866E-09	2.452E-09
1335	2.217E-09	2.516E-09	2.856E-09	2.467E-09
1336	2.209E-09	2.507E-09	2.845E-09	2.471E-09
1337	2.201E-09	2.498E-09	2.835E-09	2.486E-09
1338	2.193E-09	2.489E-09	2.825E-09	2.540E-09
1339	2.185E-09	2.480E-09	2.815E-09	2.543E-09
1340	2.177E-09	2.471E-09	2.805E-09	2.570E-09
1341	2.170E-09	2.463E-09	2.795E-09	2.569E-09
1342	2.162E-09	2.454E-09	2.785E-09	2.521E-09
1343	2.154E-09	2.445E-09	2.775E-09	2.478E-09
1344	2.147E-09	2.436E-09	2.765E-09	2.450E-09
1345	2.139E-09	2.428E-09	2.755E-09	2.456E-09
1346	2.131E-09	2.419E-09	2.746E-09	2.450E-09
1347	2.124E-09	2.410E-09	2.736E-09	2.455E-09
1348	2.116E-09	2.402E-09	2.726E-09	2.515E-09
1349	2.109E-09	2.393E-09	2.716E-09	2.547E-09
1350	2.101E-09	2.385E-09	2.707E-09	2.533E-09
1351	2.094E-09	2.376E-09	2.697E-09	2.551E-09
1352	2.086E-09	2.368E-09	2.687E-09	2.573E-09
1353	2.079E-09	2.359E-09	2.678E-09	2.475E-09
1354	2.071E-09	2.351E-09	2.668E-09	2.475E-09
1355	2.064E-09	2.343E-09	2.659E-09	2.525E-09
1356	2.057E-09	2.334E-09	2.649E-09	2.487E-09
1357	2.049E-09	2.326E-09	2.640E-09	2.439E-09
1358	2.042E-09	2.318E-09	2.631E-09	2.391E-09
1359	2.035E-09	2.309E-09	2.621E-09	2.414E-09
1360	2.027E-09	2.301E-09	2.612E-09	2.442E-09
1361	2.020E-09	2.293E-09	2.603E-09	2.492E-09
1362	2.013E-09	2.285E-09	2.593E-09	2.471E-09
1363	2.006E-09	2.277E-09	2.584E-09	2.465E-09
1364	1.999E-09	2.269E-09	2.575E-09	2.488E-09
1365	1.992E-09	2.261E-09	2.566E-09	2.456E-09
1366	1.985E-09	2.252E-09	2.557E-09	2.486E-09
1367	1.977E-09	2.244E-09	2.547E-09	2.448E-09
1368	1.970E-09	2.236E-09	2.538E-09	2.424E-09
1369	1.963E-09	2.228E-09	2.529E-09	2.433E-09
1370	1.956E-09	2.221E-09	2.520E-09	2.460E-09
1371	1.949E-09	2.213E-09	2.511E-09	2.444E-09
1372	1.943E-09	2.205E-09	2.502E-09	2.444E-09
1373	1.936E-09	2.197E-09	2.493E-09	2.453E-09
1374	1.929E-09	2.189E-09	2.485E-09	2.512E-09
1375	1.922E-09	2.181E-09	2.476E-09	2.505E-09
1376	1.915E-09	2.174E-09	2.467E-09	2.472E-09
1377	1.908E-09	2.166E-09	2.458E-09	2.427E-09
1378	1.901E-09	2.158E-09	2.449E-09	2.451E-09
1379	1.895E-09	2.150E-09	2.441E-09	2.473E-09
1380	1.888E-09	2.143E-09	2.432E-09	2.472E-09
1381	1.881E-09	2.135E-09	2.423E-09	2.438E-09
1382	1.874E-09	2.127E-09	2.415E-09	2.445E-09
1383	1.868E-09	2.120E-09	2.406E-09	2.415E-09
1384	1.861E-09	2.112E-09	2.398E-09	2.413E-09
1385	1.854E-09	2.105E-09	2.389E-09	2.407E-09
1386	1.848E-09	2.097E-09	2.380E-09	2.363E-09
1387	1.841E-09	2.090E-09	2.372E-09	2.373E-09
1388	1.835E-09	2.082E-09	2.364E-09	2.408E-09
1389	1.828E-09	2.075E-09	2.355E-09	2.418E-09
1390	1.822E-09	2.068E-09	2.347E-09	2.407E-09
1391	1.815E-09	2.060E-09	2.338E-09	2.348E-09
1392	1.809E-09	2.053E-09	2.330E-09	2.358E-09
1393	1.802E-09	2.046E-09	2.322E-09	2.373E-09
1394	1.796E-09	2.038E-09	2.314E-09	2.419E-09
1395	1.790E-09	2.031E-09	2.305E-09	2.413E-09
1396	1.783E-09	2.024E-09	2.297E-09	2.401E-09
1397	1.777E-09	2.017E-09	2.289E-09	2.401E-09
1398	1.770E-09	2.009E-09	2.281E-09	2.379E-09
1399	1.764E-09	2.002E-09	2.273E-09	2.343E-09
1400	1.758E-09	1.995E-09	2.265E-09	2.309E-09
1401	1.753E-09	1.989E-09	2.258E-09	2.330E-09
1402	1.748E-09	1.984E-09	2.252E-09	2.336E-09
1403	1.743E-09	1.978E-09	2.245E-09	2.325E-09
1404	1.738E-09	1.972E-09	2.239E-09	2.298E-09
1405	1.733E-09	1.967E-09	2.232E-09	2.276E-09
1406	1.728E-09	1.961E-09	2.226E-09	2.288E-09
1407	1.723E-09	1.956E-09	2.219E-09	2.218E-09
1408	1.718E-09	1.950E-09	2.213E-09	2.213E-09
1409	1.713E-09	1.944E-09	2.207E-09	2.206E-09
1410	1.708E-09	1.939E-09	2.200E-09	2.168E-09
1411	1.703E-09	1.933E-09	2.194E-09	2.164E-09
1412	1.698E-09	1.928E-09	2.188E-09	2.160E-09
1413	1.693E-09	1.922E-09	2.182E-09	2.136E-09
1414	1.689E-09	1.917E-09	2.175E-09	2.133E-09
1415	1.684E-09	1.911E-09	2.169E-09	2.107E-09
1416	1.679E-09	1.906E-09	2.163E-09	2.063E-09
1417	1.674E-09	1.900E-09	2.157E-09	2.073E-09
1418	1.669E-09	1.895E-09	2.151E-09	2.078E-09
1419	1.665E-09	1.889E-09	2.144E-09	2.064E-09
1420	1.660E-09	1.884E-09	2.138E-09	2.040E-09
1421	1.655E-09	1.878E-09	2.132E-09	2.078E-09
1422	1.650E-09	1.873E-09	2.126E-09	2.048E-09
1423	1.646E-09	1.868E-09	2.120E-09	2.047E-09
1424	1.641E-09	1.862E-09	2.114E-09	2.019E-09
1425	1.636E-09	1.857E-09	2.108E-09	2.001E-09
1426	1.631E-09	1.852E-09	2.102E-09	1.981E-09
1427	1.627E-09	1.846E-09	2.096E-09	1.953E-09
1428	1.622E-09	1.841E-09	2.090E-09	1.959E-09
1429	1.617E-09	1.836E-09	2.084E-09	1.906E-09
1430	1.613E-09	1.831E-09	2.078E-09	1.889E-09
1431	1.608E-09	1.825E-09	2.072E-09	1.854E-09
1432	1.604E-09	1.820E-09	2.066E-09	1.864E-09
1433	1.599E-09	1.815E-09	2.060E-09	1.871E-09
1434	1.594E-09	1.810E-09	2.054E-09	1.883E-09
1435	1.590E-09	1.804E-09	2.048E-09	1.887E-09
1436	1.585E-09	1.799E-09	2.042E-09	1.885E-09
1437	1.581E-09	1.794E-09	2.036E-09	1.863E-09
1438	1.576E-09	1.789E-09	2.031E-09	1.849E-09
1439	1.572E-09	1.784E-09	2.025E-09	1.863E-09
1440	1.567E-09	1.779E-09	2.019E-09	1.847E-09
1441	1.563E-09	1.774E-09	2.013E-09	1.857E-09
1442	1.558E-09	1.769E-09	2.007E-09	1.843E-09
1443	1.554E-09	1.764E-09	2.002E-09	1.801E-09
1444	1.549E-09	1.758E-09	1.996E-09	1.768E-09
1445	1.545E-09	1.753E-09	1.990E-09	1.813E-09
1446	1.540E-09	1.748E-09	1.984E-09	1.820E-09
1447	1.536E-09	1.743E-09	1.979E-09	1.805E-09
1448	1.532E-09	1.738E-09	1.973E-09	1.810E-09
1449	1.527E-09	1.733E-09	1.967E-09	1.813E-09
1450	1.523E-09	1.728E-09	1.962E-09	1.826E-09
1451	1.518E-09	1.723E-09	1.956E-09	1.830E-09
1452	1.514E-09	1.719E-09	1.951E-09	1.879E-09
1453	1.510E-09	1.714E-09	1.945E-09	1.849E-09
1454	1.505E-09	1.709E-09	1.939E-09	1.826E-09
1455	1.501E-09	1.704E-09	1.934E-09	1.840E-09
1456	1.497E-09	1.699E-09	1.928E-09	1.784E-09
1457	1.493E-09	1.694E-09	1.923E-09	1.747E-09
1458	1.488E-09	1.689E-09	1.917E-09	1.730E-09
1459	1.484E-09	1.684E-09	1.912E-09	1.749E-09
1460	1.480E-09	1.680E-09	1.906E-09	1.736E-09
1461	1.476E-09	1.675E-09	1.901E-09	1.702E-09
1462	1.471E-09	1.670E-09	1.895E-09	1.731E-09
1463	1.467E-09	1.665E-09	1.890E-09	1.681E-09
1464	1.463E-09	1.660E-09	1.885E-09	1.653E-09
1465	1.459E-09	1.656E-09	1.879E-09	1.635E-09
1466	1.454E-09	1.651E-09	1.874E-09	1.661E-09
1467	1.450E-09	1.646E-09	1.868E-09	1.658E-09
1468	1.446E-09	1.641E-09	1.863E-09	1.693E-09
1469	1.442E-09	1.637E-09	1.858E-09	1.727E-09
1470	1.438E-09	1.632E-09	1.852E-09	1.719E-09
1471	1.434E-09	1.627E-09	1.847E-09	1.740E-09
1472	1.430E-09	1.623E-09	1.842E-09	1.710E-09
1473	1.426E-09	1.618E-09	1.836E-09	1.680E-09
1474	1.421E-09	1.613E-09	1.831E-09	1.675E-09
1475	1.417E-09	1.609E-09	1.826E-09	1.667E-09
1476	1.413E-09	1.604E-09	1.821E-09	1.683E-09
1477	1.409E-09	1.600E-09	1.815E-09	1.660E-09
1478	1.405E-09	1.595E-09	1.810E-09	1.677E-09
1479	1.401E-09	1.590E-09	1.805E-09	1.669E-09
1480	1.397E-09	1.586E-09	1.800E-09	1.663E-09
1481	1.393E-09	1.581E-09	1.795E-09	1.678E-09
1482	1.389E-09	1.577E-09	1.790E-09	1.704E-09
1483	1.385E-09	1.572E-09	1.785E-09	1.697E-09
1484	1.381E-09	1.568E-09	1.779E-09	1.690E-09
1485	1.377E-09	1.563E-09	1.774E-09	1.678E-09
1486	1.373E-09	1.559E-09	1.769E-09	1.659E-09
1487	1.369E-09	1.554E-09	1.764E-09	1.652E-09
1488	1.366E-09	1.550E-09	1.759E-09	1.643E-09
1489	1.362E-09	1.545E-09	1.754E-09	1.664E-09
1490	1.358E-09	1.541E-09	1.749E-09	1.669E-09
1491	1.354E-09	1.537E-09	1.744E-09	1.680E-09
1492	1.350E-09	1.532E-09	1.739E-09	1.705E-09
1493	1.346E-09	1.528E-09	1.734E-09	1.662E-09
1494	1.342E-09	1.523E-09	1.729E-09	1.639E-09
1495	1.338E-09	1.519E-09	1.724E-09	1.640E-09
1496	1.335E-09	1.515E-09	1.719E-09	1.641E-09
1497	1.331E-09	1.510E-09	1.714E-09	1.659E-09
1498	1.327E-09	1.506E-09	1.709E-09	1.647E-09
1499	1.323E-09	1.502E-09	1.704E-09	1.641E-09
1500	1.319E-09	1.497E-09	1.700E-09	1.638E-09
1501	1.315E-09	1.492E-09	1.694E-09	1.625E-09
1502	1.310E-09	1.487E-09	1.688E-09	1.633E-09
1503	1.306E-09	1.482E-09	1.682E-09	1.645E-09
1504	1.302E-09	1.477E-09	1.677E-09	1.668E-09
1505	1.297E-09	1.472E-09	1.671E-09	1.639E-09
1506	1.293E-09	1.467E-09	1.665E-09	1.625E-09
1507	1.288E-09	1.462E-09	1.660E-09	1.630E-09
1508	1.284E-09	1.458E-09	1.654E-09	1.654E-09
1509	1.280E-09	1.453E-09	1.649E-09	1.670E-09
1510	1.276E-09	1.448E-09	1.643E-09	1.658E-09
1511	1.271E-09	1.443E-09	1.638E-09	1.663E-09
1512	1.267E-09	1.438E-09	1.632E-09	1.660E-09
1513	1.263E-09	1.433E-09	1.627E-09	1.673E-09
1514	1.258E-09	1.428E-09	1.621E-09	1.677E-09
1515	1.254E-09	1.423E-09	1.616E-09	1.661E-09
1516	1.250E-09	1.419E-09	1.610E-09	1.668E-09
1517	1.246E-09	1.414E-09	1.605E-09	1.682E-09
1518	1.242E-09	1.409E-09	1.599E-09	1.655E-09
1519	1.237E-09	1.404E-09	1.594E-09	1.646E-09
1520	1.233E-09	1.400E-09	1.589E-09	1.622E-09
1521	1.229E-09	1.395E-09	1.583E-09	1.605E-09
1522	1.225E-09	1.390E-09	1.578E-09	1.618E-09
1523	1.221E-09	1.386E-09	1.573E-09	1.612E-09
1524	1.217E-09	1.381E-09	1.567E-09	1.595E-09
1525	1.213E-09	1.376E-09	1.562E-09	1.540E-09
1526	1.208E-09	1.372E-09	1.557E-09	1.523E-09
1527	1.204E-09	1.367E-09	1.552E-09	1.496E-09
1528	1.200E-09	1.362E-09	1.546E-09	1.493E-09
1529	1.196E-09	1.358E-09	1.541E-09	1.456E-09
1530	1.192E-09	1.353E-09	1.536E-09	1.455E-09
1531	1.188E-09	1.349E-09	1.531E-09	1.477E-09
1532	1.184E-09	1.344E-09	1.526E-09	1.480E-09
1533	1.180E-09	1.340E-09	1.520E-09	1.489E-09
1534	1.176E-09	1.335E-09	1.515E-09	1.482E-09
1535	1.172E-09	1.331E-09	1.510E-09	1.489E-09
1536	1.168E-09	1.326E-09	1.505E-09	1.482E-09
1537	1.164E-09	1.322E-09	1.500E-09	1.509E-09
1538	1.161E-09	1.317E-09	1.495E-09	1.497E-09
1539	1.157E-09	1.313E-09	1.490E-09	1.495E-09
1540	1.153E-09	1.308E-09	1.485E-09	1.482E-09
1541	1.149E-09	1.304E-09	1.480E-09	1.467E-09
1542	1.145E-09	1.300E-09	1.475E-09	1.438E-09
1543	1.141E-09	1.295E-09	1.470E-09	1.434E-09
1544	1.137E-09	1.291E-09	1.465E-09	1.426E-09
1545	1.133E-09	1.286E-09	1.460E-09	1.412E-09
1546	1.130E-09	1.282E-09	1.455E-09	1.415E-09
1547	1.126E-09	1.278E-09	1.450E-09	1.409E-09
1548	1.122E-09	1.273E-09	1.445E-09	1.426E-09
1549	1.118E-09	1.269E-09	1.441E-09	1.446E-09
1550	1.114E-09	1.265E-09	1.436E-09	1.451E-09
1551	1.111E-09	1.261E-09	1.431E-09	1.431E-09
1552	1.107E-09	1.256E-09	1.426E-09	1.417E-09
1553	1.103E-09	1.252E-09	1.421E-09	1.413E-09
1554	1.100E-09	1.248E-09	1.416E-09	1.388E-09
1555	1.096E-09	1.244E-09	1.412E-09	1.377E-09
1556	1.092E-09	1.240E-09	1.407E-09	1.378E-09
1557	1.088E-09	1.235E-09	1.402E-09	1.359E-09
1558	1.085E-09	1.231E-09	1.397E-09	1.356E-09
1559	1.081E-09	1.227E-09	1.393E-09	1.364E-09
1560	1.078E-09	1.223E-09	1.388E-09	1.353E-09
1561	1.074E-09	1.219E-09	1.383E-09	1.345E-09
1562	1.070E-09	1.215E-09	1.379E-09	1.335E-09
1563	1.067E-09	1.211E-09	1.374E-09	1.335E-09
1564	1.063E-09	1.207E-09	1.369E-09	1.329E-09
1565	1.059E-09	1.203E-09	1.365E-09	1.335E-09
1566	1.056E-09	1.198E-09	1.360E-09	1.347E-09
1567	1.052E-09	1.194E-09	1.356E-09	1.323E-09
1568	1.049E-09	1.190E-09	1.351E-09	1.293E-09
1569	1.045E-09	1.186E-09	1.347E-09	1.275E-09
1570	1.042E-09	1.182E-09	1.342E-09	1.246E-09
1571	1.038E-09	1.178E-09	1.338E-09	1.263E-09
1572	1.035E-09	1.174E-09	1.333E-09	1.286E-09
1573	1.031E-09	1.170E-09	1.329E-09	1.309E-09
1574	1.028E-09	1.167E-09	1.324E-09	1.291E-09
1575	1.024E-09	1.163E-09	1.320E-09	1.282E-09
1576	1.021E-09	1.159E-09	1.315E-09	1.278E-09
1577	1.017E-09	1.155E-09	1.311E-09	1.285E-09
1578	1.014E-09	1.151E-09	1.306E-09	1.263E-09
1579	1.011E-09	1.147E-09	1.302E-09	1.285E-09
1580	1.007E-09	1.143E-09	1.298E-09	1.260E-09
1581	1.004E-09	1.139E-09	1.293E-09	1.274E-09
1582	1.000E-09	1.135E-09	1.289E-09	1.274E-09
1583	9.971E-10	1.132E-09	1.284E-09	1.278E-09
1584	9.937E-10	1.128E-09	1.280E-09	1.275E-09
1585	9.904E-10	1.124E-09	1.276E-09	1.276E-09
1586	9.870E-10	1.120E-09	1.272E-09	1.249E-09
1587	9.837E-10	1.116E-09	1.267E-09	1.215E-09
1588	9.804E-10	1.113E-09	1.263E-09	1.219E-09
1589	9.771E-10	1.109E-09	1.259E-09	1.218E-09
1590	9.738E-10	1.105E-09	1.254E-09	1.180E-09
1591	9.705E-10	1.102E-09	1.250E-09	1.160E-09
1592	9.672E-10	1.098E-09	1.246E-09	1.158E-09
1593	9.640E-10	1.094E-09	1.242E-09	1.141E-09
1594	9.607E-10	1.090E-09	1.238E-09	1.129E-09
1595	9.575E-10	1.087E-09	1.233E-09	1.123E-09
1596	9.543E-10	1.083E-09	1.229E-09	1.131E-09
1597	9.511E-10	1.079E-09	1.225E-09	1.098E-09
1598	9.479E-10	1.076E-09	1.221E-09	1.100E-09
1599	9.447E-10	1.072E-09	1.217E-09	1.078E-09
1600	9.415E-10	1.069E-09	1.213E-09	1.076E-09
1601	9.386E-10	1.065E-09	1.209E-09	1.061E-09
1602	9.356E-10	1.062E-09	1.205E-09	1.047E-09
1603	9.327E-10	1.059E-09	1.202E-09	1.021E-09
1604	9.298E-10	1.055E-09	1.198E-09	1.050E-09
1605	9.269E-10	1.052E-09	1.194E-09	1.056E-09
1606	9.240E-10	1.049E-09	1.190E-09	1.063E-09
1607	9.211E-10	1.045E-09	1.187E-09	1.062E-09
1608	9.182E-10	1.042E-09	1.183E-09	1.070E-09
1609	9.153E-10	1.039E-09	1.179E-09	1.071E-09
1610	9.125E-10	1.036E-09	1.175E-09	1.060E-09
1611	9.096E-10	1.032E-09	1.172E-09	1.059E-09
1612	9.068E-10	1.029E-09	1.168E-09	1.041E-09
1613	9.039E-10	1.026E-09	1.164E-09	1.047E-09
1614	9.011E-10	1.023E-09	1.161E-09	1.038E-09
1615	8.983E-10	1.020E-09	1.157E-09	1.044E-09
1616	8.955E-10	1.016E-09	1.154E-09	1.043E-09
1617	8.927E-10	1.013E-09	1.150E-09	1.055E-09
1618	8.899E-10	1.010E-09	1.146E-09	1.060E-09
1619	8.871E-10	1.007E-09	1.143E-09	1.056E-09
1620	8.843E-10	1.004E-09	1.139E-09	1.072E-09
1621	8.816E-10	1.001E-09	1.136E-09	1.065E-09
1622	8.788E-10	9.975E-10	1.132E-09	1.053E-09
1623	8.761E-10	9.943E-10	1.129E-09	1.072E-09
1624	8.733E-10	9.912E-10	1.125E-09	1.069E-09
1625	8.706E-10	9.881E-10	1.122E-09	1.055E-09
1626	8.679E-10	9.851E-10	1.118E-09	1.073E-09
1627	8.652E-10	9.820E-10	1.115E-09	1.084E-09
1628	8.625E-10	9.789E-10	1.111E-09	1.085E-09
1629	8.598E-10	9.758E-10	1.108E-09	1.073E-09
1630	8.571E-10	9.728E-10	1.104E-09	1.072E-09
1631	8.544E-10	9.698E-10	1.101E-09	1.076E-09
1632	8.517E-10	9.667E-10	1.097E-09	1.068E-09
1633	8.491E-10	9.637E-10	1.094E-09	1.070E-09
1634	8.464E-10	9.607E-10	1.090E-09	1.064E-09
1635	8.438E-10	9.577E-10	1.087E-09	1.061E-09
1636	8.411E-10	9.547E-10	1.084E-09	1.050E-09
1637	8.385E-10	9.517E-10	1.080E-09	1.045E-09
1638	8.359E-10	9.487E-10	1.077E-09	1.047E-09
1639	8.333E-10	9.458E-10	1.073E-09	1.055E-09
1640	8.307E-10	9.428E-10	1.070E-09	1.052E-09
1641	8.281E-10	9.399E-10	1.067E-09	1.049E-09
1642	8.255E-10	9.369E-10	1.063E-09	1.058E-09
1643	8.229E-10	9.340E-10	1.060E-09	1.064E-09
1644	8.203E-10	9.311E-10	1.057E-09	1.059E-09
1645	8.178E-10	9.282E-10	1.053E-09	1.053E-09
1646	8.152E-10	9.253E-10	1.050E-09	1.041E-09
1647	8.127E-10	9.224E-10	1.047E-09	1.045E-09
1648	8.101E-10	9.195E-10	1.044E-09	1.036E-09
1649	8.076E-10	9.166E-10	1.040E-09	1.004E-09
1650	8.051E-10	9.138E-10	1.037E-09	1.004E-09
1651	8.026E-10	9.109E-10	1.034E-09	9.845E-10
1652	8.000E-10	9.081E-10	1.031E-09	9.767E-10
1653	7.975E-10	9.052E-10	1.027E-09	9.702E-10
1654	7.951E-10	9.024E-10	1.024E-09	9.788E-10
1655	7.926E-10	8.996E-10	1.021E-09	9.560E-10
1656	7.901E-10	8.968E-10	1.018E-09	9.534E-10
1657	7.876E-10	8.939E-10	1.015E-09	9.455E-10
1658	7.852E-10	8.912E-10	1.011E-09	9.397E-10
1659	7.827E-10	8.884E-10	1.008E-09	9.353E-10
1660	7.803E-10	8.856E-10	1.005E-09	9.266E-10
1661	7.778E-10	8.828E-10	1.002E-09	9.161E-10
1662	7.754E-10	8.801E-10	9.989E-10	8.936E-10
1663	7.730E-10	8.773E-10	9.958E-10	8.879E-10
1664	7.705E-10	8.746E-10	9.926E-10	8.773E-10
1665	7.681E-10	8.718E-10	9.895E-10	8.747E-10
1666	7.657E-10	8.691E-10	9.864E-10	8.797E-10
1667	7.633E-10	8.664E-10	9.834E-10	8.770E-10
1668	7.610E-10	8.637E-10	9.803E-10	8.935E-10
1669	7.586E-10	8.610E-10	9.772E-10	8.928E-10
1670	7.562E-10	8.583E-10	9.742E-10	8.920E-10
1671	7.539E-10	8.556E-10	9.711E-10	8.893E-10
1672	7.515E-10	8.529E-10	9.681E-10	8.859E-10
1673	7.491E-10	8.503E-10	9.651E-10	8.659E-10
1674	7.468E-10	8.476E-10	9.621E-10	8.585E-10
1675	7.445E-10	8.450E-10	9.590E-10	8.631E-10
1676	7.421E-10	8.423E-10	9.560E-10	8.603E-10
1677	7.398E-10	8.397E-10	9.531E-10	8.679E-10
1678	7.375E-10	8.371E-10	9.501E-10	8.640E-10
1679	7.352E-10	8.345E-10	9.471E-10	8.700E-10
1680	7.329E-10	8.319E-10	9.442E-10	8.708E-10
1681	7.306E-10	8.293E-10	9.412E-10	8.689E-10
1682	7.283E-10	8.267E-10	9.383E-10	8.725E-10
1683	7.261E-10	8.241E-10	9.353E-10	8.549E-10
1684	7.238E-10	8.215E-10	9.324E-10	8.557E-10
1685	7.215E-10	8.189E-10	9.295E-10	8.457E-10
1686	7.193E-10	8.164E-10	9.266E-10	8.341E-10
1687	7.170E-10	8.138E-10	9.237E-10	8.291E-10
1688	7.148E-10	8.113E-10	9.208E-10	8.185E-10
1689	7.126E-10	8.087E-10	9.179E-10	8.039E-10
1690	7.103E-10	8.062E-10	9.151E-10	7.951E-10
1691	7.081E-10	8.037E-10	9.122E-10	7.748E-10
1692	7.059E-10	8.012E-10	9.094E-10	7.752E-10
1693	7.037E-10	7.987E-10	9.065E-10	7.809E-10
1694	7.015E-10	7.962E-10	9.037E-10	7.704E-10
1695	6.993E-10	7.937E-10	9.009E-10	7.580E-10
1696	6.971E-10	7.912E-10	8.980E-10	7.428E-10
1697	6.949E-10	7.888E-10	8.952E-10	7.387E-10
1698	6.928E-10	7.863E-10	8.924E-10	7.417E-10
1699	6.906E-10	7.838E-10	8.896E-10	7.378E-10
1700	6.884E-10	7.814E-10	8.869E-10	7.280E-10
1701	6.859E-10	7.785E-10	8.836E-10	7.235E-10
1702	6.834E-10	7.757E-10	8.804E-10	7.288E-10
1703	6.809E-10	7.728E-10	8.771E-10	7.174E-10
1704	6.784E-10	7.700E-10	8.739E-10	7.349E-10
1705	6.759E-10	7.671E-10	8.707E-10	7.266E-10
1706	6.734E-10	7.643E-10	8.675E-10	7.493E-10
1707	6.709E-10	7.615E-10	8.643E-10	7.566E-10
1708	6.685E-10	7.587E-10	8.611E-10	7.583E-10
1709	6.660E-10	7.559E-10	8.580E-10	7.599E-10
1710	6.636E-10	7.532E-10	8.548E-10	7.667E-10
1711	6.611E-10	7.504E-10	8.517E-10	7.489E-10
1712	6.587E-10	7.476E-10	8.486E-10	7.366E-10
1713	6.563E-10	7.449E-10	8.454E-10	7.342E-10
1714	6.539E-10	7.422E-10	8.423E-10	7.222E-10
1715	6.515E-10	7.394E-10	8.392E-10	7.076E-10
1716	6.491E-10	7.367E-10	8.362E-10	6.927E-10
1717	6.467E-10	7.340E-10	8.331E-10	6.952E-10
1718	6.443E-10	7.313E-10	8.300E-10	6.947E-10
1719	6.420E-10	7.286E-10	8.270E-10	6.846E-10
1720	6.396E-10	7.259E-10	8.240E-10	6.875E-10
1721	6.373E-10	7.233E-10	8.209E-10	6.734E-10
1722	6.349E-10	7.206E-10	8.179E-10	7.026E-10
1723	6.326E-10	7.180E-10	8.149E-10	7.018E-10
1724	6.303E-10	7.153E-10	8.119E-10	6.929E-10
1725	6.279E-10	7.127E-10	8.089E-10	6.891E-10
1726	6.256E-10	7.101E-10	8.060E-10	6.665E-10
1727	6.233E-10	7.075E-10	8.030E-10	6.716E-10
1728	6.211E-10	7.049E-10	8.001E-10	6.605E-10
1729	6.188E-10	7.023E-10	7.971E-10	6.654E-10
1730	6.165E-10	6.997E-10	7.942E-10	6.716E-10
1731	6.142E-10	6.972E-10	7.913E-10	6.638E-10
1732	6.120E-10	6.946E-10	7.884E-10	6.524E-10
1733	6.097E-10	6.920E-10	7.855E-10	6.456E-10
1734	6.075E-10	6.895E-10	7.826E-10	6.522E-10
1735	6.053E-10	6.870E-10	7.797E-10	6.499E-10
1736	6.030E-10	6.845E-10	7.769E-10	6.456E-10
1737	6.008E-10	6.819E-10	7.740E-10	6.521E-10
1738	5.986E-10	6.794E-10	7.712E-10	6.505E-10
1739	5.964E-10	6.769E-10	7.683E-10	6.443E-10
1740	5.942E-10	6.745E-10	7.655E-10	6.560E-10
1741	5.921E-10	6.720E-10	7.627E-10	6.754E-10
1742	5.899E-10	6.695E-10	7.599E-10	6.502E-10
1743	5.877E-10	6.671E-10	7.571E-10	6.631E-10
1744	5.856E-10	6.646E-10	7.543E-10	6.632E-10
1745	5.834E-10	6.622E-10	7.516E-10	6.665E-10
1746	5.813E-10	6.597E-10	7.488E-10	6.677E-10
1747	5.791E-10	6.573E-10	7.460E-10	6.764E-10
1748	5.770E-10	6.549E-10	7.433E-10	6.653E-10
1749	5.749E-10	6.525E-10	7.406E-10	6.570E-10
1750	5.728E-10	6.501E-10	7.379E-10	6.543E-10
1751	5.707E-10	6.477E-10	7.351E-10	6.458E-10
1752	5.686E-10	6.453E-10	7.325E-10	6.509E-10
1753	5.665E-10	6.430E-10	7.298E-10	6.487E-10
1754	5.644E-10	6.406E-10	7.271E-10	6.486E-10
1755	5.623E-10	6.382E-10	7.244E-10	6.406E-10
1756	5.603E-10	6.359E-10	7.218E-10	6.282E-10
1757	5.582E-10	6.336E-10	7.191E-10	6.188E-10
1758	5.562E-10	6.312E-10	7.165E-10	6.084E-10
1759	5.541E-10	6.289E-10	7.138E-10	5.914E-10
1760	5.521E-10	6.266E-10	7.112E-10	5.893E-10
1761	5.501E-10	6.243E-10	7.086E-10	5.967E-10
1762	5.480E-10	6.220E-10	7.060E-10	5.958E-10
1763	5.460E-10	6.197E-10	7.034E-10	6.025E-10
1764	5.440E-10	6.175E-10	7.008E-10	5.927E-10
1765	5.420E-10	6.152E-10	6.983E-10	5.904E-10
1766	5.400E-10	6.129E-10	6.957E-10	5.963E-10
1767	5.381E-10	6.107E-10	6.931E-10	5.873E-10
1768	5.361E-10	6.084E-10	6.906E-10	5.856E-10
1769	5.341E-10	6.062E-10	6.881E-10	5.927E-10
1770	5.322E-10	6.040E-10	6.855E-10	5.764E-10
1771	5.302E-10	6.018E-10	6.830E-10	5.828E-10
1772	5.283E-10	5.996E-10	6.805E-10	5.856E-10
1773	5.263E-10	5.974E-10	6.780E-10	5.801E-10
1774	5.244E-10	5.952E-10	6.755E-10	5.783E-10
1775	5.225E-10	5.930E-10	6.730E-10	5.701E-10
1776	5.205E-10	5.908E-10	6.706E-10	5.553E-10
1777	5.186E-10	5.886E-10	6.681E-10	5.504E-10
1778	5.167E-10	5.865E-10	6.657E-10	5.482E-10
1779	5.148E-10	5.843E-10	6.632E-10	5.436E-10
1780	5.129E-10	5.822E-10	6.608E-10	5.504E-10
1781	5.111E-10	5.800E-10	6.584E-10	5.538E-10
1782	5.092E-10	5.779E-10	6.559E-10	5.490E-10
1783	5.073E-10	5.758E-10	6.535E-10	5.522E-10
1784	5.054E-10	5.737E-10	6.511E-10	5.506E-10
1785	5.036E-10	5.716E-10	6.487E-10	5.349E-10
1786	5.017E-10	5.695E-10	6.464E-10	5.411E-10
1787	4.999E-10	5.674E-10	6.440E-10	5.509E-10
1788	4.981E-10	5.653E-10	6.416E-10	5.399E-10
1789	4.962E-10	5.632E-10	6.393E-10	5.386E-10
1790	4.944E-10	5.612E-10	6.369E-10	5.356E-10
1791	4.926E-10	5.591E-10	6.346E-10	5.265E-10
1792	4.908E-10	5.570E-10	6.323E-10	5.268E-10
1793	4.890E-10	5.550E-10	6.299E-10	5.192E-10
1794	4.872E-10	5.530E-10	6.276E-10	5.214E-10
1795	4.854E-10	5.509E-10	6.253E-10	5.228E-10
1796	4.836E-10	5.489E-10	6.230E-10	5.204E-10
1797	4.819E-10	5.469E-10	6.207E-10	5.206E-10
1798	4.801E-10	5.449E-10	6.185E-10	5.226E-10
1799	4.783E-10	5.429E-10	6.162E-10	5.251E-10
1800	4.766E-10	5.409E-10	6.139E-10	5.330E-10
1801	4.751E-10	5.393E-10	6.121E-10	5.347E-10
1802	4.737E-10	5.377E-10	6.103E-10	5.313E-10
1803	4.723E-10	5.361E-10	6.085E-10	5.272E-10
1804	4.709E-10	5.345E-10	6.066E-10	5.221E-10
1805	4.695E-10	5.329E-10	6.048E-10	5.183E-10
1806	4.681E-10	5.313E-10	6.030E-10	5.208E-10
1807	4.667E-10	5.297E-10	6.012E-10	5.330E-10
1808	4.653E-10	5.282E-10	5.995E-10	5.356E-10
1809	4.640E-10	5.266E-10	5.977E-10	5.399E-10
1810	4.626E-10	5.250E-10	5.959E-10	5.484E-10
1811	4.612E-10	5.235E-10	5.941E-10	5.417E-10
1812	4.598E-10	5.219E-10	5.924E-10	5.336E-10
1813	4.585E-10	5.203E-10	5.906E-10	5.299E-10
1814	4.571E-10	5.188E-10	5.888E-10	5.222E-10
1815	4.557E-10	5.173E-10	5.871E-10	5.205E-10
1816	4.544E-10	5.157E-10	5.853E-10	5.145E-10
1817	4.530E-10	5.142E-10	5.836E-10	5.132E-10
1818	4.517E-10	5.126E-10	5.819E-10	5.137E-10
1819	4.503E-10	5.111E-10	5.801E-10	5.135E-10
1820	4.490E-10	5.096E-10	5.784E-10	5.069E-10
1821	4.477E-10	5.081E-10	5.767E-10	5.051E-10
1822	4.463E-10	5.066E-10	5.750E-10	5.124E-10
1823	4.450E-10	5.051E-10	5.732E-10	5.190E-10
1824	4.437E-10	5.036E-10	5.715E-10	5.144E-10
1825	4.423E-10	5.021E-10	5.698E-10	5.103E-10
1826	4.410E-10	5.006E-10	5.681E-10	5.035E-10
1827	4.397E-10	4.991E-10	5.665E-10	5.084E-10
1828	4.384E-10	4.976E-10	5.648E-10	5.120E-10
1829	4.371E-10	4.961E-10	5.631E-10	4.994E-10
1830	4.358E-10	4.946E-10	5.614E-10	5.009E-10
1831	4.345E-10	4.932E-10	5.597E-10	5.026E-10
1832	4.332E-10	4.917E-10	5.581E-10	4.899E-10
1833	4.319E-10	4.902E-10	5.564E-10	4.875E-10
1834	4.306E-10	4.888E-10	5.548E-10	4.844E-10
1835	4.294E-10	4.873E-10	5.531E-10	4.852E-10
1836	4.281E-10	4.859E-10	5.515E-10	4.860E-10
1837	4.268E-10	4.844E-10	5.498E-10	4.811E-10
1838	4.255E-10	4.830E-10	5.482E-10	4.826E-10
1839	4.243E-10	4.815E-10	5.466E-10	4.877E-10
1840	4.230E-10	4.801E-10	5.449E-10	4.901E-10
1841	4.218E-10	4.787E-10	5.433E-10	4.785E-10
1842	4.205E-10	4.773E-10	5.417E-10	4.696E-10
1843	4.192E-10	4.758E-10	5.401E-10	4.695E-10
1844	4.180E-10	4.744E-10	5.385E-10	4.674E-10
1845	4.168E-10	4.730E-10	5.369E-10	4.660E-10
1846	4.155E-10	4.716E-10	5.353E-10	4.622E-10
1847	4.143E-10	4.702E-10	5.337E-10	4.535E-10
1848	4.130E-10	4.688E-10	5.321E-10	4.548E-10
1849	4.118E-10	4.674E-10	5.305E-10	4.518E-10
1850	4.106E-10	4.660E-10	5.289E-10	4.520E-10
1851	4.094E-10	4.646E-10	5.274E-10	4.522E-10
1852	4.082E-10	4.633E-10	5.258E-10	4.427E-10
1853	4.069E-10	4.619E-10	5.242E-10	4.355E-10
1854	4.057E-10	4.605E-10	5.227E-10	4.284E-10
1855	4.045E-10	4.591E-10	5.211E-10	4.350E-10
1856	4.033E-10	4.578E-10	5.196E-10	4.348E-10
1857	4.021E-10	4.564E-10	5.180E-10	4.310E-10
1858	4.009E-10	4.550E-10	5.165E-10	4.261E-10
1859	3.997E-10	4.537E-10	5.149E-10	4.222E-10
1860	3.985E-10	4.523E-10	5.134E-10	4.285E-10
1861	3.974E-10	4.510E-10	5.119E-10	4.285E-10
1862	3.962E-10	4.497E-10	5.104E-10	4.181E-10
1863	3.950E-10	4.483E-10	5.088E-10	4.126E-10
1864	3.938E-10	4.470E-10	5.073E-10	4.081E-10
1865	3.926E-10	4.457E-10	5.058E-10	4.154E-10
1866	3.915E-10	4.443E-10	5.043E-10	4.136E-10
1867	3.903E-10	4.430E-10	5.028E-10	4.106E-10
1868	3.891E-10	4.417E-10	5.013E-10	4.131E-10
1869	3.880E-10	4.404E-10	4.998E-10	4.127E-10
1870	3.868E-10	4.391E-10	4.983E-10	4.056E-10
1871	3.857E-10	4.378E-10	4.969E-10	4.025E-10
1872	3.845E-10	4.365E-10	4.954E-10	4.044E-10
1873	3.834E-10	4.352E-10	4.939E-10	3.949E-10
1874	3.823E-10	4.339E-10	4.924E-10	4.021E-10
1875	3.811E-10	4.326E-10	4.910E-10	4.062E-10
1876	3.800E-10	4.313E-10	4.895E-10	3.991E-10
1877	3.789E-10	4.300E-10	4.880E-10	4.003E-10
1878	3.777E-10	4.287E-10	4.866E-10	4.011E-10
1879	3.766E-10	4.274E-10	4.851E-10	4.042E-10
1880	3.755E-10	4.262E-10	4.837E-10	4.075E-10
1881	3.744E-10	4.249E-10	4.823E-10	4.037E-10
1882	3.733E-10	4.236E-10	4.808E-10	3.928E-10
1883	3.721E-10	4.224E-10	4.794E-10	3.944E-10
1884	3.710E-10	4.211E-10	4.780E-10	3.865E-10
1885	3.699E-10	4.199E-10	4.766E-10	3.787E-10
1886	3.688E-10	4.186E-10	4.751E-10	3.774E-10
1887	3.677E-10	4.174E-10	4.737E-10	3.829E-10
1888	3.666E-10	4.161E-10	4.723E-10	3.879E-10
1889	3.655E-10	4.149E-10	4.709E-10	3.931E-10
1890	3.645E-10	4.137E-10	4.695E-10	3.979E-10
1891	3.634E-10	4.124E-10	4.681E-10	3.984E-10
1892	3.623E-10	4.112E-10	4.667E-10	3.988E-10
1893	3.612E-10	4.100E-10	4.653E-10	3.918E-10
1894	3.601E-10	4.088E-10	4.639E-10	3.910E-10
1895	3.591E-10	4.075E-10	4.626E-10	3.908E-10
1896	3.580E-10	4.063E-10	4.612E-10	3.896E-10
1897	3.569E-10	4.051E-10	4.598E-10	3.957E-10
1898	3.559E-10	4.039E-10	4.584E-10	3.962E-10
1899	3.548E-10	4.027E-10	4.571E-10	3.981E-10
1900	3.538E-10	4.015E-10	4.557E-10	4.017E-10
1901	3.527E-10	4.003E-10	4.543E-10	3.949E-10
1902	3.516E-10	3.991E-10	4.529E-10	3.893E-10
1903	3.505E-10	3.978E-10	4.515E-10	3.904E-10
1904	3.494E-10	3.966E-10	4.502E-10	3.836E-10
1905	3.484E-10	3.954E-10	4.488E-10	3.871E-10
1906	3.473E-10	3.942E-10	4.474E-10	3.894E-10
1907	3.462E-10	3.930E-10	4.460E-10	3.822E-10
1908	3.452E-10	3.918E-10	4.447E-10	3.755E-10
1909	3.441E-10	3.906E-10	4.433E-10	3.727E-10
1910	3.430E-10	3.894E-10	4.419E-10	3.728E-10
1911	3.420E-10	3.882E-10	4.406E-10	3.666E-10
1912	3.409E-10	3.870E-10	4.392E-10	3.664E-10
1913	3.399E-10	3.858E-10	4.379E-10	3.721E-10
1914	3.389E-10	3.846E-10	4.365E-10	3.670E-10
1915	3.378E-10	3.834E-10	4.352E-10	3.708E-10
1916	3.368E-10	3.822E-10	4.338E-10	3.719E-10
1917	3.357E-10	3.811E-10	4.325E-10	3.736E-10
1918	3.347E-10	3.799E-10	4.312E-10	3.745E-10
1919	3.337E-10	3.787E-10	4.299E-10	3.739E-10
1920	3.327E-10	3.776E-10	4.285E-10	3.698E-10
1921	3.316E-10	3.764E-10	4.272E-10	3.624E-10
1922	3.306E-10	3.753E-10	4.259E-10	3.592E-10
1923	3.296E-10	3.741E-10	4.246E-10	3.524E-10
1924	3.286E-10	3.730E-10	4.233E-10	3.498E-10
1925	3.276E-10	3.718E-10	4.220E-10	3.475E-10
1926	3.266E-10	3.707E-10	4.207E-10	3.490E-10
1927	3.256E-10	3.695E-10	4.194E-10	3.444E-10
1928	3.246E-10	3.684E-10	4.181E-10	3.434E-10
1929	3.236E-10	3.673E-10	4.168E-10	3.452E-10
1930	3.226E-10	3.661E-10	4.156E-10	3.499E-10
1931	3.216E-10	3.650E-10	4.143E-10	3.516E-10
1932	3.206E-10	3.639E-10	4.130E-10	3.544E-10
1933	3.196E-10	3.628E-10	4.118E-10	3.500E-10
1934	3.186E-10	3.617E-10	4.105E-10	3.476E-10
1935	3.177E-10	3.606E-10	4.092E-10	3.488E-10
1936	3.167E-10	3.594E-10	4.080E-10	3.488E-10
1937	3.157E-10	3.583E-10	4.067E-10	3.500E-10
1938	3.148E-10	3.572E-10	4.055E-10	3.486E-10
1939	3.138E-10	3.561E-10	4.042E-10	3.398E-10
1940	3.128E-10	3.551E-10	4.030E-10	3.347E-10
1941	3.119E-10	3.540E-10	4.017E-10	3.337E-10
1942	3.109E-10	3.529E-10	4.005E-10	3.366E-10
1943	3.099E-10	3.518E-10	3.993E-10	3.398E-10
1944	3.090E-10	3.507E-10	3.981E-10	3.347E-10
1945	3.080E-10	3.496E-10	3.968E-10	3.313E-10
1946	3.071E-10	3.486E-10	3.956E-10	3.294E-10
1947	3.062E-10	3.475E-10	3.944E-10	3.262E-10
1948	3.052E-10	3.464E-10	3.932E-10	3.316E-10
1949	3.043E-10	3.454E-10	3.920E-10	3.270E-10
1950	3.034E-10	3.443E-10	3.908E-10	3.315E-10
1951	3.024E-10	3.432E-10	3.896E-10	3.257E-10
1952	3.015E-10	3.422E-10	3.884E-10	3.237E-10
1953	3.006E-10	3.411E-10	3.872E-10	3.240E-10
1954	2.996E-10	3.401E-10	3.860E-10	3.237E-10
1955	2.987E-10	3.391E-10	3.848E-10	3.201E-10
1956	2.978E-10	3.380E-10	3.836E-10	3.216E-10
1957	2.969E-10	3.370E-10	3.825E-10	3.306E-10
1958	2.960E-10	3.359E-10	3.813E-10	3.316E-10
1959	2.951E-10	3.349E-10	3.801E-10	3.290E-10
1960	2.942E-10	3.339E-10	3.790E-10	3.269E-10
1961	2.933E-10	3.329E-10	3.778E-10	3.271E-10
1962	2.924E-10	3.318E-10	3.766E-10	3.265E-10
1963	2.915E-10	3.308E-10	3.755E-10	3.232E-10
1964	2.906E-10	3.298E-10	3.743E-10	3.305E-10
1965	2.897E-10	3.288E-10	3.732E-10	3.313E-10
1966	2.888E-10	3.278E-10	3.720E-10	3.299E-10
1967	2.879E-10	3.268E-10	3.709E-10	3.291E-10
1968	2.870E-10	3.258E-10	3.697E-10	3.273E-10
1969	2.861E-10	3.248E-10	3.686E-10	3.325E-10
1970	2.853E-10	3.238E-10	3.675E-10	3.393E-10
1971	2.844E-10	3.228E-10	3.664E-10	3.411E-10
1972	2.835E-10	3.218E-10	3.652E-10	3.355E-10
1973	2.826E-10	3.208E-10	3.641E-10	3.408E-10
1974	2.818E-10	3.198E-10	3.630E-10	3.362E-10
1975	2.809E-10	3.188E-10	3.619E-10	3.484E-10
1976	2.800E-10	3.179E-10	3.608E-10	3.409E-10
1977	2.792E-10	3.169E-10	3.597E-10	3.302E-10
1978	2.783E-10	3.159E-10	3.586E-10	3.280E-10
1979	2.775E-10	3.149E-10	3.575E-10	3.301E-10
1980	2.766E-10	3.140E-10	3.564E-10	3.264E-10
1981	2.758E-10	3.130E-10	3.553E-10	3.176E-10
1982	2.749E-10	3.120E-10	3.542E-10	3.202E-10
1983	2.741E-10	3.111E-10	3.531E-10	3.233E-10
1984	2.732E-10	3.101E-10	3.520E-10	3.169E-10
1985	2.724E-10	3.092E-10	3.509E-10	3.211E-10
1986	2.716E-10	3.082E-10	3.498E-10	3.229E-10
1987	2.707E-10	3.073E-10	3.488E-10	3.199E-10
1988	2.699E-10	3.063E-10	3.477E-10	3.255E-10
1989	2.691E-10	3.054E-10	3.466E-10	3.210E-10
1990	2.683E-10	3.045E-10	3.456E-10	3.276E-10
1991	2.674E-10	3.035E-10	3.445E-10	3.162E-10
1992	2.666E-10	3.026E-10	3.435E-10	3.174E-10
1993	2.658E-10	3.017E-10	3.424E-10	3.187E-10
1994	2.650E-10	3.007E-10	3.413E-10	3.243E-10
1995	2.642E-10	2.998E-10	3.403E-10	3.231E-10
1996	2.634E-10	2.989E-10	3.393E-10	3.213E-10
1997	2.625E-10	2.980E-10	3.382E-10	3.155E-10
1998	2.617E-10	2.971E-10	3.372E-10	3.172E-10
1999	2.609E-10	2.962E-10	3.361E-10	3.141E-10
2000	2.601E-10	2.953E-10	3.351E-10	3.188E-10
