1.000403470978712107e+03 1.015788220318732215e+03 1.029850366880227739e+03 1.042266303141171193e+03 1.052755374229680911e+03 1.061194841875479824e+03 1.067424766254069255e+03 1.071400606312955688e+03 1.073296079721037131e+03 1.073115580604038314e+03 1.071008651474226781e+03
1.218543198718069107e+03 1.245901119574018139e+03 1.272244940690432259e+03 1.296951207726456460e+03 1.319484282009205117e+03 1.339298242982988086e+03 1.356118586722212058e+03 1.369618110469028807e+03 1.379720716774781977e+03 1.386634406709013774e+03 1.390456180701050926e+03
1.777285400786492801e+03 1.837983406868068414e+03 1.899017116439625170e+03 1.959481113651280339e+03 2.017894744766125768e+03 2.072602617374092461e+03 2.122752518432083434e+03 2.167180920670726664e+03 2.205329575415082672e+03 2.237128546177103090e+03 2.264629175841386768e+03
2.601073042707276727e+03 2.716021309029531494e+03 2.833320792171513403e+03 2.951154210443923603e+03 3.067581421261390460e+03 3.181058326058033799e+03 3.287466443315655852e+03 3.385217376646952744e+03 3.474476593608110306e+03 3.553352538814768195e+03 3.622104116393597451e+03
3.675532392222165527e+03 3.867732926786547978e+03 4.064651610893421093e+03 4.263365329529882729e+03 4.459698379398022553e+03 4.649365337774609543e+03 4.830034567340340800e+03 5.007079926197387067e+03 5.168037842440463464e+03 5.320209263089540400e+03 5.459663203870348298e+03
4.998811865178089647e+03 5.293104487135497038e+03 5.594202065299439710e+03 5.897493075228599992e+03 6.197327498483702584e+03 6.489162525367932176e+03 6.760836268935197950e+03 7.008293685387292498e+03 7.236541227235522456e+03 7.432487157975622722e+03 7.747868742989558996e+03
6.570680467349542596e+03 6.993079194645889402e+03 7.424508023707228858e+03 7.856775864691048810e+03 8.282687268996873172e+03 8.695643168242151660e+03 9.097173082297915244e+03 9.463854305501386989e+03 9.813209992536505524e+03 1.013911662429764874e+04 1.043892927292897002e+04
8.391004214979417156e+03 8.968864698784323991e+03 9.557665078207270199e+03 1.014477000282524386e+04 1.071983920973008571e+04 1.127750643257580123e+04 1.180830383174361305e+04 1.231347772306716070e+04 1.278110268605105193e+04 1.321733762958563238e+04 1.362831816035892007e+04
1.045963179166876398e+04 1.122110100711685482e+04 1.199470388880275641e+04 1.276279572128454311e+04 1.351072730777655124e+04 1.423363795434456188e+04 1.492060366339766369e+04 1.557123341255172636e+04 1.618444982137300030e+04 1.676065310427233999e+04 1.730219061914460326e+04
1.277620133017626540e+04 1.375036278443931769e+04 1.473687557891870711e+04 1.571134259280040351e+04 1.665752627362713974e+04 1.756624450055157649e+04 1.843237610337293518e+04 1.925311975287616951e+04 2.002798028935063485e+04 2.075871760463474857e+04 2.144836051946134467e+04
1.534027940266676524e+04 1.655691205797234215e+04 1.778496011524044297e+04 1.899273143152289413e+04 2.016067216050400020e+04 2.127931300169049791e+04 2.234451552423693283e+04 2.335445164124818257e+04 2.430965275268840560e+04 2.521287421810530213e+04 2.606811983573765974e+04
1.815211261145622120e+04 1.964099673902094582e+04 2.113978296340852830e+04 2.260743359152185440e+04 2.402135158312520070e+04 2.537224198685117517e+04 2.665725677313228152e+04 2.787606057683409017e+04 2.903046783411029537e+04 3.012434089405362101e+04 3.116254845338439554e+04
2.121086407012845666e+04 2.300319600926149360e+04 2.480198551026486530e+04 2.655606192215251212e+04 2.824019918744334427e+04 2.984574524184854090e+04 3.137147052612491098e+04 3.281880643791775947e+04 3.419125401016665273e+04 3.549379790783713543e+04 3.673248316567131405e+04
2.451626627913895936e+04 2.664351383739900120e+04 2.877137881826597732e+04 3.083832983634046468e+04 3.284869492422344047e+04 3.498793565169865178e+04 3.671238925987826951e+04 3.823224375988291285e+04 3.979043056978438108e+04 4.130208781325849122e+04 4.190075169459732570e+04
2.806848911465459605e+04 3.056163479062491388e+04 3.304917001906508813e+04 3.545876693846208946e+04 3.782409530253690173e+04 4.017205368988655391e+04 4.180778297409871448e+04 4.332563046548404236e+04 4.466160961063636933e+04 4.591049799206016905e+04 4.697527599663088040e+04
3.186659322892859564e+04 3.475816026584608335e+04 3.763502403779509041e+04 4.041253104587377311e+04 4.314252193773024919e+04 4.571556150806044752e+04 4.763900665324566216e+04 4.940435155686697544e+04 5.095100438123190543e+04 5.238847479321852734e+04 5.362541962642311410e+04
3.591056739383286185e+04 3.923298538031692442e+04 4.252945674107332889e+04 4.570022826060157968e+04 4.882755714473883563e+04 5.164745033987050556e+04 5.387376553085264459e+04 5.589913074582128320e+04 5.770845473231824144e+04 5.931108516291173873e+04 6.073747120164994703e+04
