-2.463675636427433346e+01 -2.481036047915404197e+01 -2.499655434357191552e+01 -2.519621588579684612e+01 -2.541016704905996448e+01 -2.563941654508380452e+01 -2.588494722104951506e+01 -2.614770576517912559e+01 -2.642879658846140956e+01 -2.672950726133058197e+01 -2.705092738927487517e+01
-2.669812966781319119e+01 -2.691584308104938827e+01 -2.715219695795531152e+01 -2.740870219974021893e+01 -2.768674823525361717e+01 -2.798797981483949115e+01 -2.831399182963650674e+01 -2.866647360906426911e+01 -2.904725875030635507e+01 -2.945823273563655675e+01 -2.990143192491450463e+01
-3.005744782830151962e+01 -3.037663903467546334e+01 -3.073235888044291642e+01 -3.112804158410654054e+01 -3.156733462510237587e+01 -3.205372835032903822e+01 -3.259100132722596754e+01 -3.318287342441180954e+01 -3.383325498502017581e+01 -3.454614381284773117e+01 -3.532588192832918139e+01
-3.247271096645272337e+01 -3.290881866879135487e+01 -3.340850886903353967e+01 -3.397897136929168482e+01 -3.462718546247560880e+01 -3.535992232092758059e+01 -3.618379892267330433e+01 -3.710514499891360174e+01 -3.813049685171063174e+01 -3.926597493398003280e+01 -4.051756176607523230e+01
-3.397568937313553761e+01 -3.452514758546749363e+01 -3.517090728650873643e+01 -3.592499756890902063e+01 -3.679854571788746398e+01 -3.780181073458516039e+01 -3.894380875071510673e+01 -4.023330350483229267e+01 -4.167725603967119241e+01 -4.328225871788163204e+01 -4.505270532554641250e+01
-3.492508743743746891e+01 -3.557878955831620260e+01 -3.636433859833414317e+01 -3.729935207868402358e+01 -3.839905073573754635e+01 -3.967654622227564687e+01 -4.114254248020733939e+01 -4.280561144367311499e+01 -4.467150577143547707e+01 -4.674352606255342835e+01 -4.902074292710676673e+01
-3.555499188505928032e+01 -3.630327306061371928e+01 -3.722017833474455983e+01 -3.832888446997094434e+01 -3.964856877542842994e+01 -4.119402964568143943e+01 -4.297599826263103751e+01 -4.500098042179888580e+01 -4.727101134537224425e+01 -4.978291397076100111e+01 -5.252731459870847175e+01
-3.599463835445931181e+01 -3.682885634406920872e+01 -3.786840166761976434e+01 -3.914230241360201035e+01 -4.067276551509348792e+01 -4.247529682199092349e+01 -4.455911562454275554e+01 -4.692671113814503769e+01 -4.957422563986256137e+01 -5.248961205181331025e+01 -5.565327987890123040e+01
-3.631558613623565179e+01 -3.722803318691876484e+01 -3.838224893171718577e+01 -3.981265608936882927e+01 -4.154381790299885324e+01 -4.359073359471949516e+01 -4.595971645453755627e+01 -4.864808411304329638e+01 -5.164396438368203235e+01 -5.492557787133046077e+01 -5.846178014019460534e+01
-3.655886577897763345e+01 -3.754302391446617548e+01 -3.880464025556648267e+01 -4.038315249895458692e+01 -4.230485754388791975e+01 -4.458345835615546093e+01 -4.722071737322403351e+01 -5.020756585914932657e+01 -5.352319324225391028e+01 -5.713591446696227649e+01 -6.100261469369797851e+01
-3.674917869435375906e+01 -3.779942252084219945e+01 -3.916196839148688014e+01 -4.088095280475317850e+01 -4.298356041884835577e+01 -4.548122520930701285e+01 -4.837035978071071440e+01 -5.163480400604748866e+01 -5.524381474525580416e+01 -5.915563508122431813e+01 -6.331557625186906080e+01
-3.690198817374766804e+01 -3.801357583180652000e+01 -3.947127116479168762e+01 -4.132355764264502795e+01 -4.359808749019066454e+01 -4.630280843912260025e+01 -4.942851210042863386e+01 -5.295065323729795637e+01 -5.682990442405207432e+01 -6.101192808387713740e+01 -6.543381113942086813e+01
-3.702747389511569054e+01 -3.819618157834702288e+01 -3.974388216461375123e+01 -4.172301524228532799e+01 -4.416087182372211828e+01 -4.706145559877040796e+01 -5.040979999912087806e+01 -5.417207591540136491e+01 -5.829922387682381668e+01 -6.272774970145837869e+01 -6.738416891125962138e+01
-3.713245945089147426e+01 -3.835468258999389946e+01 -3.998774247135224869e+01 -4.208777020228444599e+01 -4.468121357511699898e+01 -4.776767640337857301e+01 -5.132509664288227214e+01 -5.531174877790544997e+01 -5.966797119714101427e+01 -6.432049456876848126e+01 -6.918849595578285516e+01
-3.722173579487935058e+01 -3.849422946893173503e+01 -4.020848396580549888e+01 -4.242400708183049574e+01 -4.516561239291331731e+01 -4.842877532087732106e+01 -5.218333109025843441e+01 -5.637930324843546259e+01 -6.094737742727011209e+01 -6.580579085978024523e+01 -7.086524683654351975e+01
-3.729869333928581909e+01 -3.861864773932029493e+01 -4.041038189265964320e+01 -4.273632819262638805e+01 -4.561972877701555262e+01 -4.905042648098242353e+01 -5.299149849950117641e+01 -5.738365404100841261e+01 -6.214864943143402343e+01 -6.719586836024973309e+01 -7.242921676837431733e+01
-3.736583724102092674e+01 -3.873070040084348875e+01 -4.059651669440063415e+01 -4.302826082360843429e+01 -4.604719728589043370e+01 -4.963766685819791746e+01 -5.375514424579887418e+01 -5.833165858390930225e+01 -6.327990999951362028e+01 -6.850173337628802983e+01 -7.389406051774494699e+01
