0.000000000000000000e+00 3.354896717610245105e-01 6.726118195983872283e-01 1.013024057869188255e+00 1.358304833269357914e+00 1.710154192591289757e+00 2.070232637193839764e+00 2.440137009172758553e+00 2.821539621178089874e+00 3.216343126394349383e+00 3.626163928674941417e+00
0.000000000000000000e+00 4.181858006668335292e-01 8.391198190183786210e-01 1.265650273166102124e+00 1.700373686468083179e+00 2.146170485902985092e+00 2.605721174182690447e+00 3.081805264831928071e+00 3.577250144302524859e+00 4.094809127789631020e+00 4.637365808041067794e+00
0.000000000000000000e+00 6.053276749116776045e-01 1.217532565548026469e+00 1.843269892633543350e+00 2.489308159310894553e+00 3.162048130143375602e+00 3.867784435002249666e+00 4.612612566579628037e+00 5.402517324928339804e+00 6.243277627276256680e+00 7.140712827123934403e+00
0.000000000000000000e+00 8.159080153054674156e-01 1.646246314721793169e+00 2.505141114172147354e+00 3.405929537701013032e+00 4.361127143525663996e+00 5.382307498799491441e+00 6.479964870111871278e+00 7.664084039541194215e+00 8.943567374673875747e+00 1.032671608378586825e+01
0.000000000000000000e+00 1.015162947245698888e+00 2.055518566070531961e+00 3.145152994064119412e+00 4.306130956018023426e+00 5.557905868532543536e+00 6.917057408812979702e+00 8.398409850964526413e+00 1.001366398389654933e+01 1.177306461069019861e+01 1.368387035154228215e+01
0.000000000000000000e+00 1.194546352955512702e+00 2.427414168418181362e+00 3.734518192821269622e+00 5.147010401120496681e+00 6.691037028296705103e+00 8.387514819773059571e+00 1.025258949513226980e+01 1.229782193439677940e+01 1.453084625337578473e+01 1.695395595989248250e+01
0.000000000000000000e+00 1.354241106408153428e+00 2.761732762377505424e+00 4.270752169464685721e+00 5.921854967822582694e+00 7.746525522754382109e+00 9.767941037498530932e+00 1.200167776471789693e+01 1.445633692240153323e+01 1.713353696136982762e+01 2.002742815035526291e+01
0.000000000000000000e+00 1.496784578910592245e+00 3.062659795454237610e+00 4.759051525565155316e+00 6.634843368283327436e+00 8.725698096313863061e+00 1.105530040082885535e+01 1.363628904576762579e+01 1.647202000633478747e+01 1.955559865777104278e+01 2.287118248666592990e+01
0.000000000000000000e+00 1.624807823722221656e+00 3.335280703857279150e+00 5.205785680838744156e+00 7.292865928659011843e+00 9.634864174116955837e+00 1.225418559939498664e+01 1.515926273855075124e+01 1.834587775832915213e+01 2.179770911191371852e+01 2.548751099468063330e+01
0.000000000000000000e+00 1.740611542980332160e+00 3.583876206426793942e+00 5.616788190232909983e+00 7.902664910216117278e+00 1.048137103420958738e+01 1.337236870403285138e+01 1.657834505350911058e+01 2.008655215205726563e+01 2.387094871395311202e+01 2.789244708783735405e+01
0.000000000000000000e+00 1.846137783995800419e+00 3.812138041434081970e+00 5.997276685011456721e+00 8.470573582282668212e+00 1.127224929304793477e+01 1.441764047502147150e+01 1.790301871857445803e+01 2.170602570914707030e+01 2.579060841626051115e+01 3.010625101398181869e+01
0.000000000000000000e+00 1.942944032340164995e+00 4.023023944770102389e+00 6.351268225487729069e+00 9.001753525073581841e+00 1.201355604648415465e+01 1.539749224866318400e+01 1.914196935535801458e+01 2.321621119308838388e+01 2.757181938578287372e+01 3.215012859397393186e+01
0.000000000000000000e+00 2.032287506670400035e+00 4.218956714961677790e+00 6.682323703647853108e+00 9.500426801048888592e+00 1.271054764224027167e+01 1.631868007363300421e+01 2.030436179499884020e+01 2.462732632194092730e+01 2.923008363084591110e+01 3.404340048587982892e+01
0.000000000000000000e+00 2.115268341491173487e+00 4.401963658183376538e+00 6.993279337195417611e+00 9.970497310794598889e+00 1.336848125217511551e+01 1.718693891778093530e+01 2.139787318322851206e+01 2.595055269473959925e+01 3.077781691854033852e+01 3.580312604549180833e+01
0.000000000000000000e+00 2.192597012541227741e+00 4.573549100659874966e+00 7.286430728338018525e+00 1.041479044390871422e+01 1.399110772569110850e+01 1.800771309685660526e+01 2.242866334172140341e+01 2.719370942696332349e+01 3.222727101128111826e+01 3.744436742225661874e+01
0.000000000000000000e+00 2.265057237702421844e+00 4.735193049495137529e+00 7.563773571870115120e+00 1.083644984144484624e+01 1.458165910566458479e+01 1.878561319075015490e+01 2.340331674227491021e+01 2.836570750248210970e+01 3.358840123345726170e+01 3.897966062373961904e+01
0.000000000000000000e+00 2.333172296566772275e+00 4.887949783304065932e+00 7.826959056950727245e+00 1.123731164191121934e+01 1.514343237906723516e+01 1.952448421418375801e+01 2.432701718797397916e+01 2.947301520100154448e+01 3.487058121783047682e+01 4.042104227076197276e+01
