8.104294783434838612e-02 8.616590946401879447e-02 9.252813764066430968e-02 1.002590804908537053e-01 1.094762554153962397e-01 1.202951641883822226e-01 1.328204078255459109e-01 1.471534233796049362e-01 1.633948283069316942e-01 1.816728942664536661e-01 2.020938949380763072e-01
1.221050734717016306e-01 1.311029061704628573e-01 1.421757427759030301e-01 1.555869922793276239e-01 1.715644946463586173e-01 1.903526401618253761e-01 2.121756500040902493e-01 2.372566731600712076e-01 2.658698872834975302e-01 2.982647773474907948e-01 3.347057322690124015e-01
2.594181978722802095e-01 2.841385554268749392e-01 3.144284282981414380e-01 3.510533396675088458e-01 3.948400847763733346e-01 4.465690618371858656e-01 5.071164478391618768e-01 5.772850470351406083e-01 6.580353294932848041e-01 7.502659308919708003e-01 8.550752452069608767e-01
5.160269250032865074e-01 5.766819950255567262e-01 6.512613664817662462e-01 7.418532462288561780e-01 8.506117835453134157e-01 9.798770441991457858e-01 1.131815866141150151e+00 1.308951379862371978e+00 1.513690933630428503e+00 1.748553392481386748e+00 2.016263927194132499e+00
9.072813876711931513e-01 1.032124232042846312e+00 1.186640052431145786e+00 1.375390921119843179e+00 1.603003450997452006e+00 1.874116052589521519e+00 2.193545104738093610e+00 2.566380672054902501e+00 2.997550275960362054e+00 3.491667813357273609e+00 4.053076088196426063e+00
1.442290133918087136e+00 1.665990466868889408e+00 1.945159519062841902e+00 2.287882994712503226e+00 2.701930803042886353e+00 3.195983192650932114e+00 3.778167030776867552e+00 4.456461504058560230e+00 5.238323059165701068e+00 6.130285700518886216e+00 7.136437663977130086e+00
2.126541021056805203e+00 2.489165412598946858e+00 2.945255776137748249e+00 3.507136688667876978e+00 4.187532233487594624e+00 4.998854731845782773e+00 5.952976011144819779e+00 7.061027230560384282e+00 8.332348764938283026e+00 9.772324144345398977e+00 1.138225747114035080e+01
2.963831104162037988e+00 3.510020489028193857e+00 4.201384675795893031e+00 5.056326715682518014e+00 6.092010340408336333e+00 7.325162822115302674e+00 8.771466831763632399e+00 1.044420801678990074e+01 1.235184429597711997e+01 1.449468641147575632e+01 1.686568784134008325e+01
3.956901473578791073e+00 4.734870399410092467e+00 5.725694229999402474e+00 6.954251970055360665e+00 8.442233522319209982e+00 1.021025891101677097e+01 1.227724255795041408e+01 1.465636580020841429e+01 1.735058283130976520e+01 2.035170598752233673e+01 2.363888328273436201e+01
5.108023056974484000e+00 6.169055568337069140e+00 7.528453578533162549e+00 9.217092558537318681e+00 1.126080605889336894e+01 1.368401440496916166e+01 1.650638500075901405e+01 1.973715849950949419e+01 2.337044874099617431e+01 2.738467129339980133e+01 3.173141193872089616e+01
6.419015392622362981e+00 7.817120370682271613e+00 9.618510486605924115e+00 1.185886860895096895e+01 1.456780994023248965e+01 1.777199908466174350e+01 2.148902503170723577e+01 2.571973898015462368e+01 3.044636548929568676e+01 3.561986522696696511e+01 4.116676242760168236e+01
7.890951769513164571e+00 9.683292606353976595e+00 1.200347723965789370e+01 1.489213681051613847e+01 1.838132346155505203e+01 2.249622743423309856e+01 2.725022253650843851e+01 3.263180773076447139e+01 3.860260785507839643e+01 4.507970460010650982e+01 5.195906685375686607e+01
9.525276463859135845e+00 1.177115494905574344e+01 1.469053910987806866e+01 1.832805840867322189e+01 2.271583437624696700e+01 2.787698937213540873e+01 3.381243782465214309e+01 4.049733176313512217e+01 4.785813338368663494e+01 5.578213056871384623e+01 6.411499271833548619e+01
1.132285161530596795e+01 1.408389225278825130e+01 1.768630718957447812e+01 2.217718609708996524e+01 2.758651159909093309e+01 3.393030930833041481e+01 4.119570871492655328e+01 4.933429131746846252e+01 5.823354643876533743e+01 6.773637904776535379e+01 7.763757857285644093e+01
1.328520883499702876e+01 1.662431332425532204e+01 2.099607853500719656e+01 2.644860888154114420e+01 3.300543700075235165e+01 4.067294753142962804e+01 4.941736231944637581e+01 5.915885503866523720e+01 6.974091687964303787e+01 8.095303483517162135e+01 9.252859779013679997e+01
1.541254797810777788e+01 1.939520603434804613e+01 2.462557462957271071e+01 3.115092712562094945e+01 3.898584010601102534e+01 4.811734804545837108e+01 5.849375486248376887e+01 6.998557925997612017e+01 8.239311358249351258e+01 9.543698333364790187e+01 1.087921274977915402e+02
1.770595494326305186e+01 2.239882526825692111e+01 2.857964331976056016e+01 3.629179340105854124e+01 4.553566863380991236e+01 5.627691333852486366e+01 6.843589439618413905e+01 8.182889914989242186e+01 9.620013775292464686e+01 1.111903552590453756e+02 1.264190348138067463e+02
