7.059302659183233977e-04 7.468293238953855164e-04 7.903213676138163115e-04 8.364828492449837352e-04 8.853959113730101296e-04 9.372160888088070354e-04 9.920691113348427577e-04 1.050083436977901612e-03 1.111380966824776842e-03 1.176243997647342552e-03 1.244757549210350357e-03
1.063604783503712108e-03 1.136313599949790925e-03 1.214382244550654645e-03 1.298095394153769280e-03 1.387538343545679544e-03 1.483031825182260953e-03 1.584793421376360376e-03 1.693058150303285983e-03 1.808397092126279261e-03 1.931119969664010783e-03 2.061554047110085528e-03
2.259680358398990195e-03 2.462725764307940532e-03 2.685664186112822135e-03 2.928912736525980057e-03 3.193293334528950374e-03 3.479206436450305029e-03 3.787780597781879258e-03 4.119492787760909228e-03 4.475832853921990311e-03 4.857608513445317751e-03 5.266667590034759816e-03
4.494888625388729353e-03 4.998299526188178417e-03 5.562694624102205651e-03 6.189439540927809194e-03 6.879374823874438889e-03 7.634193253518583785e-03 8.453818045733824810e-03 9.340646872054691671e-03 1.029584173944578414e-02 1.132103630966321828e-02 1.241878061355797778e-02
7.902937989997665946e-03 8.945772721339204786e-03 1.013558700105682275e-02 1.147517921460454969e-02 1.296438845158351047e-02 1.460118308688742282e-02 1.638414140083574791e-02 1.831363331421195437e-02 2.038877459171929002e-02 2.260685791253060420e-02 2.496412402686547932e-02
1.256316909707281236e-02 1.443970755635566247e-02 1.661441773855788090e-02 1.908829481366376007e-02 2.185203062298499491e-02 2.489981112644153519e-02 2.822008206465166300e-02 3.180120656024172654e-02 3.563009066052014867e-02 3.969063072514801560e-02 4.395548247227604871e-02
1.852338431160329563e-02 2.157444555182608942e-02 2.515665647577779510e-02 2.926078790734720075e-02 3.386692305289776272e-02 3.894593030329283889e-02 4.446427862901199124e-02 5.038732754272473580e-02 5.667507302558540822e-02 6.327106563839769715e-02 7.010677348070873394e-02
2.581665814741434042e-02 3.042254465815759715e-02 3.588577666765304514e-02 4.218601005655032987e-02 4.926950622281765779e-02 5.707012826616696816e-02 6.551629713650916620e-02 7.452962764237620885e-02 8.401492751010034010e-02 9.384607405589752427e-02 1.038808830398660898e-01
3.446686706369040537e-02 4.103873656205458270e-02 4.890553954479415211e-02 5.802080443785961883e-02 6.827707994903142730e-02 7.954782710403064672e-02 9.170181987474346208e-02 1.045874884839498309e-01 1.180154091891559287e-01 1.317674389807249324e-01 1.455990465723963623e-01
4.449379213472581807e-02 5.346930854479202411e-02 6.430365810787262715e-02 7.690016512592476317e-02 9.107245772590095989e-02 1.066117540663963220e-01 1.232903509870431763e-01 1.408439080610275340e-01 1.589614076897643558e-01 1.773024829403780089e-01 1.954433832349505018e-01
5.591328257592308865e-02 6.775364825323806905e-02 8.215570480520967278e-02 9.894106503143268450e-02 1.178180538766124830e-01 1.384611225631378340e-01 1.605069455490535923e-01 1.835354644572849137e-01 2.070904658636522899e-01 2.306213749684488667e-01 2.535585665465426297e-01
6.873468734611067055e-02 8.392839947107354204e-02 1.025266993377651620e-01 1.242482672853063991e-01 1.486600777194359846e-01 1.752674467931899516e-01 2.035387821650028461e-01 2.328598277209526779e-01 2.625676962023816841e-01 2.918692530643615113e-01 3.200316404211848709e-01
8.297058691425980570e-02 1.020246144531450766e-01 1.254780141084414768e-01 1.529148925339890996e-01 1.837156998459686663e-01 2.171888049149084676e-01 2.525536225489254938e-01 2.889880258957074899e-01 3.255220443726514756e-01 3.611622775227931181e-01 3.949036720192297123e-01
9.862849100805944069e-02 1.220698974152594624e-01 1.510661172105940420e-01 1.850289841469509866e-01 2.231075997822648538e-01 2.643500426353601607e-01 3.077011342210750344e-01 3.520483655611398310e-01 3.960936573902870128e-01 4.385602464198274930e-01 4.781933767004011293e-01
1.157217408335072667e-01 1.440885932430520100e-01 1.793362530083107698e-01 2.206663736340170046e-01 2.669334903962730099e-01 3.168817388705452709e-01 3.691107377501654518e-01 4.221562257945332686e-01 4.743646321739543592e-01 5.241316911952205171e-01 5.699116772053502977e-01
1.342520772430886578e-01 1.681048653643291424e-01 2.103372910746534041e-01 2.598988156592895726e-01 3.153003662787834949e-01 3.748808444901052250e-01 4.369046018988452795e-01 4.994154802544041871e-01 5.604225004049936398e-01 6.179082424653228323e-01 6.700836857987472195e-01
1.542289590327318161e-01 1.941382576380572267e-01 2.441106388859343446e-01 3.027901572575977251e-01 3.682725050928396526e-01 4.384517778850025027e-01 5.111649485838226648e-01 5.839291379703396290e-01 6.543352884075736009e-01 7.199036955832648355e-01 7.786531502922893200e-01
