1.060695582821689298e+00 1.089151757632235595e+00 1.118639776250088591e+00 1.149122030207712530e+00 1.180572859476611836e+00 1.213008243500804717e+00 1.246427074774660193e+00 1.280815977983270182e+00 1.316127572746857100e+00 1.352420773109513030e+00 1.389682300463596754e+00
1.479443137352351112e+00 1.524769621725094781e+00 1.572047589657808553e+00 1.621192456335439847e+00 1.672105451574808610e+00 1.724839792898735569e+00 1.779272222364618017e+00 1.835301235333401948e+00 1.893120131039425891e+00 1.952632608161899430e+00 2.013766380008733758e+00
2.928788627997070737e+00 3.039933571757204245e+00 3.157519804995533086e+00 3.280921927435113794e+00 3.409967238272500811e+00 3.544202004004185724e+00 3.683403896599072080e+00 3.827129820927043458e+00 3.975190285456594808e+00 4.127504232984777310e+00 4.283821733193723169e+00
5.933269654469512489e+00 6.201397433430834383e+00 6.488563125100858642e+00 6.793132316765705170e+00 7.113347968995879178e+00 7.447443998470770765e+00 7.793411061467364398e+00 8.150047292557418999e+00 8.515653089819023691e+00 8.889589548695132848e+00 9.270160836503389845e+00
1.118820275583559898e+01 1.176588209408372343e+01 1.239164123081897984e+01 1.306036203477313862e+01 1.376526789322539734e+01 1.449970133773653203e+01 1.525778706635469995e+01 1.603355846360427606e+01 1.682377983130079002e+01 1.762300018307783844e+01 1.842654228781758619e+01
1.945014418123378164e+01 2.056489722217467531e+01 2.178473938042224844e+01 2.309370971429202157e+01 2.447354087215732221e+01 2.590775269178503493e+01 2.737905729814510991e+01 2.887437123567901054e+01 3.037992357889548600e+01 3.188418132864295274e+01 3.337431509604103752e+01
3.150058662507723994e+01 3.346447131218412352e+01 3.562921926064352363e+01 3.796159658701703421e+01 4.041740455091291295e+01 4.295822834305293014e+01 4.554851088895126310e+01 4.815424351056659447e+01 5.075123850035748774e+01 5.330985132144964211e+01 5.580231332413524115e+01
4.812997196885697093e+01 5.134649026653097792e+01 5.491903136221667125e+01 5.877078882928748982e+01 6.281989400342297358e+01 6.698998265410774877e+01 7.120477431517504385e+01 7.541110273026900757e+01 7.955285172440596853e+01 8.357375374313481586e+01 8.742180076108942899e+01
7.013770818261151874e+01 7.510858640163013433e+01 8.066050485821423877e+01 8.665479220801925919e+01 9.294002969877439568e+01 9.937231423503277483e+01 1.058301916360194213e+02 1.122144756880293812e+02 1.184233109658719485e+02 1.243649273888915303e+02 1.299528984779898906e+02
9.832566366980984185e+01 1.056569600512318914e+02 1.138813687879332406e+02 1.227677502554059856e+02 1.320574438174338638e+02 1.415062290206016087e+02 1.509296749415397016e+02 1.601535848621741138e+02 1.690185059178199367e+02 1.773824712670616179e+02 1.851108072809831810e+02
1.335007217806720234e+02 1.439015600205882492e+02 1.556224772972532548e+02 1.682811200266927472e+02 1.814703026666643098e+02 1.948169344110650627e+02 2.080286092935138811e+02 2.208361356556018791e+02 2.330076633405819564e+02 2.443289438404788712e+02 2.546075289245371494e+02
1.764694936944401888e+02 1.907618179659889961e+02 2.069280375500817968e+02 2.243844531880601778e+02 2.425033530979381169e+02 2.607402940140320311e+02 2.786678064193366140e+02 2.958829341577960577e+02 3.120634978317277728e+02 3.269018115103331752e+02 3.401415665681922746e+02
2.280411910988058821e+02 2.471623352801371709e+02 2.688601189650775041e+02 2.922731682803172930e+02 3.164838225723705136e+02 3.407392519722505426e+02 3.644008788110697878e+02 3.869267300761817410e+02 4.078616445923638594e+02 4.267977773523031146e+02 4.434124010350346907e+02
2.890243538491964159e+02 3.140273912740281048e+02 3.424876378131572778e+02 3.731628513396365747e+02 4.047692466867069356e+02 4.362712231043659585e+02 4.667891996763497104e+02 4.956019303865355141e+02 5.220857960495152383e+02 5.457121551563353705e+02 5.660706480529343025e+02
3.602451870032187458e+02 3.922952012160804429e+02 4.288753351485635221e+02 4.682716112687968462e+02 5.087142870513783919e+02 5.488287403785210472e+02 5.874244625739063395e+02 6.235432267471135219e+02 6.564092981253384096e+02 6.853261235798754569e+02 7.098344611196628193e+02
4.425036596316125497e+02 4.829004344596301053e+02 5.291113102598998239e+02 5.788274167766768414e+02 6.296921862824577829e+02 6.798858938043085800e+02 7.278714382480179665e+02 7.724026557726001556e+02 8.125041268655087379e+02 8.473264931474914192e+02 8.763294212941665364e+02
5.366209542525842835e+02 5.867845628966357481e+02 6.442890750449622601e+02 7.060726171939735423e+02 7.690736364842018702e+02 8.309408176274421294e+02 8.897168901985633056e+02 9.438564878144580916e+02 9.920850138003933125e+02 1.033410354559249299e+03 1.067168754770539181e+03
