-2.463675636427433346e+01 -2.447487080739301746e+01 -2.432394252397352830e+01 -2.418319182792765787e+01 -2.405186221579060657e+01 -2.392926235249251476e+01 -2.381471458385567530e+01 -2.370756875600636704e+01 -2.360725696728331968e+01 -2.351316413493623259e+01 -2.342476346059993375e+01
-2.669812966781319119e+01 -2.649765728038255475e+01 -2.631307713893693290e+01 -2.614305192657411681e+01 -2.598637454878553399e+01 -2.584180932893650606e+01 -2.570827065545381629e+01 -2.558466834423234104e+01 -2.547000860600383021e+01 -2.536342360784692573e+01 -2.526406611687343684e+01
-3.005744782830151962e+01 -2.977131135976378573e+01 -2.951482631489488995e+01 -2.928477169147299719e+01 -2.907802646579148131e+01 -2.889168022018566262e+01 -2.872321689222371788e+01 -2.857026085783218150e+01 -2.843073766009183601e+01 -2.830286618557147449e+01 -2.818516910120524699e+01
-3.247271096645272337e+01 -3.209291065348588745e+01 -3.176226255431174650e+01 -3.147383025511953747e+01 -3.122125592477459577e+01 -3.099879517740191659e+01 -3.080149142387381289e+01 -3.062518012880173046e+01 -3.046641281216943753e+01 -3.032240755930615705e+01 -3.019084568228936405e+01
-3.397568937313553761e+01 -3.350998463822179474e+01 -3.311538872043820447e+01 -3.277984457484490122e+01 -3.249241476186944055e+01 -3.224390486605261685e+01 -3.202675134190212702e+01 -3.183489365386776626e+01 -3.166359205577464309e+01 -3.150919410719143343e+01 -3.136883497400413034e+01
-3.492508743743746891e+01 -3.438424320536068990e+01 -3.393692442991596181e+01 -3.356483388586275396e+01 -3.325204033461704967e+01 -3.298550919397894177e+01 -3.275502766043427982e+01 -3.255302194854084519e+01 -3.237368383703869767e+01 -3.221267980917764362e+01 -3.206678696721428423e+01
-3.555499188505928032e+01 -3.494903195420556585e+01 -3.445844557236705441e+01 -3.405813230050625862e+01 -3.372671380760584725e+01 -3.344750412292705732e+01 -3.320805722513250657e+01 -3.299930265708098887e+01 -3.281467442297071102e+01 -3.264937700939117349e+01 -3.249988644835320883e+01
-3.599463835445931181e+01 -3.533207176515861647e+01 -3.480574187216552673e+01 -3.438325088803685503e+01 -3.403792214681016048e+01 -3.374959872567706043e+01 -3.350381522371390020e+01 -3.329042209237741190e+01 -3.310220563352777390e+01 -3.293401339404226746e+01 -3.278209739223530050e+01
-3.631558613623565179e+01 -3.560322536319654319e+01 -3.504696822785990662e+01 -3.460687040853008511e+01 -3.425095197433984140e+01 -3.395586942060253932e+01 -3.370553085514256964e+01 -3.348882137449254515e+01 -3.329808662535288022e+01 -3.312786875941674225e+01 -3.297426914551397203e+01
-3.655886577897763345e+01 -3.580241237148584332e+01 -3.522076404913968872e+01 -3.476636430872167693e+01 -3.440219263367180247e+01 -3.410208732194587355e+01 -3.384834866919118213e+01 -3.362922080564021599e+01 -3.343664109019664465e+01 -3.326496575300916447e+01 -3.311016760586062446e+01
-3.674917869435375906e+01 -3.595328473684639903e+01 -3.534983035005279817e+01 -3.488367611974172178e+01 -3.451298683656568755e+01 -3.420897591625907808e+01 -3.395271930568924290e+01 -3.373178528747303062e+01 -3.353778903610873385e+01 -3.336502666496380698e+01 -3.320932523788724211e+01
-3.690198817374766804e+01 -3.607063179946635501e+01 -3.544824722002158524e+01 -3.497228941715729889e+01 -3.459633396511708270e+01 -3.428925239263844560e+01 -3.403101985176544986e+01 -3.380868388193994178e+01 -3.361369323096369044e+01 -3.344010869809426367e+01 -3.328368254544693627e+01
-3.702747389511569054e+01 -3.616389407167662284e+01 -3.552492544965207344e+01 -3.504069153863747488e+01 -3.466044502267322969e+01 -3.435090795653013629e+01 -3.409111992548787384e+01 -3.386771412040252471e+01 -3.367189755488288938e+01 -3.349766607061246759e+01 -3.334076842537979246e+01
-3.713245945089147426e+01 -3.623941424850272597e+01 -3.558577881316887215e+01 -3.509449086508902838e+01 -3.471071626432240009e+01 -3.439919515120345750e+01 -3.413815772510133684e+01 -3.391387559467693791e+01 -3.371741850240141503e+01 -3.354267765022814274e+01 -3.338536991029104684e+01
-3.722173579487935058e+01 -3.630163245639050729e+01 -3.563493486514562392e+01 -3.513757635349247721e+01 -3.475082194900460308e+01 -3.443766759518621257e+01 -3.417561799340182915e+01 -3.395063990671405918e+01 -3.375366800030678860e+01 -3.357851984849912697e+01 -3.342087941428690101e+01
-3.729869333928581909e+01 -3.635359050161787309e+01 -3.567518884316450567e+01 -3.517255462075627293e+01 -3.478327893557070638e+01 -3.446876737531783874e+01 -3.420588530875102151e+01 -3.398033729873350239e+01 -3.378294192895191372e+01 -3.360746712679247139e+01 -3.344955614463469828e+01
-3.736583724102092674e+01 -3.639752810427671648e+01 -3.570856691109656822e+01 -3.520130176665770705e+01 -3.480988564397921436e+01 -3.449423447913068230e+01 -3.423066003161511617e+01 -3.400464139593532309e+01 -3.380689479851207579e+01 -3.363115215845755301e+01 -3.347301824698297423e+01
