6.845609900001337955e+00
6.644623467408687034e+00
6.544512623065529944e+00
8.501943792940515721e+00
7.328711991345617349e+00
5.861297525244007822e+00
6.485587491934621696e+00
7.514227031887871000e+00
6.594893243578868081e+00
7.888394550276445649e+00
7.210010116152846038e+00
7.645760813292195479e+00
4.657440404569636705e+00
7.190987815272664285e+00
6.282988564783945407e+00
8.778107538780799857e+00
8.126650358874790925e+00
7.690393119486794937e+00
7.319747901681933122e+00
5.743018931152862550e+00
7.415277901537577598e+00
6.390569472255145378e+00
8.582164712432089004e+00
5.942907574587830588e+00
6.751744403847520282e+00
8.021048615851141150e+00
7.074523101662324009e+00
8.100701147806395497e+00
8.858297630466957173e+00
6.124452811343739533e+00
7.097209781082262303e+00
7.623441495352832220e+00
5.985364548044612931e+00
8.890185252222618573e+00
8.098400422008793953e+00
6.593943922095414578e+00
5.401495651473322113e+00
7.334252749003926652e+00
6.692549555463065403e+00
4.709574607964541748e+00
6.356280874633051248e+00
8.741915788150361522e+00
7.240091024748445570e+00
6.754333224348371800e+00
6.911646764068415827e+00
8.394579500712740838e+00
7.521454345538112207e+00
6.172959103012063409e+00
5.976870760994930087e+00
7.657489639374655432e+00
6.918956304591562301e+00
8.237774105665879532e+00
7.018083394171028999e+00
7.959121385951877237e+00
6.906106719858647658e+00
8.245898162416100519e+00
6.875282287058647412e+00
6.447551574198273627e+00
5.645075822931473475e+00
6.473085573706518936e+00
7.139595031147823789e+00
5.469772918908845760e+00
7.551512583221335895e+00
6.013516870234621337e+00
6.257098549456207692e+00
8.470708259087675884e+00
5.950979607036745556e+00
6.030965600821152961e+00
7.000482198345149953e+00
8.765173561921651313e+00
7.070298565155025194e+00
7.416066121847567416e+00
7.109551742148758180e+00
6.474553765131732419e+00
6.043264728212279557e+00
6.787734266995499866e+00
7.701724410099388685e+00
7.456214518333442065e+00
5.372582003785583815e+00
7.431117414446847036e+00
7.453256709677011926e+00
7.133589241147144655e+00
6.654801568744273865e+00
7.542764939548283643e+00
8.764775349712724761e+00
5.912535218594083375e+00
7.673032141386120664e+00
7.496292099006161003e+00
6.619161181954337891e+00
7.402561355053750347e+00
6.094366657843933055e+00
6.945490623085913917e+00
6.054327496390072838e+00
7.558738603122019839e+00
6.151763374628565373e+00
6.976906828319035192e+00
8.342722449223099801e+00
5.884764580455180472e+00
7.107950522759516332e+00
7.875326505524388843e+00
7.100236724960243606e+00
4.571452046193774876e+00
7.235838094455406377e+00
6.641640415786471685e+00
6.009435306188528614e+00
6.014342648624930732e+00
7.792524172721326359e+00
6.491038554806354277e+00
8.266218510795853902e+00
6.534771983279599183e+00
9.118657395884380179e+00
7.041554855121333389e+00
5.907615697660958176e+00
5.846407007573958481e+00
8.450457455726958500e+00
9.110660101548548440e+00
7.684003099564025163e+00
6.696200536683702076e+00
7.588065359002921006e+00
6.421222686150253267e+00
7.751980314084769397e+00
7.606825711030094084e+00
9.346920670780571427e+00
7.015524688521109553e+00
6.597706180615424465e+00
7.751461888257675348e+00
7.751448185620615661e+00
7.206975948251602482e+00
7.060382024484110453e+00
7.810790718250262721e+00
6.992453368066479769e+00
6.376372170289166696e+00
6.012498191533381053e+00
6.299414497006567970e+00
6.250848268025565702e+00
5.679676512070699346e+00
7.458007268549700086e+00
6.508639887407718483e+00
6.627749848981267178e+00
4.772697562218794154e+00
6.259999432127725250e+00
6.030398865515105733e+00
5.284247740156602369e+00
6.189204629861741580e+00
7.229522815892543086e+00
7.595406404831836156e+00
6.376275387234915826e+00
7.139101720737111023e+00
8.885912793657286812e+00
7.144484895080355003e+00
7.125947109878614683e+00
7.818858428270922367e+00
7.848423375042583139e+00
6.006329256228689850e+00
7.477319575311459410e+00
7.478323605711880262e+00
6.558117874820423410e+00
6.538255492960448834e+00
6.618675804552243136e+00
6.625839503354773896e+00
7.581449376595816858e+00
7.573321636500751630e+00
6.386753402933750934e+00
7.240552145997364519e+00
7.993797680165494413e+00
7.804609204299054248e+00
8.087499147082192863e+00
4.838338960580902182e+00
7.038198125467333810e+00
6.171420981050481203e+00
7.383992143062718227e+00
7.630365940581933515e+00
6.382850249784725705e+00
5.094138809195741580e+00
6.134003080151694043e+00
5.958473847922520328e+00
7.030225265835730042e+00
6.033593769020530573e+00
5.842796931192390630e+00
6.288668761604192525e+00
7.112583988243432742e+00
7.581206557944507374e+00
7.699498547361369738e+00
6.537013440857140978e+00
5.979871063244417861e+00
7.411064807132880183e+00
7.410617938741975941e+00
7.382224617652600962e+00
6.480320397849063774e+00
8.137962595645054975e+00
6.005729478411672595e+00
5.570612129190227968e+00
7.340208692891325271e+00
8.400477058882430015e+00
6.008681902989581936e+00
7.729408764913089591e+00
7.214171077955547240e+00
6.176735224825673498e+00
6.911633146803020544e+00
6.816275615255734444e+00
8.575082340258900260e+00
6.509965202388255712e+00
7.886587845413929543e+00
7.987241411782455280e+00
8.547230128188029852e+00
5.367484167543506324e+00
6.650580034415572328e+00
7.227266070914232010e+00
5.517893069145792140e+00
5.923416921580096250e+00
7.504517061691243995e+00
7.328362975105203070e+00
8.134182906811245672e+00
6.234694206237286096e+00
7.945672825849241505e+00
6.465201640401147642e+00
6.646501251706778746e+00
6.138370365267188156e+00
6.873951673825845710e+00
4.976024173610019474e+00
8.125012475606718354e+00
6.963700809827677141e+00
6.574806349972326380e+00
7.856680667437899501e+00
7.066556005338296309e+00
5.520875243583428293e+00
6.992346759132226808e+00
6.198482349078197728e+00
6.035698270208134097e+00
8.157387360917951469e+00
6.552743912711419760e+00
5.962457531546976774e+00
6.379564280609517191e+00
8.824801936339882857e+00
7.840746513053992395e+00
8.398552245207348221e+00
8.410778592904506468e+00
8.649049942960113313e+00
6.655910449871960566e+00
6.620645109814861762e+00
7.679650164012230107e+00
6.752478059395408572e+00
9.011852408000887493e+00
7.634407452811660555e+00
7.740858132821419879e+00
7.025170998843580428e+00
6.816827215476485513e+00
6.418516782018706124e+00
8.280735643709592253e+00
8.981890050909534295e+00
7.991750049478592466e+00
6.185108470020442617e+00
7.414576591296810903e+00
6.606620856897664318e+00
7.125272385438373490e+00
7.258184200786990559e+00
6.523106395080018771e+00
7.946353048365437211e+00
7.348734582430878959e+00
6.860013296796258153e+00
7.663469826414305075e+00
7.082384034553114383e+00
8.219134417627188327e+00
5.277466613053158895e+00
7.152486237348059106e+00
8.015622648595872590e+00
5.623136577194161490e+00
7.099068244998162136e+00
6.865194791016302034e+00
5.662118330673337141e+00
8.222113353996356011e+00
4.860748963353444196e+00
6.944969153008514695e+00
6.049904719738317560e+00
6.347387059648220919e+00
6.397472994758162557e+00
5.742385974834398610e+00
6.444147945437039837e+00
6.521799757618065740e+00
7.382125000287691918e+00
6.913905034806779426e+00
6.526066069858392993e+00
5.351988993592269317e+00
7.197568297028994699e+00
8.710082271106752927e+00
7.513759266800788872e+00
6.673668177373934363e+00
7.776988381627422342e+00
7.879922161205326070e+00
8.763070478437947841e+00
7.080209230471584902e+00
7.296484244071971936e+00
7.399654059088410563e+00
7.817674099920948194e+00
7.679771020571061868e+00
6.950456124501500632e+00
6.832110995692899813e+00
8.743404301309816162e+00
6.814470632889896073e+00
7.579487608779269969e+00
5.055274292950858950e+00
6.528749571194499168e+00
7.251375898800809239e+00
6.391057904215569074e+00
7.321004730633839941e+00
9.075908759229426082e+00
7.520300593281282531e+00
6.749781606799917455e+00
5.544164705335436594e+00
6.707201494708367129e+00
5.740565467612528394e+00
6.632762165842201796e+00
8.807930096243039131e+00
6.877984053548196641e+00
6.612615494569537233e+00
6.177895631840288004e+00
6.735747987284080196e+00
7.291494150145389597e+00
8.548009898105215498e+00
6.189300803786067284e+00
8.074751629351514026e+00
6.483504690586406660e+00
6.884294747928016989e+00
6.194121051330098382e+00
7.286976664225239375e+00
4.879366721487882863e+00
9.535040062258053339e+00
8.505510400742382515e+00
5.540886344545535636e+00
7.552245259322308613e+00
6.422641879752204908e+00
6.581923626023545637e+00
7.016060340606460777e+00
8.194732210738116862e+00
5.721046668366058796e+00
8.920861551571157122e+00
7.636592507135348207e+00
6.863430635568053439e+00
6.369778649426296901e+00
7.114438899825080931e+00
5.837152955903955664e+00
5.218188795517867185e+00
8.964392898449487390e+00
6.907896042532239100e+00
8.163477099957100691e+00
5.922344304150672478e+00
7.430383377288445779e+00
6.741092290920123631e+00
7.767643361990673512e+00
6.319150068161668798e+00
7.180599341146927550e+00
6.581045384693259948e+00
7.707072140510308422e+00
7.139811028615947741e+00
7.221375352573040196e+00
4.866479393176696533e+00
6.882750056004228512e+00
6.463205608336965113e+00
7.718446187969332684e+00
6.167538149782404666e+00
6.525526771480036459e+00
6.468605015609806053e+00
7.595643310486203781e+00
8.112367019889335396e+00
7.902788544557520112e+00
7.943603226889110580e+00
7.858068818090850449e+00
6.944526532258720408e+00
5.717663668085712025e+00
7.583919399414418727e+00
6.013294817444249318e+00
5.575591076368612953e+00
6.788590379016526732e+00
6.203689594591253353e+00
7.724831822262832048e+00
6.785022080195868277e+00
5.651495280520196118e+00
5.672065961947984292e+00
6.298087325779630596e+00
9.584249901966728657e+00
5.348813156647936218e+00
8.064209987266867330e+00
8.720016205365004325e+00
6.801832875690866587e+00
8.657975143431668741e+00
5.259717570538259501e+00
6.848626825672465834e+00
5.166699254562569621e+00
6.796645601720423535e+00
7.176600170473859563e+00
6.565772697416101700e+00
6.345800815055011590e+00
7.088907522617934553e+00
7.895894745763501810e+00
6.990634496655978580e+00
7.521530431217181345e+00
7.720755634164313541e+00
7.625283330362872647e+00
6.221449662780336176e+00
8.464649243327235340e+00
4.918917305100477755e+00
7.815198008714278721e+00
8.336700518387491599e+00
8.068741476252453637e+00
7.589368381465066982e+00
6.527332361602333322e+00
5.770835486649548152e+00
7.366190653719802306e+00
6.374912474505152638e+00
8.269954742337967346e+00
7.206707507099008758e+00
7.642269010989456213e+00
6.873688259436011805e+00
8.051679903839605856e+00
7.417654824741891417e+00
5.655545911002836768e+00
7.848710435042411504e+00
5.533810928915537275e+00
7.015554996491018436e+00
7.564003235363465194e+00
5.391163742833979811e+00
9.140907305433980667e+00
5.243731614657071383e+00
8.838197198850821223e+00
7.468652127457476197e+00
6.660076297893064101e+00
8.194508506967467909e+00
7.951556609774229401e+00
7.510347503304282135e+00
8.049616672846937604e+00
5.103456676846266582e+00
6.219214335676455541e+00
7.501598481650864514e+00
7.225324276770276555e+00
6.061786978549858595e+00
7.005774798064123843e+00
7.704195975230773819e+00
6.774434174926478924e+00
7.230608326278641584e+00
6.849307051100185895e+00
8.307440021169725242e+00
5.590438662358191202e+00
6.381989237493705502e+00
7.996380738005256283e+00
6.381623467587468568e+00
6.958400448312131559e+00
6.730989351889021144e+00
7.150877820028610721e+00
7.506018169328668499e+00
7.923552272629457605e+00
8.194819643642851759e+00
4.659225927285232771e+00
7.451944636647998443e+00
6.687101096267222822e+00
7.372110733274169547e+00
7.207538147621534108e+00
7.258950056728400213e+00
6.288519815723975448e+00
8.339007378974484297e+00
7.067925570781032896e+00
5.927485001913208151e+00
5.056197426100212944e+00
6.531456176839673944e+00
7.257810405078653382e+00
8.198024325488617592e+00
5.720110635672196686e+00
5.818901691820907551e+00
8.000424723375264335e+00
6.608355791171849347e+00
6.570856522833588009e+00
4.827146743494522774e+00
6.490562001888468657e+00
9.437206263555827590e+00
6.609889726850842528e+00
9.444623805044280118e+00
6.594016282014118602e+00
6.867340546336856200e+00
7.224185576106350481e+00
5.433389292881169119e+00
6.395867565899278517e+00
7.014395567459559722e+00
7.171253399733791944e+00
5.426403390000372085e+00
7.914273860468552080e+00
6.357904215088715283e+00
6.475476422385795239e+00
6.821863677083450206e+00
7.683788942566073921e+00
8.371939655551441817e+00
6.553966636772228682e+00
7.967602510422889139e+00
7.900774650591137593e+00
5.462398850530714611e+00
6.917067172036190925e+00
7.061337777974380003e+00
7.217479267118140029e+00
6.355556641247414262e+00
6.593918354148428307e+00
6.917397563252642989e+00
7.895419096409013626e+00
6.554853797313857200e+00
6.146886707996009669e+00
7.669762078135683225e+00
5.900287820676197725e+00
6.236616429945464724e+00
6.799683169889501499e+00
7.210607254994961579e+00
7.225208940052384676e+00
7.347769681598659730e+00
8.326271848241466600e+00
5.626161076649043302e+00
6.989853078942283027e+00
7.482425128242137014e+00
6.937020225708601551e+00
6.664281619814514279e+00
6.340085332206885305e+00
7.981575324349731382e+00
7.101669827056381834e+00
8.350798914644787629e+00
7.034867613293708466e+00
7.670782577104220401e+00
8.094707885764927724e+00
6.028290207931902067e+00
7.257388310552354227e+00
8.801609732946671372e+00
9.727989507257479573e+00
6.175928334551346488e+00
6.455857784619132289e+00
8.185075086190492399e+00
6.421447191622717376e+00
5.902323403488432874e+00
6.747754348509700684e+00
6.989865116172909509e+00
6.269305899750754918e+00
6.109472903982608116e+00
6.393808083680619703e+00
5.675544475828607993e+00
6.595605672838567024e+00
5.550930245688070030e+00
7.049555912913366917e+00
4.588396746444723284e+00
6.377201996678181217e+00
7.397260597584363495e+00
8.199265253385021879e+00
5.592361251745320061e+00
6.342698194614484031e+00
7.160343064895064558e+00
4.406444649571437999e+00
6.942779232145902313e+00
6.483548427618305077e+00
9.241301327053781378e+00
6.943385168538497965e+00
7.462736554600325256e+00
6.650890316669343605e+00
7.586617550196093518e+00
5.965338209942676606e+00
5.304533020484964112e+00
5.897123523959669100e+00
6.101280289096161269e+00
6.470109803981467955e+00
6.594276768703093872e+00
6.350842537440281710e+00
6.502479813014227616e+00
6.584175600127070815e+00
6.694572664856636379e+00
4.991305006991542115e+00
7.995528944310848374e+00
8.548314061168765576e+00
8.185956431360819963e+00
6.637623050538201674e+00
6.416921731865183887e+00
7.985915072509708779e+00
7.316162909905310485e+00
7.164433692670872489e+00
7.559225062496211400e+00
7.907470221175025848e+00
5.906873431647535533e+00
7.040823872531646543e+00
5.440081133387445256e+00
5.525826753852652651e+00
5.975873902545720817e+00
6.323839272120092225e+00
5.536644936432421282e+00
6.831759369559374129e+00
6.688893652650048871e+00
8.258664570307708175e+00
7.226182411810375683e+00
9.178969422272871270e+00
5.731554013716884555e+00
7.049168371874371175e+00
5.647193403061896433e+00
5.926711444643629534e+00
7.755119293640457379e+00
6.698309074457556633e+00
6.993077020831175439e+00
7.255827855091411038e+00
8.493379334107617140e+00
4.769398318823411032e+00
5.816202818622792314e+00
6.306376264451968083e+00
7.984214335405297014e+00
7.457872432820692232e+00
5.609923215851339684e+00
7.511971561406480369e+00
6.526299160085891060e+00
5.986455492894709352e+00
6.517198903353124351e+00
8.183843220882186742e+00
7.209032901006400706e+00
7.404014695110695321e+00
6.949903909891007814e+00
7.008354020445435317e+00
8.470760729384219090e+00
9.043293146778324854e+00
5.963877140216689909e+00
5.437058255423806052e+00
8.124164069317965087e+00
6.604952205617749428e+00
7.769636887032029371e+00
6.721101871876994593e+00
7.123869737165869687e+00
5.992105595028859533e+00
6.593820105098378015e+00
5.988119115621077349e+00
8.189462679278113555e+00
7.230129758678389251e+00
9.792093049532711646e+00
8.016479094652305903e+00
9.142353255194111128e+00
7.405438761678033721e+00
6.194622841494908272e+00
6.825126510440476579e+00
6.210041585145164689e+00
7.840772113012924649e+00
6.299348384367089437e+00
6.982669334661872007e+00
7.104785080645941164e+00
7.828526609052396168e+00
7.880928490791982099e+00
7.753132675820731734e+00
7.184910649858133880e+00
6.487971042567899360e+00
7.235877531765710025e+00
5.208676363888553595e+00
8.779063038667599628e+00
5.762765943698130222e+00
7.358896665890551247e+00
7.911050389763988555e+00
6.907142042393147108e+00
7.611396796051047353e+00
5.827714040661524209e+00
7.387270466590080353e+00
6.707133146421759839e+00
6.989264678032489186e+00
7.523732613055072349e+00
7.550598335863178967e+00
5.816944433143072857e+00
6.065106932203846668e+00
8.295031835148192201e+00
7.397441230407411972e+00
8.128952715622602909e+00
5.381453350765511345e+00
6.924485791636004528e+00
6.613428879623608481e+00
6.968077712352791053e+00
7.386173514996956513e+00
6.846916741049940747e+00
5.073251407959026515e+00
5.585088926668190012e+00
8.708026386700785437e+00
9.569863970743776704e+00
5.122077151343089163e+00
6.960308945948075809e+00
6.233004673521837624e+00
6.747500466600747870e+00
6.241642925041152701e+00
5.686825848280620654e+00
7.607967869439676178e+00
7.638332648420991688e+00
7.251704121404825010e+00
7.606611030824728559e+00
6.616773437635615096e+00
6.138546713485104611e+00
8.322427584588851346e+00
7.801600100100412050e+00
8.245564191222104711e+00
6.064662214063273105e+00
7.190166129573233533e+00
5.674921427249811856e+00
8.482688269424178529e+00
5.638701503391010839e+00
8.071242462451062138e+00
6.630875355764371371e+00
6.719988381027405033e+00
6.840853841529633605e+00
6.434420363632679774e+00
6.106648322763426506e+00
7.674932115889949280e+00
8.083617629533065951e+00
5.517384502494686593e+00
7.930964995232040238e+00
6.457582340099842000e+00
5.527554412639484660e+00
7.448149992054569069e+00
6.240402245075886256e+00
6.938480128476775199e+00
8.358313678761744470e+00
7.796978828779556281e+00
5.337744066323992342e+00
7.808041274591809966e+00
6.753099027441108682e+00
7.483816352718025477e+00
7.833942894673298518e+00
9.083476210952245111e+00
8.221935119305422646e+00
9.048528555035117549e+00
7.950135299395527433e+00
7.220387918177071818e+00
6.641043914293475403e+00
7.396231366437332255e+00
7.826055191311517056e+00
5.480735725680436765e+00
7.069126503456057087e+00
6.210931508286140712e+00
8.361472098051049073e+00
7.467782973456984941e+00
6.053878675742137894e+00
7.001364959123390186e+00
6.667783466016910410e+00
7.044591483446962954e+00
6.076836500173460998e+00
8.603834222197427550e+00
6.962702705197067132e+00
5.923732498696066884e+00
6.743756548041553778e+00
8.012021226028595677e+00
5.857503341742177128e+00
8.137941474878369164e+00
7.928333910472263213e+00
6.345482956526002027e+00
7.467150270510452437e+00
5.766326083844023564e+00
6.924205743608029984e+00
7.439842947844280907e+00
5.966692282920455170e+00
7.778770958254833445e+00
7.703200734565856855e+00
7.224462939102576975e+00
6.184269966583617162e+00
7.253468484575031461e+00
8.521065204300899865e+00
6.974369405219001727e+00
7.704905009800916638e+00
6.297351062367304131e+00
8.655256120720943969e+00
7.149207113934913593e+00
7.528125077012048472e+00
7.641135334103831944e+00
8.717911911273231951e+00
6.551399003109801278e+00
7.379974836615180500e+00
7.287465277713581102e+00
7.455495389720756982e+00
7.213628946861451396e+00
5.436861969641955561e+00
6.496669991789441490e+00
5.370271971217295714e+00
9.195547685908813662e+00
8.308246853463295167e+00
8.394740617576109898e+00
6.178957140041309692e+00
6.556043546293034652e+00
7.992673956668436830e+00
6.067517574227477617e+00
5.580777476633150158e+00
5.653712455671157322e+00
5.664207147730366820e+00
7.092230605892759776e+00
6.737258976177610492e+00
7.284744709072898949e+00
7.433346594913550653e+00
9.182384956612581917e+00
6.001456625672468626e+00
6.597302217080043718e+00
7.237740027019556877e+00
6.162229094087789960e+00
6.246971577120923769e+00
7.741838703838784141e+00
6.715041930198200504e+00
6.609876973965644886e+00
7.477948583203794186e+00
5.908110798799914853e+00
7.453086380650081111e+00
7.347069608370872196e+00
7.437654510223920212e+00
5.282176004491518029e+00
7.688268409171774564e+00
6.982643465674294170e+00
7.489777995539288469e+00
6.763769956506193282e+00
6.863908583512692729e+00
5.593389588662051715e+00
5.668314950928544427e+00
7.012238262945032830e+00
5.654433164748914109e+00
7.470130985131243406e+00
7.060936245711227244e+00
6.383654805434703761e+00
6.959838926019756400e+00
7.314828285095787308e+00
8.964987274518373184e+00
6.587859719943639725e+00
7.674934059516667517e+00
5.625429558210073289e+00
7.286656191162520280e+00
8.247721158606630354e+00
7.710285541248392605e+00
5.692060660296911934e+00
8.522734401614636468e+00
5.481662279972725038e+00
7.968447462275904947e+00
5.654930867365792757e+00
6.982514835283568644e+00
6.186239791264781296e+00
8.220509485358892476e+00
6.315830207978568644e+00
5.497494800096990097e+00
7.615732791245662270e+00
6.636809848484590546e+00
5.707811833410915803e+00
5.661177751963240468e+00
7.160540570492560875e+00
5.887102747345664078e+00
5.910959223056075906e+00
7.419625177840824648e+00
8.135819727409655755e+00
7.113592286568447776e+00
8.393856491508183026e+00
6.695664687805939153e+00
6.779473833379145553e+00
6.318942147634071027e+00
7.580339954823365645e+00
6.467846109754100681e+00
6.019247161372947907e+00
9.285595331575983380e+00
6.481383394670705123e+00
7.521756999450083470e+00
5.720705179973541554e+00
5.187125206874439343e+00
6.635690944355070897e+00
7.415066435330930794e+00
6.301615947072053636e+00
4.914766792724125644e+00
6.456387474494199807e+00
8.484898414888657925e+00
6.420383462437716737e+00
8.854030561080234563e+00
6.410793610099876361e+00
5.230986191848935540e+00
6.948171303777662011e+00
4.794978605420678441e+00
8.479557797179124279e+00
6.169422692981404666e+00
6.611351945995360246e+00
6.861511062229109115e+00
8.681578719810683964e+00
6.785531381672762485e+00
8.044001187283644327e+00
5.863342003448733131e+00
5.557708167941229682e+00
8.426156054819806229e+00
5.295629517934984598e+00
8.712067551277904442e+00
6.614233720855779097e+00
7.976425466135778741e+00
7.153407578073810669e+00
6.718097252440098366e+00
6.247227080455591164e+00
7.961584751872128329e+00
8.467934029830050946e+00
6.001532890343958648e+00
6.307342466862699837e+00
6.568206606101457901e+00
6.362504168055006737e+00
7.342452287449201975e+00
7.446167723158245266e+00
6.119618684343229198e+00
5.512512659681877203e+00
6.183608860650367411e+00
5.463781780464998405e+00
6.639327691465416237e+00
4.673115660774509905e+00
7.637499627081456133e+00
7.174825268328135053e+00
7.170490050696426643e+00
7.646304221160919568e+00
4.932827261126301543e+00
7.030072891333151830e+00
5.810116910474537377e+00
7.425728810829877347e+00
5.875037232228812023e+00
8.270621634693320345e+00
6.170978342335136979e+00
7.562878432163775422e+00
8.057874273773178331e+00
7.521876503782778833e+00
7.214077140380274145e+00
7.200843223480246635e+00
7.126023046112751835e+00
7.518334013768705582e+00
7.746088780689988518e+00
5.004740281815182712e+00
6.615527240680684429e+00
7.119381789099354485e+00
8.518551029384509476e+00
6.548033278778639499e+00
6.783313250886783941e+00
6.526974639417269408e+00
7.816279297793338188e+00
7.611243841773182695e+00
6.543207422999600453e+00
6.725371220148391060e+00
7.764920307283968981e+00
7.210671051396742470e+00
8.489435007378553166e+00
7.699093916486507538e+00
6.386132743397636702e+00
6.999918513014241839e+00
7.034212825672919500e+00
7.803561286796795393e+00
7.150377624118149811e+00
6.492827742689985193e+00
6.675015311610930979e+00
7.473005048307509668e+00
7.675281563965489440e+00
7.388916932205027877e+00
8.033414343286526815e+00
5.004908075360701147e+00
7.263511115853640732e+00
6.880203748160709232e+00
6.198339750824682248e+00
6.698559643391370777e+00
7.406699750704457408e+00
7.081125204889278990e+00
7.423932358947753052e+00
8.631993188155961505e+00
8.393008849843273111e+00
8.503380757396822531e+00
6.817804304265989046e+00
5.751544717581947630e+00
7.017186316030064930e+00
7.126152444521357765e+00
6.845109543984296607e+00
7.935165582952947716e+00
7.954296256801703713e+00
7.891514306122335398e+00
6.854128774339153019e+00
7.363195915003660552e+00
6.979633622021867545e+00
6.875126495236093760e+00
6.285450188006198147e+00
6.817231109147847690e+00
6.552511959033500588e+00
5.274437734190348337e+00
7.511583978668247674e+00
6.264905860080324018e+00
7.388866369009450707e+00
7.599637546577962866e+00
6.484003419607924812e+00
4.600426384664162427e+00
6.048246942038086438e+00
8.669174531873466094e+00
6.210291205599987485e+00
7.297367221144837046e+00
6.688792807879514690e+00
5.965386432080019397e+00
6.023532706042603380e+00
8.007078302678445780e+00
6.314328779106984868e+00
7.578359478490697576e+00
5.704548044969946829e+00
7.573128891920660521e+00
6.269791273525492592e+00
6.868128173649811430e+00
5.727875616028534900e+00
7.568611181399315768e+00
8.056745457580721137e+00
4.692626598639585644e+00
8.242199783141005653e+00
6.421311684346558302e+00
6.621078057625346069e+00
7.268656168506854698e+00
6.165983789591467534e+00
7.630025605322347637e+00
8.152409197515419592e+00
6.870285954606181633e+00
6.825573164517454217e+00
6.643500964355123273e+00
6.494573378377085149e+00
7.146200380717576905e+00
