1.015332026913734182e+02
1.019636537787783936e+02
1.019460801911978081e+02
1.005404670726815226e+02
1.013193259504782020e+02
1.021644004200315123e+02
1.014667602253174437e+02
1.006405367453200768e+02
1.016376174930008176e+02
1.009332646434325795e+02
1.015749359291028213e+02
1.004808086286876403e+02
1.022437308747172295e+02
1.021043668103171456e+02
1.018501143183475364e+02
9.911141680133621890e+01
1.007219782254146452e+02
1.011552674386156667e+02
1.010403509930456067e+02
1.020332424794714967e+02
1.012223044578209539e+02
1.018620595434857563e+02
1.005773789294492389e+02
1.016103164278427187e+02
1.013511648301416983e+02
9.925299500018823551e+01
1.014078242425043186e+02
1.000231055570458949e+02
1.007781883889930299e+02
1.022591860763607485e+02
1.014340418934356478e+02
1.000283218899015338e+02
1.021036510627409513e+02
1.004723531180545706e+02
1.002918489225832701e+02
1.018131568037793073e+02
1.011229414289286410e+02
1.012926429036138529e+02
1.022839190848013402e+02
1.006004798914687655e+02
1.014357187651265377e+02
9.892165666697174231e+01
1.016060524982530637e+02
1.016975289905788316e+02
1.022318383845547203e+02
1.009516885157218269e+02
1.011191877722432793e+02
1.022751999913211876e+02
1.017960244082864421e+02
1.009333050759350812e+02
1.022542458788957447e+02
1.006942827388159998e+02
1.005176949180839614e+02
1.003677821697332035e+02
1.007026745920274351e+02
1.009089938841601821e+02
1.012532890498796547e+02
1.015463276596330076e+02
1.017261007599970384e+02
1.023704178700558884e+02
1.018716975740492359e+02
1.018629964019218477e+02
1.010087188546862507e+02
1.027182901427866852e+02
1.020819066502889569e+02
1.008678893094379418e+02
1.021051561663122840e+02
1.022120414932807932e+02
1.010132965814592296e+02
9.834643144507892032e+01
1.013111401024926437e+02
1.008354228319749240e+02
1.007681219362607266e+02
1.013469823061134605e+02
1.022728557717502156e+02
1.017159879822088442e+02
1.003884544409848729e+02
1.020534335302617421e+02
9.995281199292745100e+01
1.014030923934867587e+02
1.015266981018278756e+02
1.013187352177789364e+02
1.023119523880202308e+02
1.009381558220516837e+02
1.005322879454484166e+02
1.024904313601450951e+02
9.986117566273361490e+01
1.019905764260990537e+02
1.014434617915963770e+02
1.017823204892985558e+02
1.022058639869941459e+02
1.012502106789154936e+02
1.020912992072748011e+02
1.012863373413383954e+02
1.024915112767815657e+02
1.011973420591922519e+02
1.007615833315029761e+02
1.021137434427067632e+02
1.011766100707929610e+02
1.011703138515818807e+02
1.022310166954016353e+02
1.024810160698741726e+02
1.011196198868574641e+02
1.008062381556406564e+02
1.016028140578642507e+02
1.024430800600731715e+02
1.010946826575528803e+02
1.013472745431056268e+02
1.008236311557879645e+02
1.018478943119263249e+02
9.959987738382815792e+01
1.021701311613963981e+02
1.020317502421941640e+02
1.021213047682577724e+02
9.859359136363025300e+01
9.891530737862642297e+01
1.000227702891714898e+02
1.019751404058067124e+02
1.009071208374444382e+02
1.022359304843526360e+02
1.010346734192287528e+02
1.004832103728428478e+02
9.926894736833777699e+01
1.020609395657265566e+02
1.016395883339773860e+02
1.002901463329810667e+02
1.009655300993444342e+02
1.009914862072607491e+02
1.019404765982534684e+02
1.002997883579730996e+02
1.012845092259179864e+02
1.018076792327593978e+02
1.025720466210050574e+02
1.024960539553053707e+02
1.020609718035524764e+02
1.017560092857582532e+02
1.008171937087513470e+02
1.023265995974764166e+02
1.018153521899450595e+02
1.009973557829139708e+02
1.017512029466275152e+02
1.026177637001573970e+02
1.019277615790581279e+02
1.018308603435987578e+02
1.012187437861925048e+02
1.008617606490803951e+02
1.014812791184252063e+02
1.013770867643281832e+02
9.926686195182800532e+01
1.012001741225207212e+02
1.011884168433155935e+02
1.010444397533629086e+02
1.007440915660550758e+02
1.021943622308699418e+02
1.018013726414740034e+02
1.009707875290187076e+02
1.023100613089492583e+02
1.026137904016636355e+02
1.023342352393679278e+02
1.023813414679057843e+02
1.018204003647789335e+02
1.006094758004825565e+02
1.015677749741338260e+02
1.000486918933112150e+02
9.996906371555664350e+01
1.007598641570266267e+02
1.006815895034764026e+02
1.015219499194463708e+02
1.017802136064451162e+02
1.022824831718178444e+02
1.018616548517430260e+02
1.008593609702782743e+02
1.017623555881874609e+02
1.007288942509675422e+02
1.024715292606558705e+02
1.020968863107925273e+02
1.003460654227286568e+02
1.024460420032143588e+02
1.026702354044746670e+02
1.016930374540053350e+02
1.013979706739988131e+02
1.009123540257625251e+02
1.010191336300112255e+02
1.023937825942309559e+02
1.021188910433314732e+02
1.010176865995600792e+02
1.013090705612478786e+02
1.014797090474786216e+02
1.017103246261551988e+02
1.009634778459295603e+02
1.019348960766056535e+02
1.016377656797599087e+02
1.008719169834405136e+02
9.841591546091902387e+01
1.014063499101884673e+02
1.004266537075536263e+02
1.015040530705237813e+02
1.018653450825326132e+02
1.025056351837106092e+02
1.019082798036150592e+02
9.908782513434812245e+01
1.019119665491254949e+02
1.006252415956668500e+02
1.005646690969895616e+02
1.008496392343463413e+02
1.021891104684481348e+02
1.024136660605203417e+02
1.014630095678921720e+02
1.017922115249317159e+02
1.026319177677286802e+02
1.008004266781965299e+02
1.015115837323833290e+02
1.002239453669916855e+02
1.023113323681522218e+02
1.009127610126975867e+02
1.018749832961997015e+02
1.015507157737770996e+02
1.015963580361735126e+02
1.020835171422557863e+02
1.000294795730151236e+02
1.004752164022512773e+02
1.014862512804428150e+02
1.014396384274084113e+02
1.000681415612557856e+02
1.013312026066016358e+02
1.027346699396762943e+02
1.014447413209835105e+02
1.024392655278993800e+02
1.016128109219996247e+02
1.004878354994477689e+02
1.019269434156678642e+02
1.015673306069774497e+02
1.019125812524016936e+02
1.004899820593418553e+02
1.003607748243948379e+02
1.009303323438912656e+02
1.004288309571892057e+02
1.007566626756787258e+02
1.014574810455562499e+02
1.018694611221877864e+02
1.006394783636527137e+02
1.015466528552370136e+02
9.929446794449351898e+01
1.011745125379590320e+02
9.969617855231371095e+01
1.016124925981685578e+02
1.020789262390788679e+02
1.015698564418200363e+02
1.002169486077688703e+02
1.006422449577124780e+02
1.010523689290080256e+02
1.016437158429464347e+02
1.006926943298233681e+02
1.014335702530108421e+02
1.008204124159300648e+02
1.011301086445432134e+02
1.013636865125549917e+02
1.006715015221666505e+02
1.009564048433182819e+02
1.020532343168789566e+02
1.010699776505958312e+02
1.014316907604644058e+02
1.006226155027458447e+02
1.008102638051416733e+02
1.020327316285437007e+02
9.935627011666539943e+01
1.006715289088320020e+02
1.012942598495595092e+02
1.002421737108062985e+02
1.016075410618558550e+02
1.008525476623298545e+02
1.018851235674126059e+02
1.023229509838260753e+02
1.026038571041990082e+02
1.013879094942500814e+02
1.027870312517303972e+02
1.022303575361464141e+02
1.015092752535808813e+02
1.018470038327295271e+02
1.006541640298254805e+02
1.012604897659644507e+02
1.022401911297338017e+02
1.017487632680209373e+02
1.009957516548223850e+02
9.954892473683413812e+01
1.010022345596933775e+02
1.023606960793808156e+02
1.006815444940682482e+02
1.010333523578159571e+02
9.895346914419532425e+01
1.017517493120785872e+02
1.012840292415730659e+02
1.017457390630496690e+02
1.007165285278214100e+02
1.011514702087361428e+02
1.018952057905318185e+02
1.020984186703069128e+02
9.976946069343108547e+01
1.011261880782479352e+02
1.004552819400038572e+02
1.000073184406217166e+02
1.021526584785273286e+02
1.013866408531265364e+02
1.020349983631111712e+02
1.015016334216399088e+02
9.938665517319179799e+01
1.010487467196369522e+02
1.022968252316927504e+02
1.018208030658857837e+02
1.015342520795539087e+02
1.027316484937649221e+02
1.022169788418971024e+02
9.930130466125439170e+01
1.014332623829767073e+02
1.017140491534015183e+02
1.017029046289473797e+02
1.018170511070024276e+02
1.018813585548615066e+02
1.007831856792252552e+02
1.017116240883376435e+02
1.006451653313916239e+02
1.020861174046220299e+02
1.012914353184085314e+02
1.016696998125771074e+02
1.006614109343970256e+02
1.009482119346968858e+02
9.897202260861918433e+01
9.965036323524452655e+01
1.015252841461543056e+02
1.011118404052564870e+02
1.019651213332675468e+02
1.022975128115825356e+02
1.015794764781417285e+02
9.984138376812916249e+01
1.018600243560941863e+02
9.872980481340549375e+01
1.007683861318994332e+02
1.022406523929657425e+02
1.017423346310546606e+02
1.014694650475774012e+02
1.020053282136069583e+02
1.001024382850462615e+02
9.936656529827881457e+01
1.016046126948036203e+02
1.004855232776375544e+02
1.018411097051734089e+02
9.985580228467192399e+01
1.023403972991183366e+02
1.010111429188717125e+02
1.023979586432753166e+02
1.014444936747252939e+02
1.016758418460991180e+02
1.010883862910084474e+02
1.017993820821587008e+02
1.006815442410064918e+02
9.902806871811672806e+01
1.021767441032556860e+02
1.026373762772828400e+02
1.006217611746843943e+02
1.021655569236092305e+02
1.021425326016079680e+02
1.017601931286677654e+02
1.009782793698646088e+02
1.005108289273260169e+02
1.009511789304874867e+02
1.005941428180439345e+02
1.007619068871866972e+02
1.013781656578155292e+02
1.022209018406067003e+02
1.007170914139058482e+02
1.016105578243490299e+02
1.004536074252724660e+02
1.017828754775030546e+02
1.015055897282175721e+02
9.972711381424311128e+01
1.016124019163222982e+02
1.024976947048781426e+02
1.018908067478323289e+02
1.016177919124905031e+02
9.914590540114976136e+01
1.024829938924703754e+02
9.896240697343554871e+01
9.963446017541085098e+01
1.015251366996904778e+02
1.006748907317034849e+02
1.007463495949506722e+02
1.017094573747543649e+02
1.008623636658266207e+02
1.017121113416636433e+02
1.009738727899538304e+02
1.020327063446668916e+02
1.017035767412027383e+02
1.015703602217324146e+02
9.995094172797817578e+01
1.011940978416753865e+02
9.983706974303257198e+01
1.011402987132975824e+02
1.010884545524371845e+02
1.024308546902956465e+02
9.898024144796282542e+01
1.010935284119369442e+02
1.007818998657567420e+02
9.997507695928402427e+01
1.004351203799741370e+02
1.011889954821756135e+02
1.012338848906047701e+02
1.026107713720239758e+02
1.013788478006329399e+02
1.021539159884536616e+02
1.007727037378586772e+02
1.015587035451969200e+02
1.009058471835646742e+02
1.015755237163202906e+02
1.005500148504246027e+02
1.006207722364161157e+02
1.017875049944939150e+02
1.007057793672252473e+02
1.021355218739099797e+02
1.015204733290979675e+02
1.007763640678189745e+02
1.014714325192822173e+02
9.779344648266956597e+01
1.004792809348767690e+02
1.006783064095079965e+02
1.010838364348514062e+02
1.018554809573860780e+02
1.005089530295319804e+02
1.009375955817308324e+02
1.009141100026629800e+02
9.996485419758316482e+01
1.001363026728527643e+02
1.024217109825145400e+02
1.013675355942342406e+02
1.012533378669610187e+02
1.016400745911691388e+02
1.020667227760972509e+02
1.007154040183061738e+02
1.013408526760283905e+02
1.008333490971447901e+02
1.023212895352225758e+02
9.925521006071566887e+01
1.017237573385192064e+02
1.018288797729304065e+02
1.011673558176699999e+02
1.020038526370860694e+02
1.019466939538698682e+02
1.017844423433821675e+02
1.012873700743708696e+02
1.012400481831328989e+02
1.000199603821272092e+02
9.913016200105380449e+01
1.027722262371378008e+02
1.009773570150071720e+02
1.014187223110869525e+02
1.012679127741372156e+02
1.009772146884268125e+02
1.011520310542341292e+02
1.024363326384639379e+02
1.011057247145567146e+02
1.004300754753891312e+02
1.017747927939118853e+02
1.008691876186951930e+02
1.016753797365911254e+02
1.010273062896858960e+02
1.006466780035411972e+02
1.020349333699550414e+02
1.023777292977813573e+02
9.985166035480611413e+01
1.017820660182237589e+02
1.017442272779978794e+02
1.008030211266195408e+02
1.017836442976286691e+02
9.792282456039544059e+01
1.015480515852104872e+02
9.913658093572222185e+01
1.017491132084587520e+02
1.006596308676386258e+02
1.010314490997539849e+02
1.012858456039670898e+02
1.023745013441946412e+02
1.021310300055509401e+02
1.019978784916848014e+02
1.013561717909378928e+02
1.007388448994038583e+02
1.019324688039524460e+02
1.022929161841655201e+02
1.010486881206575731e+02
1.010282152360435646e+02
9.841263070985674233e+01
1.015759469601064922e+02
1.005920656565502327e+02
1.009099145332044003e+02
1.023568752440335174e+02
1.022816356600783791e+02
1.019931745175290843e+02
1.012571224925806774e+02
1.018472450626939576e+02
1.019033083259882346e+02
1.019063615521378807e+02
1.008264130625929624e+02
1.025699321515867553e+02
1.024699398891106199e+02
1.006974248928288063e+02
1.021362655495936025e+02
1.018944268264360744e+02
1.027259026952469725e+02
1.009597960018394502e+02
1.009479718398889503e+02
1.014258529530679738e+02
1.005322924866815981e+02
1.015385266223056249e+02
1.014000737152183405e+02
1.005219618476964598e+02
1.013742986518396094e+02
1.013154692328264872e+02
1.024610133880935621e+02
9.976279855664633089e+01
1.013027206676211165e+02
1.006549295532880421e+02
1.012652940603615690e+02
1.008958834917563934e+02
1.009730464655430922e+02
1.016398850817764128e+02
1.013979996435744653e+02
9.976250379437021820e+01
9.318043483186885112e+01
1.026857303167842304e+02
1.025967555240383433e+02
9.919482400340493200e+01
1.014294989282814754e+02
1.023322786663882482e+02
1.014978448854042199e+02
1.007044620329430273e+02
1.015183153873821738e+02
1.023557793220356160e+02
1.024172014019265760e+02
1.021341399906370810e+02
1.017881193081792475e+02
1.019304528978802296e+02
1.014239338677367215e+02
1.020607737982235790e+02
1.023718008386800022e+02
1.010043384949546237e+02
1.003850202835910039e+02
1.024228745592609044e+02
1.015768482960965429e+02
1.010186019825888764e+02
1.027800481715518970e+02
1.020406853795675630e+02
1.027103792871888714e+02
9.946594008763972283e+01
1.008227871907800477e+02
1.010812755129262825e+02
1.008049426406249438e+02
1.005165385294863967e+02
1.020956186055187089e+02
1.012503046311885129e+02
1.020017045939369069e+02
1.025245485894791813e+02
1.015657989361099851e+02
1.020194350349707548e+02
1.022167309295544442e+02
1.024317077778968894e+02
1.011516006289925400e+02
1.022608832505075327e+02
9.981567490558884970e+01
1.005501345774913204e+02
9.946453256267960796e+01
1.007417523715943162e+02
1.019413818977391344e+02
1.023248950737509944e+02
1.005188686573272605e+02
1.010138357788147374e+02
1.012071010539708595e+02
1.005111461879266415e+02
9.990832815684564139e+01
1.021447167422557243e+02
1.023371787085766016e+02
1.018578648899169679e+02
1.019809731847606571e+02
1.025682827799273724e+02
1.018252383977863929e+02
1.016925616246266344e+02
1.011324788032677020e+02
1.012881492702234567e+02
9.877650860480312645e+01
1.011098599129999087e+02
9.862803424630406823e+01
1.021666951388679507e+02
1.015867103722691525e+02
1.025883720672111963e+02
1.022552313084947002e+02
1.011548166431132643e+02
1.009927640119520902e+02
1.010443112938348236e+02
1.001857692761914791e+02
1.005408822118872791e+02
1.021008348609618821e+02
1.015869092765413200e+02
1.017641480420297029e+02
1.008750014890143660e+02
1.008721828849296998e+02
1.019320567862391442e+02
1.006515944308005288e+02
1.028428243781104641e+02
1.017032907953374092e+02
1.024136608116263574e+02
1.007293159866482029e+02
9.997252180375625130e+01
1.007089401632258614e+02
1.013190777647048293e+02
1.012815925562195503e+02
9.975330546470452475e+01
1.006469652284905294e+02
1.022900689728669761e+02
1.009535315904347215e+02
1.007743950896039564e+02
1.016435486842477758e+02
1.010663878786601089e+02
1.012216461209896892e+02
1.013417208667593030e+02
1.032368610305152856e+02
1.019516660697097024e+02
1.014256394828585854e+02
1.009578936614608438e+02
1.010517414295598826e+02
9.477511149886157682e+01
1.005211666696956314e+02
9.945656965743471289e+01
1.017370818441854823e+02
1.017045150153413431e+02
1.013260780014609850e+02
1.019819755991958061e+02
1.010016135335760197e+02
1.021563576055755789e+02
1.024188734609000448e+02
1.016584340044762911e+02
9.963705585981161050e+01
1.002959328704383211e+02
1.008894996723886521e+02
1.009493738277004979e+02
1.025813570866612707e+02
1.004960952722979641e+02
1.001735500731775517e+02
1.002862633561156684e+02
1.018636571459472151e+02
1.010765698860408719e+02
1.004443703316152039e+02
1.015928136562341848e+02
1.002560682230954967e+02
1.022129227307327142e+02
1.011973915958031967e+02
1.021387382635902554e+02
1.018636344177415651e+02
1.010444311018278825e+02
1.013807041309745927e+02
1.020171478876024480e+02
1.020461339529426823e+02
1.009878505716789476e+02
1.011820820509018404e+02
1.006724969670632817e+02
9.906699795496743377e+01
1.020311664541661685e+02
1.016006090000094844e+02
1.010048566947784252e+02
1.009961528561264288e+02
1.023551868835697007e+02
9.970812404012308150e+01
1.020247555973809170e+02
1.001495484752552585e+02
9.934267196732666605e+01
1.004884452357897544e+02
1.025017219026219095e+02
1.017161904044747303e+02
1.023366311840182163e+02
1.026137432202249755e+02
1.022256965098185475e+02
1.008176474859332643e+02
1.011719572150819033e+02
1.021645931737367050e+02
1.016311952453898328e+02
1.018447950734552023e+02
1.022169529755748840e+02
1.004648192941304359e+02
1.009245353089906274e+02
9.981573739470914575e+01
1.020560170970149301e+02
1.016391187254590847e+02
1.012051001059878672e+02
1.001319634472979203e+02
1.023991536676604284e+02
1.004263875780766853e+02
1.015101636048918579e+02
1.016360277251815489e+02
1.016819628647295701e+02
1.023356586569212396e+02
1.016038064897004460e+02
9.964911307664029039e+01
9.996349140794575305e+01
1.017916936717974039e+02
1.009916272989977131e+02
1.016372150024147771e+02
1.021592221471732529e+02
1.008164463715571912e+02
1.022472283712318131e+02
1.014685925075393129e+02
9.970418397141247624e+01
9.956176106232311440e+01
1.013696819446068247e+02
1.008064974644798752e+02
1.022091475346097695e+02
1.009110947407204719e+02
9.968663528936356499e+01
9.955739828669372571e+01
1.006043697079122126e+02
9.930625635576062393e+01
1.011225770498262762e+02
1.011107613731902148e+02
1.018426408896315820e+02
1.018396670931177255e+02
9.852420800548325985e+01
1.014072234596777662e+02
1.015361201845258421e+02
1.022987483367016495e+02
1.006953511905400092e+02
1.007354184447498966e+02
1.022561461271103411e+02
1.017581977572450427e+02
1.014246515851104675e+02
1.011085319635104440e+02
1.025603709482345778e+02
9.928688520189747635e+01
1.010822477098312220e+02
1.016335896477708616e+02
1.015680848367940570e+02
1.006185265755662641e+02
1.015214850968066571e+02
9.977807741345931447e+01
9.985437930400483708e+01
1.017924426008407011e+02
1.010843146972786570e+02
1.021235313793485915e+02
1.011274355092346724e+02
1.013044171141898318e+02
1.016921193598890625e+02
9.911341971582639587e+01
1.004044065414313280e+02
1.009721685328166956e+02
1.022654045341154614e+02
1.012956899467762497e+02
9.973993744922242399e+01
1.023465661547332957e+02
1.006780270507782689e+02
1.018748071870291625e+02
1.000008468009298639e+02
1.005298693807404504e+02
9.984579169663693676e+01
1.006281254283403968e+02
9.933489269631635921e+01
1.017222122286828210e+02
1.010193234362974692e+02
1.006134767180485596e+02
1.009969543322296772e+02
1.013502178705493009e+02
1.012840965124992607e+02
1.021537371912449572e+02
1.009820446378290626e+02
1.007955257581435120e+02
1.003271319595100408e+02
9.974736338366196264e+01
1.018035138894133240e+02
1.009470476594818820e+02
9.948965981287042837e+01
1.018930078318212225e+02
1.018743657424626861e+02
1.018559430501870793e+02
1.021778894398845665e+02
1.026763516538394612e+02
1.014130330030405958e+02
1.012008319719964646e+02
1.010008302249899117e+02
9.946981937417946540e+01
1.024862787341401003e+02
1.023372619315432388e+02
1.010497618651669427e+02
1.016145426243180339e+02
1.019639401134056982e+02
1.006955033529736170e+02
1.015828033830439665e+02
1.014955236700801180e+02
1.013489112871224052e+02
1.019135899485563925e+02
1.010408069864222824e+02
1.021536417947979629e+02
1.008721377082765116e+02
1.013361064047589934e+02
1.007135210563205163e+02
1.018210368323624095e+02
1.006827437412226516e+02
1.021019931195182693e+02
1.016346758520994342e+02
1.020201405747095151e+02
1.022929973279926941e+02
1.011269441230036250e+02
1.016125128046274142e+02
1.009014229213343867e+02
1.010410348070589777e+02
1.021251152430549212e+02
1.005327642777496919e+02
1.011098788875779206e+02
9.975262948293425325e+01
1.024307179720997851e+02
1.007928747387696120e+02
1.019473567714765636e+02
1.016866745013669089e+02
1.000958952145455356e+02
1.012131809235317661e+02
1.019865318856211331e+02
1.004820484378300591e+02
1.014886492595914689e+02
1.006612666712962039e+02
1.021491538680205053e+02
1.011665387776624385e+02
1.024028201606553097e+02
9.983301802724879792e+01
1.026303366885343564e+02
1.019799148091897365e+02
1.012092330822451061e+02
1.018205406537000073e+02
1.027886628291169160e+02
1.019808099232399883e+02
1.001435929763643031e+02
1.026811449959855480e+02
1.019628204588796905e+02
1.009763305966174300e+02
9.981784897414129887e+01
1.008568282547388293e+02
1.007435065911803349e+02
1.015267786406287911e+02
1.011048595139998980e+02
1.021426249795621288e+02
1.003855865852627858e+02
1.021491668880609751e+02
1.017431354560302594e+02
9.989662853640504636e+01
1.018006037316592369e+02
1.009826153740370671e+02
1.016694656910486572e+02
1.011928627380821837e+02
1.014489365028161529e+02
1.007770671426514184e+02
1.015026748091084841e+02
1.016049758539320891e+02
1.016100688630873350e+02
9.973973580716550202e+01
1.022190940333968001e+02
9.963591892488113899e+01
1.021830365779409249e+02
1.014644326666919483e+02
1.022393211416620744e+02
1.018097900258237445e+02
1.007514605636764315e+02
1.020346507550431454e+02
1.023208223194396140e+02
1.007294922131989097e+02
1.005859714465187835e+02
1.018582750283172373e+02
1.006746873944737075e+02
1.022923077532220617e+02
1.015674321239124964e+02
9.978691485545039086e+01
1.016573046127119966e+02
9.971338025369215075e+01
1.022357513592410783e+02
1.003300959916189328e+02
1.010341411665473146e+02
1.013475641397666180e+02
1.020100427515506709e+02
1.008895908862631785e+02
1.004573005467951248e+02
1.024328586556231642e+02
1.016793025005124491e+02
1.017227691800491840e+02
1.016848901805151257e+02
1.013764498422248295e+02
1.003034604897126485e+02
1.027416651883367393e+02
1.024423018144676405e+02
1.018410003368696266e+02
1.014790131893763316e+02
1.020766556968046359e+02
1.018618711751401378e+02
1.011695678490474819e+02
1.011604154016971648e+02
1.015710811614776077e+02
1.014530901646874810e+02
9.954447140494640678e+01
1.010850855323690922e+02
1.017924767411621332e+02
1.013659063712600670e+02
1.017505593344215242e+02
9.933374574998951800e+01
1.017220608942192115e+02
9.996576337750535401e+01
1.010860196747286182e+02
1.008673669655853899e+02
1.009002358004823350e+02
1.013439385853316566e+02
1.010923200983153691e+02
1.007049058258421752e+02
1.017835651775114201e+02
1.009304658530149652e+02
1.023457507225526513e+02
1.017016852258099249e+02
1.001476315663307872e+02
1.025086079037077695e+02
1.021861784372497368e+02
1.023836352174254074e+02
1.011038828961383587e+02
1.010521056354995864e+02
1.004284265464888932e+02
1.012191186705259582e+02
9.985905877525824792e+01
1.008548237198730959e+02
1.000125626159077541e+02
1.010366937460666463e+02
1.025411373295178663e+02
1.018662561081154223e+02
1.022404353595813689e+02
1.009407800527568924e+02
1.013411501960288774e+02
1.017983663805844259e+02
1.012339479178087771e+02
1.011870304531343265e+02
9.981636457633413784e+01
1.013641361969607004e+02
1.004244974290961352e+02
9.911352267840690899e+01
1.008394737285990317e+02
1.011310853176964457e+02
1.016841513537792423e+02
1.017216451161829696e+02
1.008631389549635315e+02
1.015582645155256643e+02
1.009705580390142217e+02
1.007324486167961766e+02
1.009231030636830297e+02
9.964285942807514118e+01
1.015017926554847492e+02
1.024274300309624550e+02
1.015822042751507865e+02
1.010843141358317752e+02
1.017247393383393046e+02
1.012692749990774388e+02
9.999153226230200175e+01
1.007600173462750348e+02
1.023838639813112081e+02
1.011219034766433822e+02
1.013830581041881800e+02
1.012761001548124540e+02
1.024093019245620866e+02
1.009139513828661308e+02
1.016555929375970777e+02
1.016329778455169901e+02
1.024883463708348614e+02
1.022262969098770924e+02
1.008350794085627484e+02
9.979755909390001989e+01
1.015140938768610397e+02
1.014089812660180030e+02
1.011103435452422161e+02
1.006644860548768179e+02
1.018988015112159786e+02
1.010704121383177068e+02
1.013982450253637495e+02
1.025779360895641190e+02
1.018359928059745556e+02
1.007098667714921731e+02
1.014846890502236789e+02
1.007818267745040401e+02
1.017011632104674419e+02
1.007679830713691160e+02
1.021738759900759845e+02
1.017495392141304933e+02
1.024101407221481139e+02
1.012773795657250986e+02
1.005590469239531046e+02
1.031445821627061861e+02
9.951647035073581549e+01
1.025924347353279558e+02
1.021175759473033224e+02
1.011491319005461378e+02
1.022422895341990454e+02
1.019338506047613890e+02
1.006261570586301417e+02
1.015644366314057265e+02
1.013812781443046447e+02
1.013105294962162191e+02
1.016493342872234109e+02
1.010782613478936298e+02
