1.804120106728342307e+03
1.920879846534721537e+03
1.918602413537672646e+03
2.923416486362667911e+03
1.900454779127831671e+03
1.798280291246143179e+03
1.677300867316548647e+03
1.809256422727351946e+03
1.913951475728042396e+03
2.716796078848602065e+03
2.372312105415329370e+03
1.771977104459643442e+03
3.762298313758757104e+03
2.358644124484192616e+03
1.807393806161299381e+03
2.031285927315755771e+03
2.241490061173693448e+03
2.188584251273705831e+03
1.914865256337072651e+03
1.877136145508487743e+03
1.982119339545971798e+03
1.820974968925034545e+03
2.840881026910587934e+03
1.796667196511158636e+03
2.044845921076347167e+03
1.561482807071194884e+03
1.741495497699071620e+03
2.087616949920297429e+03
3.906675802521822789e+03
1.904576704605850409e+03
1.783066098862819445e+03
2.055253273452491612e+03
1.804384207936480607e+03
2.944507643632869986e+03
2.112425863736787051e+03
1.963145641399255055e+03
1.793032419328833839e+03
2.104860586947519550e+03
2.050829231549958877e+03
2.554010902787620125e+03
1.752778025431282913e+03
1.728615058878077207e+03
1.966421784875561571e+03
1.778298561384866844e+03
1.848018465461712367e+03
2.664917029331529648e+03
2.470210526395439956e+03
1.766568474018665029e+03
1.860750422112857905e+03
1.921784989075260228e+03
1.973140772023596810e+03
2.588853679253969403e+03
1.820191859748340221e+03
1.810650284093301707e+03
1.767161812140485381e+03
2.621939248345008309e+03
1.985604554941861807e+03
1.769607060514575778e+03
1.767885554985824911e+03
1.789929674012996202e+03
2.058901476763021947e+03
1.795144634328917618e+03
1.935313138434823713e+03
1.775876956473661494e+03
1.889067982706264502e+03
3.403868085524678008e+03
1.759671174878373677e+03
1.868890590680955029e+03
2.169908323450012176e+03
1.500004376962229571e+03
1.630703175392133289e+03
2.129298719454164711e+03
2.250756656697641120e+03
1.961870102151296123e+03
1.907740534807370977e+03
1.762065040004816865e+03
1.846224712164280845e+03
2.551024485052335876e+03
1.806687789139884444e+03
2.110109543857112385e+03
1.883681546969125975e+03
1.813836483244365127e+03
1.949278749144549465e+03
1.848024495017216623e+03
3.026617146724779104e+03
1.887248887764697884e+03
2.001360751345210701e+03
2.253628845455543342e+03
1.815246031143498612e+03
2.165392166759515931e+03
1.975761819879106270e+03
1.928547935412718061e+03
1.865780586971125558e+03
2.046304229614875339e+03
2.142988539570130342e+03
1.765423955715718648e+03
2.760677380686571723e+03
1.768051284751778439e+03
2.185792008569443624e+03
2.557820910627696776e+03
1.924681744302483366e+03
4.246690423087548879e+03
2.017235846881211728e+03
1.659737349668877187e+03
1.706344852337914517e+03
1.737552061395837882e+03
2.918739957298938407e+03
1.991754817765531243e+03
2.295118627945883418e+03
1.819468190606773760e+03
3.336446279658472122e+03
2.171364303972133257e+03
1.834101971018329323e+03
1.889712529477189264e+03
1.401383633775294811e+03
2.095886386925173156e+03
1.839890365914443464e+03
1.805744406014352990e+03
2.679596028763856793e+03
2.089007674858036353e+03
2.326122751020074702e+03
2.036483752292825784e+03
2.752230035292319826e+03
2.083895431031370663e+03
2.017972405263423980e+03
1.867339689258052886e+03
2.078597163776657453e+03
2.196660343234309039e+03
2.272662612663512846e+03
1.827882405179389707e+03
1.947416285506442136e+03
1.741438294135042497e+03
1.900555791813868154e+03
1.904848833085849947e+03
1.839511764927329523e+03
1.757265720148248647e+03
2.284927984232730978e+03
1.991330032316858023e+03
1.904871446836834821e+03
3.074415581858716905e+03
1.769686429894732328e+03
1.843797148392683766e+03
1.837429674778916024e+03
1.848401426076022972e+03
2.237604432909036859e+03
2.651846042285341809e+03
1.973330963292514070e+03
2.040370149383241369e+03
2.250733168620642118e+03
2.421295058758470987e+03
2.419361471627325045e+03
1.879506790950611276e+03
2.802034327899264099e+03
1.887397668091138712e+03
2.028249840880717102e+03
2.423819974337285203e+03
2.112199128762001237e+03
1.946363602914870626e+03
1.951048608773074193e+03
1.837598483799127962e+03
2.161144673919359320e+03
1.838876814612189264e+03
1.729357974754190991e+03
2.150533074119184221e+03
2.033877815249785726e+03
2.887523655310537833e+03
2.430526599949719184e+03
3.276908693621674502e+03
1.684362892754680388e+03
1.943342999542617235e+03
2.313151762004849388e+03
2.463147044512934826e+03
1.836114390586932132e+03
1.828321588426570315e+03
1.813003455052982190e+03
1.905972432417956270e+03
1.782493016695901815e+03
1.777976774523576751e+03
1.749369430956421411e+03
1.991965635929422433e+03
2.331099403324177274e+03
1.873134276446773583e+03
2.111666472291862647e+03
1.862840961736246072e+03
1.780775246121415876e+03
1.628372049479755560e+03
2.080609229005853649e+03
1.955209418563561485e+03
1.892681134838493563e+03
2.973564155417712300e+03
1.875211519609673815e+03
1.852449592597027276e+03
2.513146923423455974e+03
1.344722784915704324e+03
2.012636332343613731e+03
1.847366570153875273e+03
1.892884842402311961e+03
1.786017033019546489e+03
2.079017581365281785e+03
2.104257214670017220e+03
1.650535436451630630e+03
1.780115713258947153e+03
1.864296058831596838e+03
2.214957292211225194e+03
3.082085674067378022e+03
1.835302003249199061e+03
1.968369822527270799e+03
2.121357428985959814e+03
1.816951481335407152e+03
1.807875030134668577e+03
2.167274764180149759e+03
2.093953436028989927e+03
2.127774954733007689e+03
1.906977238536616824e+03
3.223548061373753626e+03
1.922944949840332356e+03
1.719239693464606034e+03
1.752656513569095068e+03
2.495559628977486682e+03
1.810884870533872345e+03
2.156473849263728425e+03
1.867912699577136891e+03
1.626061699676929038e+03
2.520412166682357110e+03
1.614543697021979824e+03
1.806116075654286988e+03
2.272307028638007978e+03
1.812334768730073165e+03
1.874546110101273371e+03
1.793230617857073412e+03
1.889751229397050110e+03
1.764634259592710123e+03
1.891671298778088840e+03
2.593505327811527877e+03
2.551362863105259748e+03
2.557663421596493663e+03
2.743337329429445617e+03
2.346726288098569967e+03
1.881036364590133644e+03
1.847831899717290980e+03
2.058113448961145423e+03
1.648920439255614838e+03
2.867898379133293474e+03
2.365214861898317849e+03
1.663034441629395815e+03
1.972759214298253937e+03
2.054157495671808647e+03
1.915235551840055678e+03
1.749213383589980140e+03
3.408199525974735479e+03
2.316586297157798981e+03
2.026888511447743440e+03
2.030371370971495253e+03
1.967304745328032368e+03
2.060390697206965797e+03
1.641909573710666109e+03
1.796995765085275252e+03
2.398189474927443825e+03
2.079582483433137440e+03
1.948156597618780097e+03
2.016736317078461980e+03
2.000247835283509403e+03
2.566640054308047638e+03
1.815939301932495027e+03
2.382528428998652998e+03
1.624414906538618652e+03
1.805986509479749884e+03
1.865210042689960346e+03
1.948233114679714618e+03
1.828113958702730997e+03
3.003077111159615015e+03
3.268235072155117905e+03
1.990992702913736821e+03
1.862739291477911138e+03
1.788577599388546332e+03
1.837408346163950910e+03
1.780600244477199340e+03
1.778735150138664949e+03
1.806155612503727980e+03
1.930879214623967073e+03
1.787695781646027172e+03
1.862321675944334856e+03
1.786726470670944082e+03
2.247208524149726145e+03
2.324414660536161591e+03
2.713911409595687019e+03
1.940874742039356306e+03
2.786032557578919295e+03
2.041612423391404491e+03
2.017133776910927054e+03
2.130475686707992281e+03
2.152618566362224556e+03
2.173600827411451519e+03
2.202199005612411383e+03
2.535858845409020887e+03
2.012245173249133813e+03
2.093367331417046444e+03
1.843003200281032377e+03
1.789774036750153527e+03
2.355493101212767669e+03
2.425358011278940467e+03
1.940142340594629786e+03
1.781986445862523169e+03
1.844897352496433086e+03
2.128869424659932974e+03
2.753146941563345536e+03
1.849081874492917223e+03
1.931400331051311468e+03
1.827487566676791857e+03
2.023646458301842131e+03
1.789453430939642658e+03
2.068006341345688270e+03
2.763772400797042792e+03
1.775667702863654085e+03
1.754437935984956084e+03
1.864809583688200519e+03
1.846536872093670127e+03
2.159324496212776012e+03
3.012781980432569981e+03
1.714821670127453217e+03
2.289946291320277396e+03
1.891943989857720226e+03
1.960833779965484609e+03
1.864558411756491296e+03
2.074708257419840265e+03
2.794819562412142659e+03
2.401160261222634290e+03
2.336988951258843827e+03
1.844226832861814728e+03
2.856766074767669579e+03
1.757143674295079791e+03
1.994971192835008651e+03
1.805817886492661273e+03
2.691852492403721499e+03
1.808559111264311696e+03
1.668397562090088513e+03
2.541805634493442085e+03
2.375632999804157862e+03
1.861543131134458918e+03
1.734397475558202814e+03
1.797677574950481812e+03
1.825733278529641211e+03
2.784782598050566321e+03
2.122513896595712595e+03
2.192964394919092683e+03
1.880561052728642608e+03
1.518882119781578922e+03
1.880141051582123055e+03
2.299003703915724600e+03
2.066055893107528846e+03
1.607926963768509268e+03
1.774508872843375457e+03
2.075174394259460314e+03
2.115246920651128676e+03
2.351384250944618088e+03
1.805845115532790260e+03
2.417223451921226570e+03
1.840082101349936693e+03
2.555922991710491260e+03
1.939542723961846832e+03
1.866006293959151890e+03
1.771625803657738516e+03
2.054443698200989729e+03
2.940016813668658870e+03
1.930016594310253822e+03
2.703738339467830883e+03
1.969809604533150832e+03
2.063689557587142190e+03
1.746974695759767656e+03
2.012541851328928942e+03
1.846629730610624847e+03
1.794296764515969016e+03
2.001103495224338076e+03
1.941166512157869420e+03
2.386927966141171964e+03
1.823949110432092994e+03
1.841776814867901521e+03
1.820511508267494946e+03
1.991041297538170511e+03
3.020696823480764579e+03
1.788711886980198415e+03
1.418673699877614126e+03
2.520243273092770778e+03
1.945936314933723679e+03
3.017182692837146988e+03
1.808048360984310420e+03
1.995665632492559098e+03
1.825338283890723233e+03
1.837209468869575403e+03
2.528026265984440215e+03
1.831426652868390192e+03
1.941795186894653398e+03
1.977082313154586700e+03
2.348621277125172128e+03
1.973692418795857520e+03
1.927181741546114836e+03
2.215876122046495766e+03
2.733695232981130630e+03
1.833580458742841984e+03
2.245254333884272910e+03
2.895400686804784527e+03
2.208353672620887664e+03
1.931816947228101071e+03
2.819139584371725050e+03
2.067347860028939522e+03
1.868883202351345744e+03
1.862104119354474278e+03
2.088421334063485119e+03
1.850491433879130454e+03
2.579481714685667157e+03
1.924941098047909236e+03
1.720362295822139913e+03
2.025069315124535024e+03
2.816206679093578714e+03
2.190199404950486496e+03
1.741306225310069522e+03
2.724510335442856103e+03
1.873856966906435900e+03
1.897719719150604760e+03
1.818594077352364593e+03
1.824195533122778897e+03
1.822554989673691807e+03
1.832455487135066733e+03
3.294233115108672337e+03
1.838795996278206758e+03
1.834589854847208699e+03
1.986815437406996352e+03
2.213194396631257405e+03
1.913677061274090875e+03
2.206347271606267441e+03
1.823238688365353255e+03
1.742697935581739102e+03
1.871727661679241919e+03
1.708108083217920694e+03
1.744141358482326268e+03
1.738617456341738716e+03
2.029671164315042006e+03
2.390571344063610013e+03
2.622836309029210497e+03
2.007774655050762021e+03
2.497770224701067491e+03
1.836746880609322261e+03
1.860820828072652148e+03
3.198748425987118935e+03
1.749567271153410957e+03
2.462509591927044312e+03
2.094121521374178883e+03
1.870483327341292124e+03
2.106908828460886980e+03
2.185036687475691451e+03
1.753065992315623816e+03
4.097811922577275254e+03
1.985302953627548277e+03
1.992961442759014744e+03
1.910578257496615834e+03
2.492666623456709203e+03
1.904167031142251517e+03
1.941172057949707778e+03
3.392756155175495678e+03
1.925236170760376353e+03
1.737211693056681270e+03
1.788253376458783578e+03
1.831490406764743739e+03
2.261610552518151508e+03
3.026484614608501943e+03
1.791704538268210399e+03
1.817829143117327249e+03
1.814307895004425291e+03
1.771640292180314646e+03
1.757039635825738287e+03
2.583734783116955441e+03
1.972882118908126813e+03
1.630508744336312702e+03
1.941833233150031447e+03
2.359008487003125083e+03
1.781492878880915214e+03
1.877310323188706207e+03
1.728464385759561310e+03
1.861515972885101974e+03
1.962095774362471957e+03
2.121505365212415199e+03
2.223149186822999127e+03
1.840886363011226877e+03
1.883078288258825523e+03
1.712506737982894265e+03
1.739769822399813620e+03
1.991416878005099534e+03
2.066973376446694147e+03
1.683500219626230091e+03
1.920526592152345984e+03
2.351659068341825332e+03
2.522550785913800610e+03
1.836090805223906500e+03
2.197116862859454159e+03
2.223281793615335573e+03
1.850624505507103095e+03
1.913272660235177682e+03
2.019744836489883255e+03
2.006467244362553629e+03
3.018846022862752761e+03
1.910809574896718459e+03
1.792188693587581611e+03
2.278754594256146902e+03
1.820486047915091831e+03
1.792654905701081361e+03
1.866810785184751239e+03
2.151868627031636606e+03
1.775118368661848763e+03
2.301303662123217237e+03
2.030556284711792159e+03
1.729133728223283697e+03
1.791129482484950586e+03
1.951538199664983949e+03
1.826165253643382357e+03
1.927367179453422295e+03
1.877551752034324181e+03
1.887173780921863454e+03
2.170449118344098224e+03
2.156884987572645059e+03
1.915206821514924968e+03
1.540187672271759311e+03
3.147281811454027775e+03
1.859915633270316675e+03
1.774578626868016045e+03
2.372293725235814236e+03
1.145571260407574528e+03
1.840768703235730527e+03
1.757805531180678827e+03
1.758779451773130404e+03
1.814666169298726118e+03
1.831366764551617280e+03
2.120470500805572556e+03
2.087093350417949296e+03
1.903987284697631367e+03
1.950996763940333494e+03
2.142729658935425050e+03
1.825015958067078145e+03
1.868890745703706443e+03
1.851892149750165572e+03
1.968062193106557288e+03
3.413696925815457689e+03
1.934767046592854967e+03
2.215584229551667249e+03
2.640909983336217920e+03
1.775441645166972648e+03
1.881967140235219176e+03
2.574325373467790087e+03
5.336161659217115812e+03
1.879630244182377965e+03
1.718270240950429752e+03
2.226534982664570180e+03
2.287362264300417337e+03
1.736370500785963713e+03
1.794047625249663270e+03
2.082669490459255030e+03
1.809141426776846856e+03
1.798533194824680777e+03
1.730925886632118363e+03
1.866234583062801448e+03
2.133628231608593069e+03
2.156849267372243958e+03
2.016519946525200339e+03
1.906424626773436557e+03
1.962408444028442773e+03
2.079711485339204955e+03
1.817973518089212575e+03
2.987514172106658862e+03
1.890187483038082746e+03
2.249332777711093513e+03
1.794002043889195647e+03
1.954225331966895510e+03
2.336875464729614578e+03
2.151564170538887538e+03
2.514917155487183663e+03
2.244874140365787753e+03
1.845443715151905053e+03
1.855870572802998140e+03
2.049726064323807350e+03
1.788156398894175027e+03
1.853347851097694502e+03
1.788441110192205770e+03
1.839742831626576390e+03
1.847415115437593386e+03
2.004212329213131170e+03
2.073882672054730392e+03
1.668554591894608848e+03
1.879088711337379209e+03
2.178251594315690909e+03
1.818534573036430402e+03
1.832079786487244064e+03
1.839490244780973626e+03
1.817745431054084520e+03
2.318111712039502436e+03
2.059511497352552396e+03
2.010725816903862096e+03
1.698394359609157846e+03
2.494058568236129304e+03
3.126520195341585350e+03
1.774553416193956537e+03
2.003048267263505522e+03
2.188887466386875076e+03
3.019786654145235389e+03
1.819670560181212522e+03
2.221485915025107715e+03
1.879184696828347569e+03
1.860630173242992669e+03
2.097303393922275973e+03
2.549845882134908607e+03
2.213769442412134140e+03
1.938902638167736086e+03
2.203683204973760894e+03
1.923266291510193696e+03
2.822065289148362353e+03
3.598899678201468760e+03
1.773194254770903854e+03
1.784301026574157277e+03
2.053088599524779966e+03
1.851388623872380776e+03
2.390904607457131078e+03
2.031581716376706936e+03
1.702526033220733552e+03
1.904728087349896214e+03
1.812185905414267381e+03
2.004236639889235676e+03
2.487074045487506282e+03
1.714586446451725351e+03
1.120827833500844463e+03
2.366647695304747685e+03
2.600397778256660331e+03
2.103571712940828093e+03
1.983082935619373757e+03
1.838697746398725485e+03
1.823965902843585127e+03
2.714357243265451871e+03
1.900240861041602784e+03
2.025037231654565858e+03
1.669032710060816271e+03
2.040658139413727440e+03
2.031850704977512351e+03
2.661601305148664778e+03
2.151046310356349750e+03
2.061242566650902063e+03
1.723564415156566611e+03
1.820937457206342287e+03
2.639222526467811349e+03
1.790680384689110269e+03
1.671805567214011262e+03
2.026629525019629000e+03
1.999361567370475314e+03
2.125950947387928863e+03
1.789725558812350073e+03
1.565714060428558014e+03
1.901267400192258947e+03
2.137017804182514737e+03
2.344693282027130863e+03
2.245101416799674553e+03
1.834172862584538734e+03
1.858685850266524540e+03
2.697664790425594674e+03
2.144641802777247449e+03
2.109193515368117914e+03
1.929021132708174264e+03
2.040551613935858086e+03
1.718923729459693732e+03
2.079248657394393376e+03
2.503986433477910396e+03
1.839234926647033490e+03
1.824793925689946946e+03
1.826052513476192871e+03
2.294413154869001573e+03
2.797219872847324041e+03
1.813548711023948044e+03
2.343000683333456436e+03
1.884160627063705533e+03
2.043939065022027989e+03
1.741270541888373828e+03
1.869686946745488740e+03
1.873598651849152475e+03
2.900671802168924387e+03
1.763193573009669763e+03
1.921502597891847699e+03
1.761190976007224890e+03
1.762613473571585473e+03
2.680019693776423082e+03
2.128295111442685993e+03
2.484681078751921632e+03
1.906299980470873379e+03
2.174772312540176245e+03
1.800094097854485653e+03
2.670403516390549157e+03
1.823626999623993470e+03
2.235861022319166750e+03
1.742017393893503595e+03
2.173841182144272352e+03
1.829417941763967292e+03
1.844914946338071559e+03
1.784133080716362201e+03
2.039024459631247510e+03
2.040906724896940432e+03
1.833026013612036650e+03
2.317547264528507185e+03
1.807413357062965588e+03
1.783879840440167072e+03
2.478765371891423911e+03
2.139555583295608812e+03
1.939195463006517002e+03
1.918825792267576844e+03
1.828004570183647729e+03
1.780176869151044684e+03
3.564177224515620765e+03
2.003366768160168931e+03
2.367810162688780565e+03
1.763281481357136727e+03
2.771995052355905955e+03
2.193960619769820823e+03
2.017308270241974924e+03
2.451749139320324957e+03
2.372149152402344953e+03
1.703094627080558894e+03
1.981982595006583324e+03
1.429698538313263043e+03
1.759733423284145147e+03
2.281999027448946435e+03
1.905390813512624163e+03
3.431710265895759676e+03
2.156316379831833729e+03
1.877344776926816394e+03
1.990190081586298447e+03
1.752003598233595540e+03
2.575555643105616582e+03
1.755713112990919399e+03
2.060496813830040537e+03
1.972322029629948474e+03
1.744998096499146868e+03
1.848294423844112998e+03
2.484188555071426435e+03
1.849116562716717908e+03
2.716207137989953026e+03
2.395089393263703187e+03
1.792647656026255390e+03
1.946856385507968298e+03
1.847395223071848932e+03
2.050462319775676406e+03
1.831976026857481429e+03
1.772319222170227249e+03
1.510205633116790068e+03
2.086460502015685506e+03
2.045042437283238314e+03
1.781300679664601603e+03
1.967518266064065529e+03
2.260123971270916172e+03
1.969933244774900459e+03
2.926858273740412642e+03
1.761015815167861092e+03
2.088680555464150530e+03
2.261597729622361385e+03
1.964605914383210347e+03
2.039289617249832418e+03
2.469137563592800689e+03
1.877671005689099502e+03
1.862260977190156382e+03
2.106462306946658373e+03
2.108411235988650333e+03
1.935728552472858610e+03
1.801481825616990136e+03
2.036535461570783582e+03
1.813891270732385010e+03
3.609286288032995344e+03
2.521516237214861576e+03
2.396988655203511826e+03
1.708364983470503148e+03
1.869179915978376812e+03
1.747269641594041104e+03
1.874606101056656826e+03
1.815191755814460066e+03
1.836942811394413866e+03
1.855131187419474145e+03
1.954057326267802182e+03
1.819196292942115178e+03
2.050250199138470180e+03
2.808574266644595355e+03
2.805314554861040961e+03
1.798227525160414189e+03
2.082893751120586785e+03
2.484524296036056967e+03
1.749751577985848371e+03
1.783544721997927809e+03
1.671098370908602192e+03
1.998913347261314357e+03
1.880701355587492799e+03
1.924333981962314738e+03
1.838213595900499286e+03
2.243788824146490697e+03
2.017122942799901693e+03
2.031746536457725824e+03
1.782518640748955249e+03
2.163138004868008920e+03
2.004851867683156343e+03
2.026010496049574613e+03
1.879210842727719864e+03
1.851000383152129189e+03
1.818410635296363353e+03
1.784768533350324333e+03
2.193477853595736633e+03
1.826242852051121190e+03
2.263172108576423398e+03
1.867577923794086018e+03
1.907216378793608328e+03
2.161797320250248504e+03
2.189412019927972779e+03
2.689495778675446218e+03
1.940388709814026925e+03
2.828602575884046018e+03
1.836453120046284084e+03
2.042012383664544586e+03
1.823713815452526433e+03
2.242761575057144455e+03
1.793928698847866599e+03
2.474991570309886811e+03
1.772334589795408874e+03
2.307773000038959253e+03
1.780650975727083051e+03
2.045041339338623857e+03
1.861081485174248883e+03
2.079014863452256577e+03
1.848688274015883053e+03
1.766209446740810790e+03
2.430746574990382214e+03
1.950836158053489498e+03
1.841819298125376008e+03
1.769930243659022153e+03
2.069831351534180158e+03
1.804307744681864961e+03
1.911550026884036242e+03
1.786372076896110457e+03
1.875720460743054673e+03
2.063533893615629495e+03
3.302739025013906939e+03
1.728966715413523843e+03
1.933236943390063971e+03
1.934081969398687534e+03
1.668171754559216197e+03
1.913205987369681679e+03
1.957786571157799017e+03
3.386437243845682588e+03
1.998460403479157094e+03
2.444777827929513478e+03
1.796803087370207550e+03
1.829712198926730935e+03
1.881874582473388955e+03
2.276123635921278037e+03
1.865931013924946001e+03
3.365154527379050705e+03
1.948785539991492442e+03
2.439521979848379488e+03
1.953269062847851728e+03
2.450947285223834115e+03
1.980746936702337962e+03
1.828754614476785036e+03
1.891445290961532010e+03
3.062637084230912933e+03
2.594601055031107535e+03
1.855847416767953064e+03
2.019097450279968825e+03
1.810739557551616826e+03
3.266167490001954320e+03
2.021919219597118854e+03
2.684306443969480824e+03
1.772079353947788377e+03
1.810887356524523284e+03
2.258689334689668158e+03
1.791740618988370443e+03
2.805076518814075826e+03
2.005652344568794661e+03
1.909610621159480843e+03
2.178832255930412430e+03
1.916123381946200425e+03
1.861886650639331947e+03
2.870494073520779693e+03
2.195058953201407348e+03
1.793326533870693311e+03
1.808838983662266173e+03
1.873957388278291546e+03
1.883551039172491073e+03
2.767425054285043643e+03
2.023354077861168435e+03
1.811620352697106000e+03
1.799752012943238014e+03
1.804714224221349696e+03
1.873653954215872091e+03
1.753729546897901173e+03
3.654048320544265152e+03
2.175802663711987407e+03
1.909553895423475751e+03
2.210488551871820164e+03
2.399354122706666658e+03
2.104163004801062016e+03
2.343083316073669266e+03
1.761433224291346050e+03
1.729142732725469386e+03
1.886068185798293825e+03
1.837943456098612387e+03
1.752768976334187300e+03
1.767864713648818451e+03
2.760985605080548794e+03
2.255743579960741954e+03
1.992195062497243271e+03
1.954803754391150505e+03
2.381907006328316584e+03
1.782460789109218013e+03
2.197146045235221209e+03
2.429942212710777312e+03
2.101926674491382073e+03
1.772106672671332944e+03
2.845373221170622855e+03
1.923129469573256529e+03
2.215510861789100090e+03
2.243753363031523349e+03
2.371248459213590195e+03
2.409889399746658455e+03
1.798727215764394032e+03
1.877863544218995685e+03
1.731593520250510437e+03
1.898743658569342415e+03
2.204918524384479042e+03
1.751611251922179918e+03
1.819590359436260542e+03
1.793848651604895394e+03
1.962448990644806145e+03
2.506838738407291657e+03
2.056681001535617725e+03
1.912589301258692558e+03
2.236274158396888652e+03
1.940180373161349507e+03
1.761341614337572764e+03
2.114021360761680626e+03
2.034242022483068467e+03
1.809318818340375174e+03
1.957567514580333636e+03
1.732678692351791142e+03
1.718770768662231148e+03
1.938959453690754344e+03
2.085799325826524637e+03
2.051271355422251872e+03
1.805442343252270575e+03
2.854746488608164782e+03
3.670975149972980944e+03
1.986893426103043339e+03
1.780352777816240632e+03
1.871281227067559030e+03
2.029236518249156916e+03
1.861560035493238729e+03
1.749089591237822560e+03
2.769839469933068358e+03
2.229215496257775612e+03
2.474489276907198018e+03
1.876487660358401854e+03
1.921278365560383463e+03
2.603605166850186833e+03
1.755618010253238481e+03
1.860727885886120703e+03
2.167548295694627996e+03
1.898048400449134306e+03
1.817679771706708607e+03
2.063773035145891754e+03
1.875219942092399151e+03
1.937346375905589184e+03
2.222468218010949840e+03
2.010332200700809153e+03
3.549084740821724608e+03
1.814950674091080145e+03
3.630006523937408019e+03
1.824718249964900224e+03
1.999890441272203816e+03
1.893747475312938832e+03
1.771761642296204400e+03
1.737212633197862715e+03
2.100038865715202974e+03
1.736661881456115225e+03
2.016437900639144800e+03
1.801815083457971923e+03
1.971633135987831338e+03
1.844802447193088028e+03
1.835414025787735454e+03
1.831080760137966763e+03
2.518416157753244079e+03
2.206407483577924722e+03
4.734652999215016280e+03
1.728914703449122499e+03
1.848955043349999869e+03
1.912238352922692002e+03
2.136798447517973273e+03
1.982435001777240132e+03
2.492882671606246276e+03
2.570688261244660225e+03
1.898770728932015572e+03
1.772148158846434171e+03
1.822901167222971935e+03
1.795829347022918000e+03
2.026090797343576241e+03
