3.553624041011706203e-03 3.553624041011706203e-03 3.553624041011706203e-03 3.553624041011706203e-03 3.553624041011706203e-03 3.553624041011706203e-03 3.553624041011706203e-03 3.553624041011706203e-03 3.553624041011706203e-03 3.553624041011706203e-03 3.553624041011706203e-03
3.525703414875448489e-03 3.525703414875448489e-03 3.525703414875448489e-03 3.525703414875448489e-03 3.525703414875448489e-03 3.525703414875448489e-03 3.525703414875448489e-03 3.525703414875448489e-03 3.525703414875448489e-03 3.525703414875448489e-03 3.525703414875448489e-03
3.740432746181788799e-03 3.740432746181788799e-03 3.740432746181788799e-03 3.740432746181788799e-03 3.740432746181788799e-03 3.740432746181788799e-03 3.740432746181788799e-03 3.740432746181788799e-03 3.740432746181788799e-03 3.740432746181788799e-03 3.740432746181788799e-03
3.938281787666398324e-03 3.938281787666398324e-03 3.938281787666398324e-03 3.938281787666398324e-03 3.938281787666398324e-03 3.938281787666398324e-03 3.938281787666398324e-03 3.938281787666398324e-03 3.938281787666398324e-03 3.938281787666398324e-03 3.938281787666398324e-03
4.886858063109952161e-03 4.886858063109952161e-03 4.886858063109952161e-03 4.886858063109952161e-03 4.886858063109952161e-03 4.886858063109952161e-03 4.886858063109952161e-03 4.886858063109952161e-03 4.886858063109952161e-03 4.886858063109952161e-03 4.886858063109952161e-03
7.145096565839003343e-03 7.145096565839003343e-03 7.145096565839003343e-03 7.145096565839003343e-03 7.145096565839003343e-03 7.145096565839003343e-03 7.145096565839003343e-03 7.145096565839003343e-03 7.145096565839003343e-03 7.145096565839003343e-03 7.145096565839003343e-03
1.052297709204050823e-02 1.052297709204050823e-02 1.052297709204050823e-02 1.052297709204050823e-02 1.052297709204050823e-02 1.052297709204050823e-02 1.052297709204050823e-02 1.052297709204050823e-02 1.052297709204050823e-02 1.052297709204050823e-02 1.052297709204050823e-02
1.468257716299676240e-02 1.468257716299676240e-02 1.468257716299676240e-02 1.468257716299676240e-02 1.468257716299676240e-02 1.468257716299676240e-02 1.468257716299676240e-02 1.468257716299676240e-02 1.468257716299676240e-02 1.468257716299676240e-02 1.468257716299676240e-02
1.970279024593595690e-02 1.970279024593595690e-02 1.970279024593595690e-02 1.970279024593595690e-02 1.970279024593595690e-02 1.970279024593595690e-02 1.970279024593595690e-02 1.970279024593595690e-02 1.970279024593595690e-02 1.970279024593595690e-02 1.970279024593595690e-02
2.564389704431444331e-02 2.564389704431444331e-02 2.564389704431444331e-02 2.564389704431444331e-02 2.564389704431444331e-02 2.564389704431444331e-02 2.564389704431444331e-02 2.564389704431444331e-02 2.564389704431444331e-02 2.564389704431444331e-02 2.564389704431444331e-02
3.275324229726046116e-02 3.275324229726046116e-02 3.275324229726046116e-02 3.275324229726046116e-02 3.275324229726046116e-02 3.275324229726046116e-02 3.275324229726046116e-02 3.275324229726046116e-02 3.275324229726046116e-02 3.275324229726046116e-02 3.275324229726046116e-02
