1.827860512454267727e+00 1.827860512454267727e+00 1.827860512454267727e+00 1.827860512454267727e+00 1.827860512454267727e+00 1.827860512454267727e+00 1.827860512454267727e+00 1.827860512454267727e+00 1.827860512454267727e+00 1.827860512454267727e+00 1.827860512454267727e+00
1.813509125837341918e+00 1.813509125837341918e+00 1.813509125837341918e+00 1.813509125837341918e+00 1.813509125837341918e+00 1.813509125837341918e+00 1.813509125837341918e+00 1.813509125837341918e+00 1.813509125837341918e+00 1.813509125837341918e+00 1.813509125837341918e+00
1.923997374846696529e+00 1.923997374846696529e+00 1.923997374846696529e+00 1.923997374846696529e+00 1.923997374846696529e+00 1.923997374846696529e+00 1.923997374846696529e+00 1.923997374846696529e+00 1.923997374846696529e+00 1.923997374846696529e+00 1.923997374846696529e+00
2.025813025057938699e+00 2.025813025057938699e+00 2.025813025057938699e+00 2.025813025057938699e+00 2.025813025057938699e+00 2.025813025057938699e+00 2.025813025057938699e+00 2.025813025057938699e+00 2.025813025057938699e+00 2.025813025057938699e+00 2.025813025057938699e+00
2.518907632578201383e+00 2.518907632578201383e+00 2.518907632578201383e+00 2.518907632578201383e+00 2.518907632578201383e+00 2.518907632578201383e+00 2.518907632578201383e+00 2.518907632578201383e+00 2.518907632578201383e+00 2.518907632578201383e+00 2.518907632578201383e+00
3.683656364703067343e+00 3.683656364703067343e+00 3.683656364703067343e+00 3.683656364703067343e+00 3.683656364703067343e+00 3.683656364703067343e+00 3.683656364703067343e+00 3.683656364703067343e+00 3.683656364703067343e+00 3.683656364703067343e+00 3.683656364703067343e+00
5.426536661833297970e+00 5.426536661833297970e+00 5.426536661833297970e+00 5.426536661833297970e+00 5.426536661833297970e+00 5.426536661833297970e+00 5.426536661833297970e+00 5.426536661833297970e+00 5.426536661833297970e+00 5.426536661833297970e+00 5.426536661833297970e+00
7.573289638134485635e+00 7.573289638134485635e+00 7.573289638134485635e+00 7.573289638134485635e+00 7.573289638134485635e+00 7.573289638134485635e+00 7.573289638134485635e+00 7.573289638134485635e+00 7.573289638134485635e+00 7.573289638134485635e+00 7.573289638134485635e+00
1.016467415703268706e+01 1.016467415703268706e+01 1.016467415703268706e+01 1.016467415703268706e+01 1.016467415703268706e+01 1.016467415703268706e+01 1.016467415703268706e+01 1.016467415703268706e+01 1.016467415703268706e+01 1.016467415703268706e+01 1.016467415703268706e+01
1.323194927035040713e+01 1.323194927035040713e+01 1.323194927035040713e+01 1.323194927035040713e+01 1.323194927035040713e+01 1.323194927035040713e+01 1.323194927035040713e+01 1.323194927035040713e+01 1.323194927035040713e+01 1.323194927035040713e+01 1.323194927035040713e+01
1.690302063923795828e+01 1.690302063923795828e+01 1.690302063923795828e+01 1.690302063923795828e+01 1.690302063923795828e+01 1.690302063923795828e+01 1.690302063923795828e+01 1.690302063923795828e+01 1.690302063923795828e+01 1.690302063923795828e+01 1.690302063923795828e+01
