2.116296073824336117e-03 2.102274289794843834e-03 2.089245210272967865e-03 2.074410311675287198e-03 2.061748382729338205e-03 2.049161956564277739e-03 2.037480676657311279e-03 2.024476690142893234e-03 2.010430061604033189e-03 1.997845153175906684e-03 1.983723551238656888e-03
3.606884323984941177e-03 3.545962634981125999e-03 3.480808572402402119e-03 3.435728099717700983e-03 3.377256744583854997e-03 3.318493421665904067e-03 3.271969451416252474e-03 3.213981163113710775e-03 3.162799648138839032e-03 3.111167119972836105e-03 3.061905337622698644e-03
9.834019967000284801e-03 9.384033952244423896e-03 8.945521129622610937e-03 8.535759256724268981e-03 8.136701021142627235e-03 7.750108881381530604e-03 7.376481855244985779e-03 7.019529797007445331e-03 6.671216451149693770e-03 6.338586774477648900e-03 6.026369310062648470e-03
2.039304901957213201e-02 1.939107480469882613e-02 1.834062619763107693e-02 1.705404062633908424e-02 1.567181361610574253e-02 1.441365127757220782e-02 1.330696643959587873e-02 1.232966339160348687e-02 1.146135661380196652e-02 1.068227352500317542e-02 9.979813458472834922e-03
3.463331437564545062e-02 3.125791776047696230e-02 2.819670905705482650e-02 2.546585206682486224e-02 2.299467492412107794e-02 2.120979339979855299e-02 1.954432455819182443e-02 1.773043633339233330e-02 1.610543069343823436e-02 1.474965756531368410e-02 1.360504598716128118e-02
5.378343082878653258e-02 4.704422003044996664e-02 4.132099521013143234e-02 3.644621539745653699e-02 3.206891494618197003e-02 2.847839070729410102e-02 2.548657242010006832e-02 2.344176477340006656e-02 2.147632863811650000e-02 1.959997197363225196e-02 1.799900155691628797e-02
7.813441401547040199e-02 6.657160822704202841e-02 5.737471867920377472e-02 4.897862196925591161e-02 4.278493937129823621e-02 3.747060031205160652e-02 3.331716439664907103e-02 2.990090892618241930e-02 2.750406861841874634e-02 2.544306326403934781e-02 2.342399119436728433e-02
1.082974432164722778e-01 9.053665796578333480e-02 7.551238950189792520e-02 6.422728878083293347e-02 5.490018371700919331e-02 4.812057557537197799e-02 4.254304584131591432e-02 3.818220684841468898e-02 3.457366056216914368e-02 3.196232389268015978e-02 2.976281750843196364e-02
1.450336075548878390e-01 1.182000981296440906e-01 9.732209369753094808e-02 8.129684663051651994e-02 6.915062399900581691e-02 6.030462007569474536e-02 5.332272039012773274e-02 4.774489875146840923e-02 4.326992629456370004e-02 3.951849561580796089e-02 3.678468911950145970e-02
1.881878374533224318e-01 1.507252396033831043e-01 1.217828907926502696e-01 1.004732497734868030e-01 8.573448270661626625e-02 7.396674146845129416e-02 6.565698993378865644e-02 5.863665397226216353e-02 5.315514084714622473e-02 4.854475361537272798e-02 4.470920990135312384e-02
2.381715089219158255e-01 1.871441027066469698e-01 1.492047384912188468e-01 1.226381897880320787e-01 1.040441249556528086e-01 8.962819989160854262e-02 7.939632197290037718e-02 7.105037966020795459e-02 6.424111129690451838e-02 5.871800190156322569e-02 5.398983374651955547e-02
