1.090402582343576038e-01 1.103795948966112134e-01 1.128218544696837633e-01 1.162868039877845289e-01 1.208390307908985412e-01 1.264041116760751260e-01 1.327864775022334909e-01 1.402411187459182418e-01 1.485755534775663467e-01 1.572986865576986304e-01 1.666741207328765184e-01
1.858744398987229318e-01 1.899515803745639442e-01 1.961838143987057748e-01 2.043392455223281279e-01 2.144242116882315308e-01 2.273817494742547407e-01 2.407433556821167442e-01 2.561573490547588983e-01 2.735810619140423006e-01 2.916810038069252986e-01 3.116033241399757681e-01
5.069413447827316732e-01 5.332541636094262349e-01 5.667171556421337630e-01 6.072257891549348585e-01 6.556770551445076922e-01 7.124783134088902292e-01 7.780707307732328548e-01 8.536099599696245210e-01 9.378814588068985492e-01 1.031957540034238452e+00 1.136733771322586239e+00
1.051564315503072944e+00 1.122069814394027087e+00 1.216745913931683187e+00 1.329763673295599746e+00 1.459585252035095371e+00 1.610863080383195811e+00 1.786178911965350613e+00 1.982956246985134285e+00 2.194894087148443695e+00 2.419905056293697232e+00 2.663725462786777243e+00
1.786232525829501760e+00 1.966238091634568974e+00 2.185822618841075649e+00 2.466537923276897804e+00 2.769089467818695027e+00 3.097219631665278694e+00 3.492101466104620577e+00 3.943742577191150289e+00 4.430989022768287988e+00 4.961573507683341155e+00 5.544983741733933158e+00
2.774340652184764000e+00 3.135736615956161710e+00 3.601053254757068167e+00 4.120472552805177990e+00 4.721465505413277697e+00 5.425352218356713330e+00 6.204793465289903054e+00 7.056565860997438655e+00 8.039612524666202020e+00 9.118511512440710121e+00 1.026922808929865916e+01
4.030948835673565434e+00 4.700310515723279181e+00 5.520627461952985371e+00 6.444786067476501401e+00 7.537924015762503593e+00 8.766176850970039069e+00 1.015624040439712594e+01 1.171151981567193978e+01 1.341280889260087328e+01 1.534693459745901478e+01 1.745611249690887234e+01
5.587703485069754450e+00 6.700303042977562740e+00 8.029206475369351281e+00 9.560985618617227288e+00 1.134924889301784923e+01 1.335555993679712117e+01 1.568457768345769665e+01 1.825032114637819802e+01 2.114000064935154555e+01 2.445289115659391044e+01 2.821021289202132820e+01
7.484015977308702716e+00 9.179905884451189380e+00 1.120430448260279199e+01 1.356100855061835375e+01 1.636064455027732123e+01 1.950741626176554533e+01 2.321912855744089654e+01 2.757623581470543073e+01 3.266279380770087215e+01 3.930398091035944930e+01 4.742706499337723614e+01
9.711811247809924552e+00 1.214877276158875041e+01 1.510023421888420891e+01 1.864896660739849565e+01 2.278760395946223127e+01 2.785659723417722233e+01 3.406292108066245561e+01 4.280402433872822598e+01 5.327108238259486228e+01 6.560539826569886657e+01 8.017488920893583781e+01
1.229254085330181923e+01 1.565536135301885778e+01 1.987555778365310033e+01 2.493344773889721466e+01 3.130241328119667443e+01 4.011046148648927812e+01 5.212785731443631931e+01 6.659299773606264239e+01 8.419447970694604066e+01 1.056505129919944608e+02 1.296986617206044059e+02
