-5.898848514247220010e+00 -6.328855508822016418e+00 -6.447084711806382984e+00 -6.527629251242615283e+00 -6.589348077541217208e+00 -6.639600753260310739e+00 -6.681885464058723301e+00 -6.718766648904420435e+00 -6.751229585206601769e+00 -6.780467954464256763e+00 -6.807090960035566241e+00
-6.060179254389367998e+00 -6.490826249297242612e+00 -6.613578047254122794e+00 -6.697078053141012788e+00 -6.760332335717976093e+00 -6.812195835867896676e+00 -6.855780519661493599e+00 -6.893746668240055442e+00 -6.927127837145235389e+00 -6.957434553187340498e+00 -6.984774472191929817e+00
-6.495462473947554827e+00 -6.925558879564050585e+00 -7.061990859976503998e+00 -7.152507183258421719e+00 -7.221400522161275148e+00 -7.277217882277909666e+00 -7.324484365002717823e+00 -7.365334313071798533e+00 -7.401456608786247671e+00 -7.433912783802952617e+00 -7.463395833910908550e+00
-7.092851339548360556e+00 -7.526481530570890754e+00 -7.677582283329684287e+00 -7.777901650581043214e+00 -7.854232731508091092e+00 -7.915908287512138486e+00 -7.968139518809039146e+00 -8.013143457879777998e+00 -8.052964062371756881e+00 -8.088493343035224825e+00 -8.120759310200810432e+00
-7.743601652444340289e+00 -8.180663082224782556e+00 -8.347991943359375000e+00 -8.459779710392467678e+00 -8.544131711998488754e+00 -8.612532851228024811e+00 -8.669958073762245476e+00 -8.719465011963620782e+00 -8.763126486039254814e+00 -8.801744150579907000e+00 -8.836663734226021916e+00
-8.369169296231120825e+00 -8.814604047744069248e+00 -8.999061412701848894e+00 -9.121670720167458057e+00 -9.214180459908675402e+00 -9.288761134201195091e+00 -9.351305097457952797e+00 -9.404780848301015794e+00 -9.451543729926925153e+00 -9.492891750298440456e+00 -9.529545876081101596e+00
-8.919681873521767557e+00 -9.391590614512097090e+00 -9.592556954361498356e+00 -9.725098605849780142e+00 -9.824751200794707984e+00 -9.904860218928661197e+00 -9.971244809392374009e+00 -1.002802556595997885e+01 -1.007666369178332388e+01 -1.011857901414623484e+01 -1.015456054266542196e+01
-9.396365400985814631e+00 -9.900085432222113013e+00 -1.011472892569145188e+01 -1.025618478760588914e+01 -1.036209364328533411e+01 -1.044632720050867647e+01 -1.051571033796062693e+01 -1.057342626154422760e+01 -1.062161462655058131e+01 -1.066099226637743413e+01 -1.069331043947022408e+01
-9.803387054416816682e+00 -1.033915971819078550e+01 -1.056633756274823099e+01 -1.071525052195647731e+01 -1.082594106975011528e+01 -1.091332811064785346e+01 -1.098343641508836299e+01 -1.104003985115559772e+01 -1.108402171841589734e+01 -1.112001034506829455e+01 -1.115029197657713667e+01
-1.014888906473061070e+01 -1.071603178296936676e+01 -1.095378431433346123e+01 -1.110890400991775095e+01 -1.122335122688673437e+01 -1.131160986440954730e+01 -1.138045180641347542e+01 -1.143211804691236466e+01 -1.147326285124290735e+01 -1.150707579404115677e+01 -1.153538894647499546e+01
-1.044471790478564799e+01 -1.103868865990079939e+01 -1.128547367453575134e+01 -1.144558352325111628e+01 -1.156221622915472835e+01 -1.164964324230095372e+01 -1.171378450520569459e+01 -1.176247147453250363e+01 -1.180136723502073437e+01 -1.183313162310514599e+01 -1.185967994201928377e+01
