2.716389610002258337e+02 4.357134631740910322e+02 4.796458263378785318e+02 5.045818891066990659e+02 5.201699448478236718e+02 5.316403839661770689e+02 5.401466279922666445e+02 5.467376408682948750e+02 5.526315994156958595e+02 5.571101943319539487e+02 5.613700996211214260e+02
2.852788123461749592e+02 4.537240712207428714e+02 5.000958186744359182e+02 5.257400282935042242e+02 5.416476177013971665e+02 5.530037740228104894e+02 5.615656671054956632e+02 5.684129710919979743e+02 5.742790466667214559e+02 5.789896638859919449e+02 5.832350871728350512e+02
3.272763452091847967e+02 5.093556477521290731e+02 5.624487767763521333e+02 5.893801338713673204e+02 6.058638333199463659e+02 6.176453709454063983e+02 6.264498205844337235e+02 6.332704677685278511e+02 6.392913984541157788e+02 6.441799308185471773e+02 6.480977508314227862e+02
4.002537725004890490e+02 6.093306408965296441e+02 6.685018256552937146e+02 6.963639900479757898e+02 7.133785806026733098e+02 7.249975795128324307e+02 7.342923884518978639e+02 7.409744112194860008e+02 7.468216917769776728e+02 7.521778747450782703e+02 7.562828367440743023e+02
5.065215997712667786e+02 7.569382577972024819e+02 8.190144172542351271e+02 8.470458882792573831e+02 8.643742549780325817e+02 8.766277585268330768e+02 8.863051663733083387e+02 8.939000127633333932e+02 9.001261414641633110e+02 9.058975352593839716e+02 9.121255446132998941e+02
6.452381706851423360e+02 9.536745584519240992e+02 1.017184356944436331e+03 1.046124332446481731e+03 1.064948835877962438e+03 1.077908212274665630e+03 1.089884374409543170e+03 1.101168134127253552e+03 1.110858375608080905e+03 1.119309902802690431e+03 1.126680541361288988e+03
8.467541409867274069e+02 1.202771395825708396e+03 1.269304189006884826e+03 1.300505334171807817e+03 1.322548278409198474e+03 1.343084305314146377e+03 1.359624735970957772e+03 1.373619805964247007e+03 1.385233749176612491e+03 1.395200072332318086e+03 1.403307151572095336e+03
1.109235811193891777e+03 1.516627920987770722e+03 1.589515346628738598e+03 1.627066064478358840e+03 1.658477885153704847e+03 1.683565817061947655e+03 1.703733006564360721e+03 1.720042382543644862e+03 1.733482941706449992e+03 1.743909297860018114e+03 1.752617310778698084e+03
1.445228379176329781e+03 1.923646571975394863e+03 2.012320255331465887e+03 2.057305205122326697e+03 2.093496175045877408e+03 2.123381049085892755e+03 2.147152179082609564e+03 2.165650294231585576e+03 2.179745904702043390e+03 2.190964736799413913e+03 2.200379990292353796e+03
1.905708434439684424e+03 2.494863749862256554e+03 2.622934513171235267e+03 2.685741714669418343e+03 2.724070234381760656e+03 2.756646939250791547e+03 2.775926979992409997e+03 2.792042052452008647e+03 2.803685490959777326e+03 2.815738320993501020e+03 2.825663474147248053e+03
2.655189024517909274e+03 3.436725170579262794e+03 3.636966863267075951e+03 3.756883255846687007e+03 3.828335762460367278e+03 3.875208069619872731e+03 3.891876152332035417e+03 3.919571357805938533e+03 3.939793314640587141e+03 3.967916036764198907e+03 3.967661922253932516e+03
