0.000000000000000000e+00 2.091757536618388258e-02 4.156624449387891218e-02 6.244272921321680769e-02 8.298476334675797261e-02 1.037367077442468144e-01 1.237098847486777231e-01 1.443767353448492941e-01 1.652205068166949786e-01 1.851647327930550091e-01 2.055634243552049156e-01
0.000000000000000000e+00 3.384660432493546978e-02 6.837285463552689180e-02 1.012258553528226912e-01 1.351277801113610622e-01 1.702038585826812778e-01 2.031369080541480798e-01 2.378676652551803272e-01 2.718231210965313949e-01 3.058963026996934786e-01 3.401848717621760443e-01
0.000000000000000000e+00 6.176012924697715789e-02 1.239044160101911984e-01 1.861083307958324440e-01 2.486781751795206219e-01 3.119134050029970240e-01 3.757250524759001564e-01 4.403193838406878058e-01 5.061144743049226236e-01 5.731711267508217134e-01 6.407999151779222302e-01
0.000000000000000000e+00 1.095414676710788626e-01 2.182425809514825232e-01 3.272381550013960805e-01 4.385106830122822430e-01 5.529639647756994236e-01 6.708569705078843981e-01 7.930894974451803137e-01 9.196187942252436187e-01 1.050653605376282940e+00 1.186858478100475622e+00
0.000000000000000000e+00 1.713085853189113550e-01 3.455131594455451705e-01 5.230650376797711942e-01 7.076066300796810538e-01 9.002761890842521098e-01 1.099462007514375728e+00 1.306993939550011419e+00 1.525254629184928490e+00 1.755242242950771470e+00 1.997168932517524809e+00
0.000000000000000000e+00 2.448042721225647256e-01 4.949757106151082553e-01 7.545604434271808714e-01 1.027690555845765630e+00 1.316935621824086411e+00 1.624463804910192266e+00 1.951144609938637586e+00 2.295478491618268890e+00 2.657150422255654121e+00 3.039175481986603700e+00
0.000000000000000000e+00 3.245320869064016733e-01 6.588982216635486111e-01 1.011082697696110699e+00 1.388810562486469280e+00 1.794214011468284298e+00 2.230379192147665890e+00 2.697173260694398778e+00 3.193234806767577538e+00 3.715457262336713029e+00 4.263072491256025387e+00
0.000000000000000000e+00 4.074964764549804386e-01 8.311866589865530841e-01 1.285825384009513073e+00 1.778751491619914304e+00 2.316339436143607600e+00 2.896121398360264720e+00 3.520026683705509640e+00 4.182354391738044797e+00 4.881366998972225701e+00 5.609595974117837613e+00
0.000000000000000000e+00 4.912826964973646682e-01 1.008382222091313452e+00 1.570481173028383637e+00 2.187881970356102102e+00 2.866128041208867216e+00 3.601224644153262489e+00 4.389848698952846462e+00 5.225559871763834963e+00 6.102037852106150240e+00 7.014372348567121662e+00
0.000000000000000000e+00 5.751004760786599945e-01 1.186062666842190083e+00 1.858957785592792789e+00 2.606959458291385090e+00 3.428858800663874717e+00 4.322213643339637201e+00 5.274081393905362347e+00 6.282838000617630314e+00 7.340357335644512204e+00 8.441228363073605578e+00
0.000000000000000000e+00 6.572184093893156387e-01 1.362241446135158185e+00 2.147844271050416864e+00 3.025200661646522349e+00 3.989952536532655358e+00 5.036048717840458266e+00 6.157890375678107375e+00 7.344721901677985443e+00 8.588082599846529774e+00 9.878644336229626788e+00
