-5.951818623067083536e+00 -5.962387115538149374e+00 -5.972964124273858033e+00 -5.983371379697928205e+00 -5.994064441038062796e+00 -6.005066008587164106e+00 -6.015635938994819298e+00 -6.026985604290530318e+00 -6.038337667207088089e+00 -6.049554638459085254e+00 -6.060867839623824693e+00
-6.251480472950788680e+00 -6.268476594093954191e+00 -6.286025874022016069e+00 -6.303734181456093211e+00 -6.321687806554109557e+00 -6.341010608288343064e+00 -6.359021021824446507e+00 -6.378125216830085265e+00 -6.397613606055529090e+00 -6.417134416835324373e+00 -6.437482126104441704e+00
-6.852999627684766892e+00 -6.884474181730183773e+00 -6.917497826805629302e+00 -6.951939994702115655e+00 -6.987871498145977966e+00 -7.025401432376384037e+00 -7.064442072962265229e+00 -7.105171077615523245e+00 -7.147302555331407348e+00 -7.191689868701359956e+00 -7.237396854165126570e+00
-7.519871048480126774e+00 -7.577349576204142068e+00 -7.639876765442750184e+00 -7.707830024817667436e+00 -7.781614918596460484e+00 -7.861477074246067787e+00 -7.947116799528885167e+00 -8.038983154099696549e+00 -8.136995402895990992e+00 -8.241778849125694251e+00 -8.352987666101398645e+00
-8.230232143730972894e+00 -8.321990270815149415e+00 -8.426732378666201839e+00 -8.543997226468491135e+00 -8.675350439414614812e+00 -8.821777087083319202e+00 -8.982179698639811249e+00 -9.156531553955574054e+00 -9.344858623051550239e+00 -9.546851022678310983e+00 -9.761809159947006265e+00
-8.907755598396761343e+00 -9.041538012465025531e+00 -9.198762325537245488e+00 -9.381659216116531752e+00 -9.591141711727686925e+00 -9.826530304904736113e+00 -1.008823312881941092e+01 -1.037526803255241248e+01 -1.068599370711672236e+01 -1.101928653850700357e+01 -1.137354641676574829e+01
-9.520651161918067373e+00 -9.700652555766282603e+00 -9.919608909625821980e+00 -1.018090972226127633e+01 -1.048461926984600723e+01 -1.083037560833327007e+01 -1.121619021491642343e+01 -1.163947127307255869e+01 -1.209772129914927064e+01 -1.258750438690185547e+01 -1.310666621528071119e+01
-1.005749935438871034e+01 -1.028675932509941049e+01 -1.057454454017715761e+01 -1.092441396463618730e+01 -1.133624133481498575e+01 -1.180790510470615118e+01 -1.233393573629655293e+01 -1.291175970484982827e+01 -1.353384661828749813e+01 -1.419670394056083751e+01 -1.489375552916317247e+01
-1.052007150728968554e+01 -1.080078683613464818e+01 -1.116218166934777400e+01 -1.160874106262053829e+01 -1.213798498101095902e+01 -1.274586724970504292e+01 -1.342356737799855182e+01 -1.416367480667759082e+01 -1.495740783469591406e+01 -1.579624481553400983e+01 -1.667503460322768660e+01
-1.091621815297185094e+01 -1.124909084933096892e+01 -1.168754453094152268e+01 -1.223543215349127422e+01 -1.288891094352584332e+01 -1.363740168345975690e+01 -1.446990708990051644e+01 -1.537118808118975721e+01 -1.633597766543243779e+01 -1.735460930675253621e+01 -1.842047112339059822e+01
-1.125517132673849119e+01 -1.164043619121730444e+01 -1.215715901841394952e+01 -1.280931716941267950e+01 -1.358771799128589919e+01 -1.447557022465116461e+01 -1.545863264713625540e+01 -1.652774841639984515e+01 -1.766916951623716159e+01 -1.887211752891380456e+01 -2.012674140957824420e+01
