2.511482541087072750e+05 2.511482541087072750e+05 2.511482541087072750e+05 2.511482541087072750e+05 2.511482541087072750e+05 2.511482541087072750e+05 2.511482541087072750e+05 2.511482541087072750e+05 2.511482541087072750e+05 2.511482541087072750e+05 2.511482541087072750e+05
2.543106625966576976e+05 2.543106625966576976e+05 2.543106625966576976e+05 2.543106625966576976e+05 2.543106625966576976e+05 2.543106625966576976e+05 2.543106625966576976e+05 2.543106625966576976e+05 2.543106625966576976e+05 2.543106625966576976e+05 2.543106625966576976e+05
2.640023446265475359e+05 2.640023446265475359e+05 2.640023446265475359e+05 2.640023446265475359e+05 2.640023446265475359e+05 2.640023446265475359e+05 2.640023446265475359e+05 2.640023446265475359e+05 2.640023446265475359e+05 2.640023446265475359e+05 2.640023446265475359e+05
2.784891582496571937e+05 2.784891582496571937e+05 2.784891582496571937e+05 2.784891582496571937e+05 2.784891582496571937e+05 2.784891582496571937e+05 2.784891582496571937e+05 2.784891582496571937e+05 2.784891582496571937e+05 2.784891582496571937e+05 2.784891582496571937e+05
2.968359064415555331e+05 2.968359064415555331e+05 2.968359064415555331e+05 2.968359064415555331e+05 2.968359064415555331e+05 2.968359064415555331e+05 2.968359064415555331e+05 2.968359064415555331e+05 2.968359064415555331e+05 2.968359064415555331e+05 2.968359064415555331e+05
3.179197825151407160e+05 3.179197825151407160e+05 3.179197825151407160e+05 3.179197825151407160e+05 3.179197825151407160e+05 3.179197825151407160e+05 3.179197825151407160e+05 3.179197825151407160e+05 3.179197825151407160e+05 3.179197825151407160e+05 3.179197825151407160e+05
3.414521706464557210e+05 3.414521706464557210e+05 3.414521706464557210e+05 3.414521706464557210e+05 3.414521706464557210e+05 3.414521706464557210e+05 3.414521706464557210e+05 3.414521706464557210e+05 3.414521706464557210e+05 3.414521706464557210e+05 3.414521706464557210e+05
3.684070119218064938e+05 3.684070119218064938e+05 3.684070119218064938e+05 3.684070119218064938e+05 3.684070119218064938e+05 3.684070119218064938e+05 3.684070119218064938e+05 3.684070119218064938e+05 3.684070119218064938e+05 3.684070119218064938e+05 3.684070119218064938e+05
4.017616388641296071e+05 4.017616388641296071e+05 4.017616388641296071e+05 4.017616388641296071e+05 4.017616388641296071e+05 4.017616388641296071e+05 4.017616388641296071e+05 4.017616388641296071e+05 4.017616388641296071e+05 4.017616388641296071e+05 4.017616388641296071e+05
4.470652557146129548e+05 4.470652557146129548e+05 4.470652557146129548e+05 4.470652557146129548e+05 4.470652557146129548e+05 4.470652557146129548e+05 4.470652557146129548e+05 4.470652557146129548e+05 4.470652557146129548e+05 4.470652557146129548e+05 4.470652557146129548e+05
5.197618784462272888e+05 5.197618784462272888e+05 5.197618784462272888e+05 5.197618784462272888e+05 5.197618784462272888e+05 5.197618784462272888e+05 5.197618784462272888e+05 5.197618784462272888e+05 5.197618784462272888e+05 5.197618784462272888e+05 5.197618784462272888e+05
