1.012430626156118052e+02 1.015767510484027838e+02 1.019120889728103805e+02 1.022242642547593476e+02 1.025606312366176809e+02 1.029139980734481554e+02 1.032480824387164517e+02 1.036698678316245434e+02 1.041335729997890809e+02 1.044990050003622883e+02 1.048767478564750917e+02
1.304592872231255001e+02 1.314534207868151725e+02 1.325086103387868945e+02 1.335503570161174878e+02 1.345896924881814130e+02 1.358979100545251129e+02 1.368286293285852651e+02 1.378544518072258143e+02 1.389823867850135457e+02 1.399195543897781704e+02 1.409562514723525908e+02
2.128775948256253514e+02 2.173245926032153932e+02 2.219256159107242183e+02 2.265481755254415930e+02 2.312742323203420085e+02 2.361056416863143284e+02 2.410541021540450970e+02 2.462381739164808891e+02 2.514326507842079366e+02 2.567430599638475428e+02 2.622592444976170327e+02
3.183790110830932463e+02 3.254247229024026637e+02 3.345734125622898318e+02 3.445222701098924176e+02 3.542935195283254188e+02 3.640419119159372485e+02 3.740251650657326081e+02 3.841772401417596257e+02 3.939358679446917790e+02 4.030223701795221700e+02 4.114283073177354026e+02
4.450433897253313944e+02 4.648187591074562306e+02 4.828713918971305930e+02 5.014472046323426753e+02 5.226200249224802974e+02 5.418717096215073070e+02 5.591259614953467008e+02 5.773842824526510640e+02 5.963573866952223170e+02 6.142929409338717051e+02 6.312707379628411672e+02
6.381022644902157026e+02 6.744419354138703966e+02 7.084504259583899284e+02 7.412634497661662181e+02 7.773424027023278313e+02 8.109222286664758030e+02 8.436789586110879782e+02 8.771765575725930830e+02 9.097226953330754213e+02 9.398310253453100813e+02 9.690311644986804822e+02
1.002987435154452214e+03 1.065092839501149228e+03 1.122369650338372821e+03 1.187472821451836126e+03 1.248780367331909929e+03 1.310676290838074465e+03 1.372571183757106610e+03 1.430136093455923628e+03 1.486471628767460288e+03 1.543280760716542773e+03 1.596045212837349482e+03
1.865424401632717490e+03 1.993473046673672570e+03 2.110840825657647201e+03 2.245699640162727064e+03 2.372385350425969591e+03 2.500790642037115049e+03 2.628435760403407585e+03 2.745719316499918932e+03 2.862816414887849078e+03 2.976721683724652394e+03 3.084164931591363711e+03
4.200124944135723126e+03 4.511228338846645784e+03 4.804350358629742914e+03 5.134612623065735534e+03 5.450191670906905529e+03 5.768227710569047304e+03 6.079305473744260780e+03 6.364847392342400781e+03 6.654847492143760974e+03 6.932752892930582675e+03 7.190413338273132467e+03
1.070983567792982831e+04 1.156106308429056298e+04 1.237604595502532175e+04 1.329192036106247178e+04 1.415808527426870387e+04 1.504543586309992133e+04 1.587876947891464806e+04 1.667364271397742777e+04 1.746685631634403035e+04 1.820141304517190656e+04 1.891730980356590953e+04
2.868037902133287571e+04 3.106564901885516520e+04 3.346141957606977667e+04 3.603510472792739893e+04 3.855553681091068574e+04 4.106652806320822856e+04 4.336925473110753956e+04 4.564388365281002916e+04 4.784298441880684550e+04 4.993427931691232516e+04 5.193354834703978122e+04
