0.000000000000000000e+00 4.300069945747964084e-01 5.482361975591629744e-01 6.287807369953952730e-01 6.904995632939971983e-01 7.407522390130907297e-01 7.830369498115032911e-01 8.199181346572004259e-01 8.523810709593817592e-01 8.816194402170367539e-01 9.082424457883462310e-01
0.000000000000000000e+00 4.306469949078746140e-01 5.533987928647547960e-01 6.368987987516447902e-01 7.001530813286080956e-01 7.520165814785286784e-01 7.956012652721256018e-01 8.335674138506874442e-01 8.669485827558673918e-01 8.972552987979725003e-01 9.245952178025618196e-01
0.000000000000000000e+00 4.300964056164957583e-01 5.665283860289491713e-01 6.570447093108668923e-01 7.259380482137203217e-01 7.817554083303548396e-01 8.290218910551629961e-01 8.698718391242437065e-01 9.059941348386928439e-01 9.384503098553977907e-01 9.679333599633537233e-01
0.000000000000000000e+00 4.336301910225301981e-01 5.847309437813237309e-01 6.850503110326826572e-01 7.613813919597305357e-01 8.230569479637779295e-01 8.752881792606785893e-01 9.202921183314174414e-01 9.601127228233963251e-01 9.956420034868642688e-01 1.027907970652449876e+00
0.000000000000000000e+00 4.370614297804422677e-01 6.043902909150347114e-01 7.161780579481273890e-01 8.005300595541484654e-01 8.689311987836845219e-01 9.263564213179051876e-01 9.758633595192804933e-01 1.019524833594914526e+00 1.058142498135566711e+00 1.093062081781681627e+00
0.000000000000000000e+00 4.454347515129484236e-01 6.298921164707280695e-01 7.525014239363372326e-01 8.450111636775545776e-01 9.195918379700742662e-01 9.821358012268319726e-01 1.035611552069894969e+00 1.082374433695804328e+00 1.123722454067319632e+00 1.160376579849980772e+00
0.000000000000000000e+00 4.719087409903295338e-01 6.728750808397307992e-01 8.054167323280125856e-01 9.050693272729404271e-01 9.851783454068936408e-01 1.051562935870606452e+00 1.108343692438211292e+00 1.156981818261556327e+00 1.198897140624467283e+00 1.234878669143654406e+00
0.000000000000000000e+00 5.037200312362983823e-01 7.183635247056372464e-01 8.598193866200745106e-01 9.657282422995194793e-01 1.049961799522861838e+00 1.119344936974812299e+00 1.177060860558412969e+00 1.225249225564766675e+00 1.264626865391619503e+00 1.296945038484409451e+00
0.000000000000000000e+00 5.357726637739688158e-01 7.629505083314143121e-01 9.118634675396606326e-01 1.022554015333298594e+00 1.109941056231036782e+00 1.180049360671546310e+00 1.236652796738781035e+00 1.280634663999080658e+00 1.316623290651477873e+00 1.346904922160319984e+00
0.000000000000000000e+00 5.671427182387560606e-01 8.048952496028505266e-01 9.600149451871402562e-01 1.074462162156123668e+00 1.162720799678936601e+00 1.231562741682864726e+00 1.283228982181753963e+00 1.324373786512296647e+00 1.358186729310546070e+00 1.386499881744384766e+00
0.000000000000000000e+00 5.939707551151514053e-01 8.407557697501033545e-01 1.000865618465468287e+00 1.117498324369080365e+00 1.204925337515305728e+00 1.269066600420046598e+00 1.317753569746855646e+00 1.356649330235086381e+00 1.388413718319498003e+00 1.414962037233635783e+00
