4.585602417867150507e+04 4.603099168536433717e+04 4.621335626917763875e+04 4.636811512065640272e+04 4.655174772576324904e+04 4.673610276047755178e+04 4.694638157097875228e+04 4.713150100518117688e+04 4.730365682447886502e+04 4.750345824629367416e+04 4.769961602586980734e+04
5.743498490137630142e+04 5.781128779561748524e+04 5.815606647140267887e+04 5.863019236004510458e+04 5.900543012835079571e+04 5.936630478889261576e+04 5.982426880728836113e+04 6.017233689381453587e+04 6.056175213655221160e+04 6.095386514617467037e+04 6.136151657870328199e+04
8.023600260975654237e+04 8.155726053990065702e+04 8.287612251149694202e+04 8.424220007612746849e+04 8.559793935573881026e+04 8.694295112201520533e+04 8.828373774916790717e+04 8.964930895536206663e+04 9.098175398486512131e+04 9.229907151432070532e+04 9.362695384713092062e+04
1.045071919954475743e+05 1.075873722260178329e+05 1.108169293207947194e+05 1.141850035727875656e+05 1.175933993231468339e+05 1.210003239104137319e+05 1.243961017510656966e+05 1.277750913501352334e+05 1.311403620264903584e+05 1.344608724596591201e+05 1.377676601535868249e+05
1.333380066353199654e+05 1.391738282137822825e+05 1.452119769120537967e+05 1.514150962456628331e+05 1.576848450310947082e+05 1.640439688899891335e+05 1.705456449704684492e+05 1.770857001412805694e+05 1.835259082260113501e+05 1.898429126056077948e+05 1.959724612191103515e+05
1.697733547633329581e+05 1.795357819128723640e+05 1.896969362427918240e+05 2.002118701109275862e+05 2.109178979803763505e+05 2.216192008474397298e+05 2.322585426475825370e+05 2.426427686630851240e+05 2.531449234617640905e+05 2.633148571875270572e+05 2.731302112327013747e+05
2.246353002615867299e+05 2.401492885824488767e+05 2.564415609227494569e+05 2.732632271097038756e+05 2.901165837078394252e+05 3.068963078872049809e+05 3.233395610198526410e+05 3.393604106028780807e+05 3.549318099871981540e+05 3.700653758443548577e+05 3.847694123134735855e+05
3.262742832087735878e+05 3.513842276091729873e+05 3.777410968277259963e+05 4.043127636438279878e+05 4.311243563849051134e+05 4.570921961475745775e+05 4.823531222954918048e+05 5.066956770856811199e+05 5.301959863662831485e+05 5.528456100773612270e+05 5.747657472003683215e+05
5.478770102877139580e+05 5.919679910059756367e+05 6.374435739494626177e+05 6.828357006000403780e+05 7.271053521312928060e+05 7.697205760595630854e+05 8.106716093173919944e+05 8.498848582017538138e+05 8.877192260964645538e+05 9.238591305217042100e+05 9.588842365495491540e+05
1.072186417484602891e+06 1.158919824566606432e+06 1.246593377268691314e+06 1.331738689585757907e+06 1.413226731582049513e+06 1.490329860439206474e+06 1.564057394880169071e+06 1.530803151521349093e+06 1.701316674121920019e+06 1.765766839074334130e+06 1.827463614423008868e+06
2.337729365577451419e+06 2.527584803724467289e+06 2.714146344397307374e+06 2.891157994660272729e+06 3.057156785347406752e+06 3.212805222622822039e+06 3.360056433814127464e+06 3.500571818965961691e+06 3.633967627756919712e+06 3.761866008294827305e+06 3.881108936511358712e+06
