-5.898848514247220010e+00 -5.898848514247220010e+00 -5.898848514247220010e+00 -5.898848514247220010e+00 -5.898848514247220010e+00 -5.898848514247220010e+00 -5.898848514247220010e+00 -5.898848514247220010e+00 -5.898848514247220010e+00 -5.898848514247220010e+00 -5.898848514247220010e+00
-6.060179254389367998e+00 -6.060179254389367998e+00 -6.060179254389367998e+00 -6.060179254389367998e+00 -6.060179254389367998e+00 -6.060179254389367998e+00 -6.060179254389367998e+00 -6.060179254389367998e+00 -6.060179254389367998e+00 -6.060179254389367998e+00 -6.060179254389367998e+00
-6.495462473947554827e+00 -6.495462473947554827e+00 -6.495462473947554827e+00 -6.495462473947554827e+00 -6.495462473947554827e+00 -6.495462473947554827e+00 -6.495462473947554827e+00 -6.495462473947554827e+00 -6.495462473947554827e+00 -6.495462473947554827e+00 -6.495462473947554827e+00
-7.092851339548360556e+00 -7.092851339548360556e+00 -7.092851339548360556e+00 -7.092851339548360556e+00 -7.092851339548360556e+00 -7.092851339548360556e+00 -7.092851339548360556e+00 -7.092851339548360556e+00 -7.092851339548360556e+00 -7.092851339548360556e+00 -7.092851339548360556e+00
-7.743601652444340289e+00 -7.743601652444340289e+00 -7.743601652444340289e+00 -7.743601652444340289e+00 -7.743601652444340289e+00 -7.743601652444340289e+00 -7.743601652444340289e+00 -7.743601652444340289e+00 -7.743601652444340289e+00 -7.743601652444340289e+00 -7.743601652444340289e+00
-8.369169296231120825e+00 -8.369169296231120825e+00 -8.369169296231120825e+00 -8.369169296231120825e+00 -8.369169296231120825e+00 -8.369169296231120825e+00 -8.369169296231120825e+00 -8.369169296231120825e+00 -8.369169296231120825e+00 -8.369169296231120825e+00 -8.369169296231120825e+00
-8.919681873521767557e+00 -8.919681873521767557e+00 -8.919681873521767557e+00 -8.919681873521767557e+00 -8.919681873521767557e+00 -8.919681873521767557e+00 -8.919681873521767557e+00 -8.919681873521767557e+00 -8.919681873521767557e+00 -8.919681873521767557e+00 -8.919681873521767557e+00
-9.396365400985814631e+00 -9.396365400985814631e+00 -9.396365400985814631e+00 -9.396365400985814631e+00 -9.396365400985814631e+00 -9.396365400985814631e+00 -9.396365400985814631e+00 -9.396365400985814631e+00 -9.396365400985814631e+00 -9.396365400985814631e+00 -9.396365400985814631e+00
-9.803387054416816682e+00 -9.803387054416816682e+00 -9.803387054416816682e+00 -9.803387054416816682e+00 -9.803387054416816682e+00 -9.803387054416816682e+00 -9.803387054416816682e+00 -9.803387054416816682e+00 -9.803387054416816682e+00 -9.803387054416816682e+00 -9.803387054416816682e+00
-1.014888906473061070e+01 -1.014888906473061070e+01 -1.014888906473061070e+01 -1.014888906473061070e+01 -1.014888906473061070e+01 -1.014888906473061070e+01 -1.014888906473061070e+01 -1.014888906473061070e+01 -1.014888906473061070e+01 -1.014888906473061070e+01 -1.014888906473061070e+01
-1.044471790478564799e+01 -1.044471790478564799e+01 -1.044471790478564799e+01 -1.044471790478564799e+01 -1.044471790478564799e+01 -1.044471790478564799e+01 -1.044471790478564799e+01 -1.044471790478564799e+01 -1.044471790478564799e+01 -1.044471790478564799e+01 -1.044471790478564799e+01
