-5.951818623067083536e+00 -5.941469540171965491e+00 -5.931397879779979121e+00 -5.920928650484711397e+00 -5.911079677691304823e+00 -5.901329300842917291e+00 -5.891926054246141575e+00 -5.882608868945681024e+00 -5.873117160390393110e+00 -5.864389905666030245e+00 -5.855304415268619778e+00
-6.251480472950788680e+00 -6.234629989769018721e+00 -6.217653019386489177e+00 -6.202508326103270520e+00 -6.186560026442748494e+00 -6.170806749705661787e+00 -6.155884113770298427e+00 -6.140257551574904937e+00 -6.125790484958997695e+00 -6.111238114135630894e+00 -6.097297254342265660e+00
-6.852999627684766892e+00 -6.822714052483206615e+00 -6.793593410795438103e+00 -6.765831663906283211e+00 -6.739193322966457345e+00 -6.713488027373387013e+00 -6.688717020486365072e+00 -6.664851693774835439e+00 -6.641188081026484724e+00 -6.618518741950538242e+00 -6.596596938987204339e+00
-7.519871048480126774e+00 -7.467808108533063205e+00 -7.421634184491267661e+00 -7.380591869816271355e+00 -7.343104235584178241e+00 -7.308513109470368363e+00 -7.276259829021000769e+00 -7.245893656654516235e+00 -7.217376608670747373e+00 -7.191125243749411311e+00 -7.166129188000923023e+00
-8.230232143730972894e+00 -8.150681685496238060e+00 -8.081219219220656669e+00 -8.020932188788719941e+00 -7.967743809334933758e+00 -7.921500897999067092e+00 -7.882717691125435522e+00 -7.849537614405562636e+00 -7.819603993866621749e+00 -7.791608779727539513e+00 -7.764640227429481456e+00
-8.907755598396761343e+00 -8.796733740342460806e+00 -8.703786614922137232e+00 -8.627098772689350881e+00 -8.563451155881921295e+00 -8.509594683080649702e+00 -8.463769323909218656e+00 -8.424123422613774892e+00 -8.390515215498453472e+00 -8.362136116251349449e+00 -8.334370934779144591e+00
-9.520651161918067373e+00 -9.376120468859880930e+00 -9.260710687962273369e+00 -9.169827024565165630e+00 -9.095808707359537948e+00 -9.036161596864985768e+00 -8.985811022768757539e+00 -8.942298012378159910e+00 -8.904486492381693097e+00 -8.872047124565142440e+00 -8.843593724024685798e+00
-1.005749935438871034e+01 -9.879262848644430051e+00 -9.743357881190604530e+00 -9.638588580626674229e+00 -9.557489843195071444e+00 -9.491565668562543578e+00 -9.437814337936288211e+00 -9.391733021144318627e+00 -9.351492226549453335e+00 -9.315336941588611808e+00 -9.284159555045334855e+00
-1.052007150728968554e+01 -1.030950413963728352e+01 -1.015379944725646055e+01 -1.003825988959215465e+01 -9.950103010654856917e+00 -9.879739208496175706e+00 -9.822342733845289331e+00 -9.773826107724744361e+00 -9.731847962932079099e+00 -9.694206963427859591e+00 -9.660662254660564940e+00
-1.091621815297185094e+01 -1.067399037325230893e+01 -1.050148186409933260e+01 -1.037647436789848143e+01 -1.028195148523445823e+01 -1.020854288279588218e+01 -1.014769344656087924e+01 -1.009710668728439487e+01 -1.005313966481480747e+01 -1.001425197110802401e+01 -9.979242760316992644e+00
-1.125517132673849119e+01 -1.098321778182798880e+01 -1.079491757227879134e+01 -1.066147289836226264e+01 -1.056251732963937684e+01 -1.048561768811850925e+01 -1.042258392929579713e+01 -1.036985804072173778e+01 -1.032444761455917615e+01 -1.028403492906727479e+01 -1.024809707334861741e+01
