8.938482473901229852e+00
7.620095265264508200e+00
7.922904294842068040e+00
8.425470702153349478e+00
8.339753550020200024e+00
8.318822955182952228e+00
7.761266505138046945e+00
7.957030652156485750e+00
7.686229775146126819e+00
8.689934849210407819e+00
7.870554491065302471e+00
7.901774198644081260e+00
7.966037724331428649e+00
7.856107486031939757e+00
7.804649566199251431e+00
8.243008733039319580e+00
7.463582092145938596e+00
7.496607318489060923e+00
8.012020310037629045e+00
7.616385445975543789e+00
8.319387654056358272e+00
8.099824145093746708e+00
8.174440021347779251e+00
8.140944779176104262e+00
7.961725300846213216e+00
7.878880961779302972e+00
8.166109099522330439e+00
8.948099425933047968e+00
8.243375492556735296e+00
8.342702794679899725e+00
7.937389012057839643e+00
8.398287102441248209e+00
7.850436732198336820e+00
7.813273581575538529e+00
8.187580619232488033e+00
8.313616605976518414e+00
8.018669015882325724e+00
7.518176919746163200e+00
7.547814402608457485e+00
7.927487445645145847e+00
8.318670574244007909e+00
8.107620402776666069e+00
8.146005560825681613e+00
7.799487045733846102e+00
7.875654108946946508e+00
8.160615782278979324e+00
8.101183380869089845e+00
7.624787099699083193e+00
7.886634172797642783e+00
8.479959846989075345e+00
7.426520661771192522e+00
8.524757209102983069e+00
7.813261473771964560e+00
7.870843428254945096e+00
7.956412961904181458e+00
8.244471928632888691e+00
8.832696029997570975e+00
8.208838309271792255e+00
7.912364733449204657e+00
7.747858930464307292e+00
8.367231661991333169e+00
8.008477741228050562e+00
8.060108027874393954e+00
8.785923083902201114e+00
8.402713279813978531e+00
7.895535431618716515e+00
7.951620797764290316e+00
8.656870774961193504e+00
7.716195423326776215e+00
7.871160749175658999e+00
8.025210206088825515e+00
8.103212368012632894e+00
8.151142802301636792e+00
7.656214444588361090e+00
8.026155819854853490e+00
8.410230766684922088e+00
8.216131493229370975e+00
1.018323270089466348e+01
7.822238124150565852e+00
7.770425117146573690e+00
8.134407446024159327e+00
8.166696381802282190e+00
8.196633066032097403e+00
8.007562992877604202e+00
8.201370114811703971e+00
7.849184380424725660e+00
8.366693192027709003e+00
7.913719234961131832e+00
7.871404269317156199e+00
7.486545622318302229e+00
7.336585754399613357e+00
7.941090548730007193e+00
9.065617084019812921e+00
8.023714876251338168e+00
7.439436498396260866e+00
8.631943953925516055e+00
8.315668005293771259e+00
8.270337196664593549e+00
7.760463450368423999e+00
7.898991025986212833e+00
