3.465249191299881204e+01
8.104935775298145018e+01
4.151158206412219442e+00
1.160073900381030398e+01
5.231797192631347571e+01
1.761534829393349355e+01
2.381209173454772099e+01
8.059083657659357414e+00
5.239674667167128064e+01
8.261453558404537034e+01
7.473883827579629724e+01
6.180589651503396453e+00
3.624961139619335881e+01
3.607739808029145934e+01
3.025186855084029958e+00
4.348690918719512410e+00
3.884707689631250105e+01
1.753607245358580258e+00
2.268044350797208608e+01
-1.950196605108794756e+01
4.808269084198764176e+01
-3.956550017603512970e+01
1.541718708338157739e+01
2.931571715998870786e-01
2.050370484125596704e+01
2.775569396778519149e+01
1.421921525682773790e+01
-1.594846212811171426e+01
1.337610886926267995e+01
5.225084212738511269e+01
6.005063597607295378e+01
-3.662301928052329458e+00
-9.956585804615315283e+00
9.826309018204483436e+00
1.886078510951847420e+01
2.774395420690052561e+01
5.206208458355104085e+01
-1.656082385747140506e+01
4.543894596099562477e+00
1.852859402107424103e+01
6.440251964432536624e+01
4.787035571724845795e+01
4.010945435074245324e+01
1.532654417703815852e+01
1.840357658337961766e+01
3.759904874381027184e+01
-1.781947790586855263e+01
2.088327598190517165e+01
8.287887217386014527e+00
8.650287619801383698e+01
3.135925838290495449e+01
4.610853449981732410e+01
-1.342581057158167823e+01
2.102999397787061753e+01
3.373763655696166097e+01
4.510305609467832255e+01
4.510499436924146721e+01
3.024942832617307431e+01
3.689554543816848309e+01
5.543874173621588852e+01
6.845380279864184558e+01
1.337925495910894824e+01
3.734758497897200868e+01
2.775966747828715597e+01
2.757843481866075308e+01
1.788271633451222442e+01
3.131916115187777905e+00
1.490319554973029881e+01
4.169533200314617716e+00
2.246256633569282712e+01
-2.519977816989194253e+01
1.540169610478187678e+00
2.391279264407421579e+01
-2.571772386363227270e+01
3.178215522211394273e+01
6.291492137032400933e+01
2.192472727329732152e+01
2.502080468812637264e+02
-1.087089083477621898e+00
5.204257876434712671e+01
5.466912735397272627e+01
8.302917735805021948e+01
5.791731138075192575e+01
2.853723639843883575e+01
7.384286238724962459e+01
-3.009203215016896138e+00
3.824562712320039282e+01
5.578007609219639562e-01
4.405612911225034622e+01
-2.974693618944002083e+00
3.187919906245952006e+00
2.599065334911574610e+01
2.017609664336123387e+01
5.056467779657032224e+01
-5.284018247944914037e+00
3.709211164559019380e+01
4.451530598758472479e+01
4.422285573546469095e+01
-7.784744968605082249e+00
2.478650956903948099e+01
