2.166857740958995180e+02
2.270566802710380045e+02
2.230042735404472012e+02
2.184769271073883203e+02
2.243574227902157361e+02
2.188456708029466711e+02
2.219302317098767787e+02
2.151749418566319321e+02
2.230536073220873448e+02
2.248917457161933555e+02
2.168104115763905497e+02
2.191968143108351512e+02
2.230178594315386817e+02
2.244496244515024159e+02
2.198281392294633463e+02
2.157326346278015876e+02
2.255989136621793136e+02
2.223055939255716282e+02
2.169812638696665488e+02
2.249556423305849648e+02
2.173657922596692060e+02
2.201456087355210514e+02
2.167563375333236877e+02
2.236935484566639616e+02
2.188577680684255427e+02
2.256364879351916954e+02
2.174675166911049473e+02
2.136702554775207830e+02
2.192473263539993127e+02
2.229225200300493555e+02
2.218853810331871443e+02
2.150677726447866007e+02
2.235249803904124519e+02
2.241991765422277183e+02
2.161129216253143284e+02
2.174355624734199353e+02
2.248625666069608826e+02
2.253288314348125709e+02
2.266453624425297448e+02
2.216401912413958826e+02
2.230492885241527290e+02
2.200836764549754037e+02
2.205324720361772108e+02
2.224271991105840414e+02
2.243347280875674983e+02
2.208526126583990106e+02
2.160687098829841375e+02
2.231108520174333876e+02
2.191134762055029626e+02
2.219696329457158299e+02
2.235342801739473373e+02
2.175227159550966007e+02
2.198386319660581876e+02
2.183177940932854710e+02
2.169290008613153589e+02
2.222091830635626764e+02
2.129634251820607744e+02
2.231204017409849598e+02
2.197515010266936031e+02
2.242737997651022113e+02
2.115917179588238923e+02
2.182603544705586387e+02
2.248422259432210240e+02
2.147568276476507094e+02
2.144614577753677906e+02
2.215938482110376810e+02
2.183007727247716900e+02
2.142839827857245041e+02
2.250633007335009665e+02
2.253190002003304357e+02
2.199601069279101466e+02
2.196719312986730301e+02
2.181547479500426618e+02
2.228678669630830029e+02
2.289805047878937501e+02
2.226982120382652965e+02
2.193106092973923182e+02
2.082021182217293358e+02
2.195115520400636910e+02
2.221198823498112063e+02
2.179405041659177868e+02
2.196933034260482884e+02
2.181034725813184139e+02
2.177718037224132104e+02
2.238241162110008133e+02
2.148007301344543123e+02
2.189068724590157160e+02
2.228569908851260095e+02
2.191353933572376889e+02
2.269669508451725903e+02
2.236288732993265285e+02
2.225117909464921127e+02
2.133749722990257851e+02
2.166440695577037729e+02
2.229591359568628093e+02
2.165319713877329946e+02
2.172482257066817226e+02
2.231676485657489195e+02
2.225243547235785115e+02
2.224217930734632205e+02
