6.745359910124921043e+01
7.312432361161700101e+01
6.376485637121118089e+01
6.452669112598005086e+01
6.949111651104658449e+01
6.499481629584056464e+01
6.606730608175871566e+01
6.410638887220375182e+01
6.974546549619049074e+01
7.335497438890843114e+01
7.252862403706740224e+01
6.383178930105100335e+01
6.753006976678580031e+01
6.760315427609043581e+01
6.358668267345626646e+01
6.378657695303775199e+01
6.806998525006849832e+01
6.334057737377941066e+01
6.598728844379638758e+01
6.066912609453970617e+01
6.936393635651540990e+01
5.818273107286529466e+01
6.488215663323694571e+01
6.304644008410525657e+01
6.561270594647783128e+01
6.669474881644998732e+01
6.469393884147689278e+01
6.128222555960735463e+01
6.442555471328000749e+01
6.956027339347883753e+01
7.056467522750176613e+01
6.255269136146353048e+01
6.179805329829696348e+01
6.432030857210986596e+01
6.566785439379418676e+01
6.661936340614738583e+01
6.985225517118760763e+01
6.107291775602163852e+01
6.366378173757050263e+01
6.543745419209983538e+01
7.132526906227190011e+01
6.891387410057711804e+01
6.807399048486888660e+01
6.493937100050482059e+01
6.553196040494958652e+01
6.778406897550621579e+01
6.087813350561248171e+01
6.594829459994025456e+01
6.419548364674881213e+01
7.379181431994516061e+01
6.703725897027322844e+01
6.884353432619559499e+01
6.124213279964317280e+01
6.585491198737076957e+01
6.736028296940628479e+01
6.868509448925806282e+01
6.870368699858443051e+01
6.696943326658777096e+01
6.766294712022693147e+01
7.007366252278598040e+01
7.161832893661403432e+01
6.472798871241093366e+01
6.768166050135516798e+01
6.662795811506600785e+01
6.664716238189748765e+01
6.531557400835959015e+01
6.370149415968728590e+01
6.480624747448325707e+01
6.385370880513710290e+01
6.613918526646000373e+01
5.985020351855371246e+01
6.331648173341500296e+01
6.621715149905537601e+01
5.971773933214421959e+01
6.726748806285422688e+01
7.105497902621073081e+01
6.592563884503931604e+01
9.447720579089104831e+01
6.292108843261064521e+01
6.950156913499972688e+01
7.002445363660081057e+01
7.338764226244802558e+01
7.046319001916504021e+01
6.652306016234865638e+01
7.254967954889093562e+01
6.276784586744463468e+01
6.762308262580017981e+01
6.327831837195708431e+01
6.871276552717995401e+01
6.299651273148424480e+01
6.365849264703967947e+01
6.664237485963110430e+01
6.559056367309904090e+01
6.960667685542853178e+01
6.236676587966815077e+01
6.743846875149313291e+01
6.865321810305624695e+01
6.849057945796471358e+01
6.207779803384596562e+01
6.633640452517954600e+01
