1.806208315671817900e+03
1.685521521656878122e+03
1.730914184785269754e+03
1.749245567650077874e+03
1.705437515075702549e+03
1.778607276350609936e+03
1.715160157170970024e+03
1.781883384637357040e+03
1.737228280184368941e+03
1.676247368996750538e+03
1.818372279348783422e+03
1.772134487620880464e+03
1.722982080671067024e+03
1.727456475648335982e+03
1.758728313325021645e+03
1.847097955857276929e+03
1.703411246955949537e+03
1.762930879066860143e+03
1.815878928309348794e+03
1.739524856818592298e+03
1.822466543611728866e+03
1.718746619869645656e+03
1.844515828419831905e+03
1.702545136616752643e+03
1.815085494904882808e+03
1.652254088652409791e+03
1.800506482037492333e+03
1.779576955729670317e+03
1.733195051051245173e+03
1.723775162150503775e+03
1.746637908013662809e+03
1.838120611672370387e+03
1.720175588391437486e+03
1.746264068183199470e+03
1.801595636935865286e+03
1.777668975529330055e+03
1.749421005423587303e+03
1.740361834464427375e+03
1.703563857527527489e+03
1.740569820828002776e+03
1.653096173255229587e+03
1.753237948947480618e+03
1.713435815508586757e+03
1.705684325966198230e+03
1.676595689073311405e+03
1.700783081554676755e+03
1.793943830046430776e+03
1.738252435601902562e+03
1.779631310077462786e+03
1.744532442447265566e+03
1.739037645930229246e+03
1.772377763152862826e+03
1.810378132191855457e+03
1.801581924094165061e+03
1.815871046110175257e+03
1.706040634301516775e+03
1.847083750301629152e+03
1.700373633092065347e+03
1.812530226406764768e+03
1.688297990329409458e+03
1.848999065307127694e+03
1.796299151336292198e+03
1.715207682355033512e+03
1.828386420164433275e+03
1.873842478490128087e+03
1.729758487755961596e+03
1.801158244255043883e+03
1.838720614955020665e+03
1.645418609688783135e+03
1.681090588026843761e+03
1.738676059718915894e+03
1.703935690336344123e+03
1.768464148852114249e+03
1.732513750593131363e+03
1.616718901197917148e+03
1.751076101081589059e+03
1.748570215095063304e+03
1.853909640840229031e+03
1.749698891819140499e+03
1.732749628003814905e+03
1.776620045251397187e+03
1.756030862492853657e+03
1.829159796237978071e+03
1.857003674508134964e+03
1.652879887157683015e+03
1.873834680791307619e+03
1.801915167640060645e+03
1.704031563319116458e+03
1.770930523977719531e+03
1.699752525955684632e+03
1.736727638579414361e+03
1.708638269030814172e+03
1.813879739760275243e+03
1.834783746638581988e+03
1.728859292584471177e+03
1.741582619135917412e+03
1.791895029463442370e+03
1.701553117175709303e+03
1.650082159401167701e+03
1.762887870284913333e+03
