1.926400620593205133e+02
1.960159731334634046e+02
1.866624623452089793e+02
1.961510936302952359e+02
2.006089797957800442e+02
2.118079332573711895e+02
1.948631815993674081e+02
1.949956453757956751e+02
1.877645093999654193e+02
1.941274863529987726e+02
1.868336693807356141e+02
1.973293995706588078e+02
1.992194819918498467e+02
1.941129271026142078e+02
1.888293351019993338e+02
1.868310344830155429e+02
1.874710347466953237e+02
1.938788802482299616e+02
1.915059867931455244e+02
1.950138538085445816e+02
1.796536633276604107e+02
1.935107282297089739e+02
2.028451587192267311e+02
2.003733519637361269e+02
1.972924146862849568e+02
1.872942039618529293e+02
2.050761492811702169e+02
1.848875327634885934e+02
2.143274618370011524e+02
1.965409125288501286e+02
1.944409839239455664e+02
2.004606356658674713e+02
1.987328921166062230e+02
1.953372096246704359e+02
1.828160574250705679e+02
1.913545264135524633e+02
1.799763785288855331e+02
1.928331978188417963e+02
1.952819817540086831e+02
1.933778741872832256e+02
1.829810813884623428e+02
2.020794425793364724e+02
1.956712488191723764e+02
1.989943341062515856e+02
1.872254577508419686e+02
1.945314866545461143e+02
1.950848913248032375e+02
1.812424048005789530e+02
1.915397740351706659e+02
1.962096389066651341e+02
1.930555341483540701e+02
1.942550416516400844e+02
2.060798434980250988e+02
1.874539207467064159e+02
1.915423932544626382e+02
1.960599311430565876e+02
1.950835224933288998e+02
1.892317495100647307e+02
1.963626712844185533e+02
1.903098985883221133e+02
1.936339446172565317e+02
1.972720765166729677e+02
1.983755042539350768e+02
1.909896899842843538e+02
1.886972615765035073e+02
1.957043878186419477e+02
1.829850972796268707e+02
2.035284486001208393e+02
1.816886663966923834e+02
1.815775221616216015e+02
2.015260459886305000e+02
1.937343571218363820e+02
1.872650013762041965e+02
2.056682498654052722e+02
1.833668463631048837e+02
1.874109751815199729e+02
1.897115884828344008e+02
1.661665739987678876e+02
1.976791005047298881e+02
1.982724496663324487e+02
1.879006835773400894e+02
1.950442784315087010e+02
1.860086800725795229e+02
2.020430064869597686e+02
1.801703111514449063e+02
1.926565217690765905e+02
2.075236913126632601e+02
1.888567731723673546e+02
1.876773172744177316e+02
1.795799775315113322e+02
1.858637265918515595e+02
1.780820382036343119e+02
1.962594206549040905e+02
1.831134283224083390e+02
1.995252868378944697e+02
2.097987626440785789e+02
1.938826747897751659e+02
2.006191962722018332e+02
1.981991263830996957e+02
1.866837992786616098e+02
