5.105068964022315340e+05
4.651398214162009535e+05
5.449766838569159154e+05
5.361706161720086820e+05
4.923175983798802481e+05
5.292495591638877522e+05
5.222885332459355704e+05
5.403242902007621014e+05
4.922391435399145121e+05
4.637376775640996057e+05
4.708719216728385072e+05
5.425514863806936191e+05
5.088121635142801097e+05
5.089944068516809493e+05
5.463308538073701784e+05
5.447397541331377579e+05
5.060778249148623436e+05
5.478676048528287793e+05
5.235471845034188009e+05
5.747868138097039191e+05
4.965695272296299227e+05
6.025294206934514223e+05
5.317598834018604830e+05
5.496424566187352175e+05
5.259839184956543613e+05
5.179453792549985810e+05
5.331372031822272111e+05
5.701182595529081300e+05
5.341104645939422771e+05
4.923844735684534535e+05
4.847235893147670431e+05
5.545030149361265358e+05
5.624028691242871573e+05
5.382443135687925387e+05
5.278368901279526763e+05
5.179582101746555418e+05
4.925726040345599176e+05
5.709177712628078880e+05
5.445058040604791604e+05
5.282130092294287169e+05
4.805429768837715383e+05
4.967844611843896564e+05
5.047586109400650021e+05
5.318638678637729026e+05
5.283546860274093924e+05
5.073882545732749859e+05
5.725676126922386466e+05
5.255575143620071467e+05
5.400541624167257687e+05
4.602873376073656837e+05
5.140342140767545789e+05
4.985744185645182733e+05
5.668463209007361438e+05
5.253928636075563263e+05
5.114823263368778280e+05
4.996012418200027314e+05
4.995992586832752568e+05
5.152330004976313212e+05
5.081296713965002564e+05
4.892268511037499411e+05
4.767097452193147619e+05
5.341068267592630582e+05
5.076530429712512996e+05
5.179410365562107763e+05
5.181391758660347550e+05
5.289457054852680303e+05
5.462022283806863707e+05
5.323500231988623273e+05
5.449546360556511208e+05
5.237901523826126941e+05
5.824216674733627588e+05
5.481263321261799429e+05
5.221767996498647844e+05
5.831249952365264762e+05
5.135787637091617798e+05
4.819646205038278131e+05
5.243908150976639008e+05
3.479357316683615209e+05
5.513295931416088715e+05
4.925920525288218050e+05
4.899857686071729986e+05
4.633675106612285017e+05
4.867972327357666800e+05
5.170925038168902392e+05
4.716961835046919296e+05
5.536950253404674586e+05
5.067085735691555892e+05
5.493200566030869959e+05
5.006745058762985864e+05
5.536523916745643364e+05
5.461347573560434394e+05
5.198810332005931414e+05
5.263524588807160035e+05
4.940696955060760956e+05
5.565187667161786230e+05
5.079223123446115060e+05
5.002032596401842893e+05
5.005033031306858175e+05
5.596537027517604874e+05
5.212091958154789172e+05
