7.552887069687388433e+00
7.712036715826246613e+00
8.108513762185708629e+00
8.124789574233004075e+00
7.890594535305926804e+00
8.066623873330064143e+00
7.676136006426075298e+00
7.288989714810063525e+00
8.263865779218074081e+00
8.033698709094496238e+00
7.809061292892216066e+00
8.139427224420186846e+00
8.159754610117404994e+00
8.031835330766861958e+00
8.043012895751477487e+00
8.121500427908067365e+00
7.816243131302951674e+00
8.440421942144727296e+00
7.782849482631375437e+00
7.511752527687134418e+00
8.198171976383058279e+00
8.130464037291543988e+00
8.460532668102089815e+00
7.326118051150152688e+00
7.907456926270998387e+00
7.728096467615262810e+00
7.632173896943514002e+00
7.582701389359631783e+00
8.310725832250557943e+00
7.804556631211997164e+00
7.711861926193962269e+00
8.221522406877305400e+00
8.441340810476651413e+00
7.640094898323912531e+00
7.756897779821938066e+00
9.160859114530207847e+00
8.176475864131868221e+00
7.371993407004760357e+00
8.029304098470591455e+00
7.706125769042974305e+00
8.178893608660796843e+00
7.326466549802638006e+00
8.850733834443005321e+00
8.231582819224371406e+00
7.979578177699337971e+00
7.990588018008653037e+00
8.009456827959535730e+00
7.741387798986723467e+00
8.066689827077301089e+00
8.455491172433996283e+00
7.772150699395568019e+00
7.422730390498928799e+00
7.725836585896779241e+00
7.721991843608303263e+00
8.609811208313939090e+00
8.022847987522109037e+00
7.660710193491118147e+00
7.723461893980523740e+00
7.854807933426112498e+00
7.888067736462915924e+00
7.822642621231213234e+00
8.281602375100694857e+00
8.287611562786128871e+00
7.915581799777360317e+00
8.290777602728711670e+00
7.918138017404953821e+00
8.612901701549278144e+00
7.961636914731951897e+00
7.981302528717860056e+00
8.087471196608131407e+00
7.811956827501217226e+00
7.895536320463312663e+00
7.717576988863320331e+00
7.962819233580460399e+00
8.214808954922709461e+00
8.363635525557237216e+00
8.888422700283088673e+00
8.276560871101604988e+00
8.335841337655788053e+00
7.997053143553602084e+00
7.794750004258798270e+00
7.867634406217977272e+00
7.988974129611779773e+00
8.024067274078024781e+00
8.070477384701371548e+00
7.624086391730842571e+00
8.886120857754564284e+00
7.359591295872510486e+00
8.789615653145078866e+00
7.682648789248763599e+00
7.875399769153037077e+00
7.535391119037486263e+00
8.142148672700894707e+00
7.667662971847709841e+00
8.546617664004635628e+00
7.746307497558410304e+00
7.770374635051701340e+00
7.667863142432467249e+00
7.742096445415654671e+00
8.410230882983031009e+00
8.322199757844693124e+00
7.925721234141485994e+00
7.647180478561208972e+00
7.685220305236064142e+00
8.391136558592805272e+00
7.489114377765242025e+00
8.103695956452609650e+00
8.110040184504706318e+00
8.515102455757023847e+00
7.567289262712806774e+00
7.798735552862988030e+00
7.602811436980081439e+00
8.201278223466083261e+00
7.728089686352299204e+00
7.850174544144008948e+00
8.566822830121658683e+00
8.436058393893629770e+00
7.734607037216214565e+00
8.044390400252046547e+00
8.822393852107495604e+00
8.275185829804980742e+00
8.918217992989273313e+00
8.185809449869987375e+00
7.789450934357199152e+00
8.042586492517692420e+00
7.607920128013672567e+00
7.796666256168526488e+00
8.237966290733938379e+00
7.788162658683043915e+00
8.023011438379127114e+00
7.378842369201662699e+00
8.340148329948405603e+00
8.097186658989738106e+00
8.127013741255231238e+00
8.820151857070611001e+00
8.002474839695514319e+00
7.908772060943443094e+00
8.347582939724752293e+00
7.571335183786241707e+00
8.293004889106034838e+00
7.743624050607831322e+00
7.942952288582042719e+00
8.338925043860347941e+00
8.026464321220077025e+00
8.190780650613149305e+00
7.962703466805518993e+00
8.465160932508890568e+00
8.066658263141455620e+00
7.785695013065778269e+00
8.014625195836147853e+00
8.079309357914810974e+00
7.743967559999680006e+00
8.069390540716277371e+00
8.085023121470561236e+00
8.000467874321065764e+00
8.112766137862719162e+00
8.282164692994941291e+00
9.018453940494916665e+00
7.594448502221903929e+00
7.837698002160961686e+00
8.221504336340830221e+00
8.786157585350121479e+00
7.835748437084083307e+00
8.434640092852360382e+00
7.525958463664375486e+00
8.233684592779303202e+00
8.022367959231628376e+00
7.830494968205736761e+00
8.056240780814739821e+00
8.416251697007506749e+00
7.930787700244363414e+00
9.059641735557471875e+00
8.242209184402977229e+00
7.672033281367078850e+00
7.593913744447177372e+00
8.095142491376888572e+00
7.906662619009085624e+00
8.022228700717217720e+00
8.069517462676008890e+00
8.005297197553336019e+00
8.141898079180634795e+00
7.942069117544320989e+00
7.441783157814313654e+00
7.779466226501538628e+00
7.805911389231781961e+00
7.578189346671342363e+00
8.231972811245608312e+00
8.374511192585691433e+00
8.042727302342022710e+00
7.433111640674076703e+00
9.198908810248243029e+00
8.184657305802202742e+00
7.980485212475730172e+00
7.457987098912298940e+00
8.342049055852243100e+00
8.655702603260948536e+00
7.436986226537181111e+00
7.824461738406598421e+00
8.297667546717127252e+00
7.630290422902895386e+00
8.104057517540367073e+00
7.250172659396303843e+00
7.399263530820404888e+00
7.895914853542732814e+00
7.640863315398562783e+00
7.878366452721194513e+00
8.572032368490262400e+00
7.490896619873883999e+00
8.556384503345938697e+00
8.116187367346249459e+00
7.963652899799649632e+00
9.356665569934373039e+00
8.099687124317835440e+00
7.986954427973098625e+00
8.104168964086436944e+00
7.916955158505661672e+00
7.671145210955692129e+00
9.051857498337229302e+00
7.375475405918876071e+00
8.023017291512296367e+00
8.016372264485118748e+00
8.030129629194338037e+00
8.424363083636629668e+00
7.902135231105184232e+00
8.435608796183869273e+00
8.175742412701829664e+00
7.698123169862749471e+00
8.320913570947555016e+00
7.995304469399037828e+00
7.871233654857644702e+00
8.064287959665675132e+00
8.315263965852507155e+00
8.048581280452669517e+00
7.706671521966505622e+00
7.666814465589697924e+00
7.438856804318018767e+00
7.583386196628065790e+00
7.697973332147959091e+00
8.433832147884110952e+00
7.563002109442415133e+00
7.829465236013014362e+00
7.890493821285470055e+00
8.587456877532208210e+00
8.858989226555484819e+00
8.152211510423747143e+00
8.270912417037047604e+00
8.002094678031518526e+00
7.866335648864578367e+00
7.867899281506514519e+00
7.948957170560936980e+00
8.558219263418063605e+00
8.416451065820586663e+00
8.960306567632683183e+00
8.296691647789153023e+00
7.799510919097422779e+00
7.386693010501034884e+00
7.881436800557644951e+00
8.031669909675867913e+00
8.300361901476398074e+00
8.230700981269650995e+00
7.728609752872796612e+00
8.245967989714351631e+00
7.728041058665520602e+00
7.589319669617243136e+00
8.275024599292095218e+00
7.883281444545746197e+00
8.153735028450828537e+00
7.979260347175594070e+00
8.405374294731439377e+00
7.998266712568640635e+00
7.840662589130598548e+00
7.873073397020363018e+00
8.120837353463320696e+00
7.760107664825079965e+00
7.924613004421075857e+00
8.172813747119137773e+00
8.000847526648533048e+00
8.005465947377402358e+00
7.091688196470903094e+00
7.899511248468511049e+00
7.944624747266815668e+00
8.312305286895508516e+00
8.021756519799039253e+00
7.775467605181582087e+00
8.551205739389192928e+00
8.175052459663518789e+00
7.398383757531449056e+00
7.606610821341021733e+00
8.010098213127118782e+00
7.880297396714348146e+00
7.698256941048453150e+00
7.973395904062812178e+00
7.899036849965230367e+00
7.329287442727525637e+00
9.481011409685304869e+00
8.087288998863558120e+00
7.844432303693944064e+00
7.952311577397431996e+00
8.059982233070146052e+00
7.980254500002101459e+00
7.843281799424692835e+00
8.384233008568921619e+00
7.533481146031759224e+00
8.095011377297094413e+00
8.034733360330184482e+00
9.137599610763230018e+00
8.229142204357401624e+00
7.697420503133442615e+00
8.119703698527199975e+00
8.050934021948641828e+00
7.518558884796521902e+00
8.419979109077697643e+00
7.310108122391783425e+00
8.422796108054749098e+00
7.310691603519392068e+00
7.449773387341499742e+00
7.828430818297495541e+00
7.942997978725690800e+00
7.750813212559897636e+00
8.230536740318235900e+00
8.175006654902265524e+00
7.951118947364614442e+00
7.820967859521503307e+00
8.031317741570358493e+00
8.099471672292416713e+00
7.945267018511270152e+00
8.462082965823144676e+00
7.814760572316775900e+00
7.539350207817800076e+00
8.258420683729186251e+00
8.157011259147358473e+00
9.011131529791873263e+00
7.872499921337984041e+00
8.367342205922236431e+00
7.799098652254615516e+00
7.965214805759138095e+00
7.401315165254780837e+00
7.741233385384877153e+00
8.374655430911284171e+00
9.156754060030799280e+00
7.883636981837667257e+00
8.279143525840737539e+00
7.954351935016908293e+00
8.052780287703093620e+00
7.835960708262491359e+00
7.334053663560027303e+00
7.799830585034752239e+00
7.814366850651402352e+00
7.665024755826919112e+00
8.377819121752926534e+00
7.881304490941423602e+00
8.583555607530929166e+00
8.020086313759236418e+00
8.060985266006829519e+00
1.019008801068657810e+01
8.087896150598728795e+00
8.007692215091754662e+00
8.294459006873919904e+00
8.426020033271568010e+00
8.240546028092065711e+00
8.124553657760387182e+00
8.189503225899064986e+00
8.382809817734719005e+00
7.830340782402889666e+00
9.265102100604106994e+00
8.196974893864396705e+00
8.034094882684856387e+00
7.947683053900804317e+00
7.961910908078849936e+00
7.999599521967433624e+00
8.310441715594063083e+00
8.269727048927688173e+00
7.713451346129239106e+00
8.210688332704124903e+00
8.230754355420041080e+00
7.858526793798582766e+00
7.657299095415531553e+00
7.804104759094093069e+00
7.869838693875009561e+00
7.529503043219023972e+00
8.672604310729871813e+00
8.104702324894647703e+00
7.991607698514252789e+00
7.894282028769961990e+00
8.055487873270053001e+00
9.064414529554804645e+00
8.084687838720329367e+00
8.044796027657110216e+00
7.860170872386052388e+00
7.843785440948455978e+00
7.746540734861960154e+00
7.852742607514594297e+00
8.413678461343881310e+00
8.982936273293706364e+00
8.172636859802008047e+00
7.750531567919018094e+00
7.524194248058628354e+00
8.103220007915734158e+00
7.637471584293527016e+00
8.067647127976565358e+00
7.963934324504799989e+00
7.563339434200369027e+00
7.881357029600064124e+00
9.318537193996684564e+00
7.783398655231702712e+00
7.703841985525146541e+00
7.669676980510119257e+00
7.618223067036800522e+00
7.872211944344855716e+00
9.491157565002433572e+00
7.988346778729606079e+00
8.660302874123484429e+00
7.977229909819057774e+00
8.246279225543716507e+00
8.135355639683313100e+00
7.702314429988097011e+00
7.900986401303031315e+00
7.902960781004377822e+00
7.393329342254863157e+00
9.065018649071857837e+00
7.896499849709211816e+00
7.901262202510723753e+00
8.181179219763423660e+00
8.202721929655888644e+00
8.066333510838878951e+00
7.717299306218170507e+00
8.218002126123160167e+00
7.933744186205162308e+00
7.994228487418287621e+00
8.293024136113865907e+00
8.240038494223478338e+00
8.309383150231420601e+00
8.829475696086827696e+00
8.148220843278695114e+00
8.092487808120333526e+00
7.545558880957377035e+00
8.079870322095876745e+00
8.083628517518150147e+00
7.647358100370043488e+00
7.703645983457713342e+00
8.272104445726878197e+00
7.649446445917872595e+00
7.441060441374500734e+00
8.604781715342841864e+00
7.565000741213377289e+00
8.181290955851736157e+00
7.269726460730931983e+00
8.432490065360171982e+00
8.479217313052732408e+00
8.156642973667270979e+00
7.785932371264491891e+00
7.658707778668053301e+00
8.062108734227498630e+00
7.872091202308853397e+00
8.068185465681263935e+00
8.604202301260013286e+00
8.074668041048633782e+00
7.956484535748392872e+00
7.703865368447432083e+00
8.089835383998833507e+00
7.588100969165593845e+00
8.460980096198335687e+00
7.797690958341248368e+00
8.486678855226649887e+00
7.704598300674650346e+00
8.167280313834639927e+00
8.292906545063054580e+00
7.872731931578266007e+00
7.933331834472125088e+00
7.866418283381626964e+00
8.301329362207189533e+00
7.657201845056786915e+00
7.859585968043731441e+00
7.298327159177047996e+00
7.839967750030896632e+00
7.576995164727970078e+00
8.331540018984872731e+00
7.969650618595903957e+00
7.856792482498395458e+00
8.422341316827743896e+00
9.559583541656779815e+00
8.119003168159540706e+00
7.480518467998951593e+00
8.418998751376749468e+00
7.437992652867189136e+00
7.974687326265869736e+00
8.031792999410621192e+00
7.899867531698436807e+00
8.202059904384860545e+00
8.190753872139495684e+00
7.916855470083858037e+00
8.303537654956492986e+00
7.967811736404735612e+00
7.338381974052748724e+00
8.188784979637942385e+00
7.837623669939457471e+00
7.628497389029775810e+00
7.887381414986067263e+00
7.959825421125325207e+00
7.990653229789507428e+00
8.214961607384122289e+00
7.711527225134415353e+00
8.284527753503738268e+00
8.657838060335684816e+00
7.769902681768372510e+00
8.356012823293289316e+00
7.521474821129896959e+00
8.435540593992183034e+00
8.337621155387928695e+00
8.531209895182163550e+00
7.831723223004962264e+00
7.561092998844378243e+00
7.193154521394692580e+00
7.662509380230831724e+00
7.911026228389736126e+00
7.728681715431908295e+00
7.858006476506833593e+00
7.217617532092630128e+00
8.645244093023920939e+00
7.927020129925796077e+00
7.921048775574852208e+00
7.559215382680610773e+00
9.421985259804255719e+00
1.074964525272493709e+01
7.706830180113936279e+00
7.573247134299234240e+00
7.898940778838753118e+00
8.575008704492786293e+00
8.235678876848760765e+00
8.957432005253998852e+00
7.992411291410621565e+00
7.991790183193096198e+00
8.343653580875312059e+00
8.124189717268832212e+00
7.965753747190399636e+00
9.632952965980313920e+00
8.013812502056349985e+00
7.282068318552424202e+00
7.531353123526960403e+00
8.039566006270897347e+00
7.992929271870973018e+00
8.693015878558419729e+00
8.024670286307657108e+00
7.313573477785313415e+00
7.884773511627092724e+00
8.082001011725946427e+00
8.292539294412939910e+00
8.404274031945488943e+00
7.943463589538249714e+00
8.120850858454037535e+00
8.009590494983330089e+00
8.653202225333638253e+00
7.876792921565350269e+00
8.254115614589499828e+00
8.119320057682916314e+00
8.563050059106524614e+00
8.437041334209050447e+00
8.083020560024854362e+00
8.126045111639610852e+00
8.061735877633790182e+00
8.394104079880928992e+00
7.941354670152596995e+00
8.871332694583369260e+00
9.640694195066187078e+00
7.608881279490730343e+00
7.982887607454247636e+00
8.050011234382662195e+00
7.930438359423205519e+00
7.931790501756705858e+00
7.956120856449976131e+00
7.783414294861643157e+00
8.087940354001219134e+00
8.322605340267207552e+00
7.895287671085766235e+00
8.210367412649532071e+00
7.744754767410774399e+00
7.944492275998586095e+00
8.088979051257547681e+00
9.427232223686884183e+00
9.053712148848866548e+00
8.175548091820521890e+00
7.419189313436404198e+00
7.397753270670641257e+00
7.856596378918156098e+00
7.827887039671504787e+00
7.916423090971863807e+00
7.935980588259068824e+00
7.351171312942769376e+00
7.695257621555367855e+00
8.486089354836620302e+00
8.964877614502306358e+00
7.234746972931382025e+00
7.563616173493475259e+00
8.012031291545778089e+00
7.821996975615535419e+00
7.434001730099844885e+00
8.062263375011720967e+00
7.538854939628340190e+00
7.778151641945714623e+00
7.713493700370453787e+00
8.026238874378860189e+00
8.264984696842878620e+00
7.338632305960767432e+00
7.605464430376054352e+00
8.047033317067802116e+00
8.245745164728376153e+00
7.864051749481721032e+00
8.411862293128729462e+00
7.380415763745163282e+00
8.308313551018306597e+00
7.552017449296392293e+00
7.845126873231730968e+00
7.803213894256023409e+00
7.787163312736222309e+00
8.114776528412043888e+00
7.573637628307385405e+00
8.320837469588834523e+00
7.895570081916178040e+00
7.159146851983397397e+00
8.169412366527087244e+00
8.182148732085988030e+00
7.660047730908455144e+00
8.067438611759737199e+00
8.358209182486929123e+00
8.344129335494733013e+00
7.503462791592858672e+00
7.754280956618800680e+00
7.729566620286913547e+00
7.935167249141402479e+00
7.641000073313414909e+00
8.433904036800992543e+00
7.735539918552602145e+00
7.930285773523616299e+00
7.752125399367019831e+00
7.640005932228131513e+00
7.415192147170831305e+00
7.435819546599174323e+00
8.298174818643540007e+00
7.986416147929257470e+00
7.824759689113941263e+00
7.933421514109650907e+00
8.736136421331375246e+00
8.115777223536307261e+00
8.935814079613930261e+00
7.909425246346515337e+00
8.347298277870715211e+00
7.512452833099884764e+00
8.092848512138701267e+00
7.878076737837947263e+00
8.001331950426738615e+00
8.178024030668042954e+00
7.671529776408466894e+00
7.877142123797417739e+00
7.917857849642019552e+00
7.983154153885712034e+00
7.722146662667953798e+00
7.971307283524244447e+00
7.785298013574070808e+00
9.647919815867931348e+00
7.883157881735376016e+00
7.704999592364205618e+00
7.916010819549237354e+00
7.856617789183675704e+00
7.627722830633076434e+00
7.756926835856992497e+00
7.760993683679924260e+00
7.510035006417865588e+00
7.814870346015460711e+00
7.519710801774937003e+00
7.979386092847802203e+00
9.636034543710636058e+00
8.112025276145658381e+00
9.179945055986598490e+00
8.013565096912675045e+00
8.263810066421305223e+00
7.918971048385423650e+00
8.165504051935400298e+00
7.773081401113646649e+00
8.289798141100272133e+00
8.520683741123809440e+00
7.773348553333281785e+00
7.911569297141960888e+00
7.577403097342751082e+00
8.139423560208156161e+00
8.183514886646149122e+00
8.063714246375576877e+00
8.130007490792813485e+00
7.895005021422076830e+00
8.064253410735434002e+00
8.241762867850091823e+00
8.023059879213622736e+00
7.766973247901566069e+00
7.944611392019360174e+00
7.531928608538860814e+00
8.377924293247263066e+00
7.574343878200116009e+00
7.960523971376378682e+00
7.839286440480321971e+00
7.406548162207567287e+00
8.271705716306207989e+00
8.042760546795637566e+00
7.845378372360342745e+00
7.650327023547423444e+00
7.739855842004370601e+00
7.575936595599014112e+00
8.330963722330789523e+00
7.935773799993953048e+00
8.020083136650596245e+00
7.996527474136168934e+00
7.784977481558986945e+00
7.773131288910866132e+00
8.725653629888777019e+00
7.650839549873832190e+00
7.472550033435495287e+00
7.893999708496703960e+00
7.916078077420251269e+00
8.325784429850100921e+00
7.962573088410908717e+00
7.946862525043122183e+00
8.000563430282602084e+00
7.607388973836997970e+00
7.929421451279112354e+00
7.654750821872069899e+00
7.779412163446206563e+00
8.699613728731442563e+00
7.510787227843765734e+00
8.513667062813381037e+00
7.315130686046698472e+00
7.754036804734940169e+00
8.119718108475337814e+00
8.216757045049927655e+00
8.703147119920386032e+00
7.817561642191222404e+00
8.472176452046330297e+00
8.110355366227071983e+00
8.165050548464529712e+00
8.730225071325408592e+00
7.951551633752107939e+00
7.475798497305271795e+00
9.635672890790399236e+00
8.051095113562144689e+00
7.562995408566002276e+00
8.330391325431701688e+00
8.095853631747417012e+00
9.711365172307040439e+00
7.987673059461092961e+00
7.924147126242514716e+00
8.171972941230164267e+00
7.885203781791273236e+00
7.767843154583397691e+00
7.582358070272780637e+00
7.338061965079112348e+00
7.822770145523822549e+00
8.362812258044325375e+00
7.690442377936976825e+00
7.777843105985231098e+00
8.088627612331562133e+00
9.469716256024394596e+00
8.770367644302346832e+00
7.159525475777342329e+00
7.854073139109570612e+00
7.857817120019110924e+00
8.031114964330493322e+00
7.723018946860522149e+00
7.923669604956870671e+00
8.508808534691976178e+00
7.602937467591230458e+00
7.482788364664680003e+00
7.304364426624530005e+00
7.865662253914841529e+00
7.403145963066155133e+00
7.568565734258475786e+00
8.178782323653484454e+00
8.049963038221573441e+00
8.738280450072894112e+00
7.805273858022810707e+00
7.995039733435157281e+00
8.734565876254904992e+00
8.264054714924476741e+00
7.606270692927538768e+00
7.706847016313048471e+00
8.037602484678435744e+00
7.826122004046875524e+00
8.394409552182210632e+00
8.017560112669809058e+00
7.550568220353961912e+00
8.256999925605905233e+00
8.203053849096530570e+00
8.208418696376345025e+00
7.869229210277486786e+00
8.260791781468173056e+00
8.146390393729848967e+00
8.401873437140331191e+00
8.285672309633849153e+00
7.642573884806399320e+00
8.166973304804871603e+00
7.698440220075986495e+00
8.705680496710662908e+00
7.654255245060209489e+00
8.588581741190045804e+00
9.122834886731912007e+00
7.784870389336670193e+00
7.641824691274785586e+00
8.516769452973370846e+00
8.079443628971111124e+00
7.652323016615195428e+00
7.484595552312410582e+00
7.933631274539918898e+00
9.251596706237684486e+00
7.799423038959037768e+00
7.562408652652564456e+00
7.786147672583266122e+00
7.199398042127173269e+00
7.632201819069003079e+00
7.674048348870946334e+00
7.804915418656404036e+00
7.768698389100316071e+00
8.202455506068078606e+00
7.947588421251302826e+00
8.201960441428516546e+00
8.414604438380056450e+00
8.263720496296206974e+00
7.738050650651767448e+00
7.802218650388613064e+00
7.338815062069378392e+00
8.000139971920949833e+00
8.608895138899438138e+00
7.816470677329386163e+00
7.375807738996130070e+00
7.796705286214173469e+00
8.135525017421519678e+00
8.352179090675640794e+00
7.757753846782854623e+00
8.007976380662752192e+00
7.398134365216797903e+00
8.513440227248027625e+00
8.043018328114580839e+00
8.253508979283060043e+00
7.246708702577699057e+00
8.203275607546679282e+00
7.753042328393692451e+00
7.775539722153414601e+00
8.285941995970656393e+00
8.556737993120963282e+00
8.157003523155822222e+00
7.905038525400850169e+00
7.701233310413322819e+00
7.985859967366439882e+00
8.398686617762560758e+00
7.991205595969438136e+00
7.730664635089464554e+00
8.273869570098527859e+00
8.272953113054622776e+00
8.353666492988876868e+00
8.227565230738873581e+00
7.434389045969808762e+00
7.535179644716655467e+00
7.671175255705499296e+00
8.115966250674697235e+00
7.919908947446376857e+00
7.571394646976449927e+00
8.035320912285575545e+00
8.318261107546099709e+00
7.717987181469483815e+00
8.135440056304140910e+00
8.017771356632170665e+00
7.437211217261172180e+00
8.027197451840709874e+00
7.451228938762814558e+00
8.019109358583671465e+00
7.688962669514552317e+00
8.808753519058917902e+00
8.429934695084863705e+00
7.840090666826818655e+00
7.807114857496662452e+00
7.904009664596792994e+00
8.037171931342895093e+00
7.780078002773239021e+00
7.784349149244127020e+00
7.929714946726661218e+00
7.686504042050205321e+00
8.050595264431539277e+00
7.826707080672688832e+00
7.310227644577977024e+00
8.088319946385048809e+00
7.947776026238929425e+00
8.153790885736075467e+00
8.380063848156268591e+00
7.612125158986945195e+00
7.979303847654218629e+00
7.550779830115661895e+00
7.244386516165652878e+00
7.787881929084854882e+00
7.847370451617734943e+00
7.722080632921495713e+00
8.179229575979483968e+00
8.226670878420627275e+00
8.087946090841381164e+00
8.341792183526814952e+00
8.017437026306337700e+00
7.704955175687022262e+00
8.064294229701637562e+00
8.079392717749254160e+00
7.871191113196299050e+00
8.033999502517696456e+00
7.332650355767923678e+00
8.471357828317710670e+00
7.960084322291417713e+00
7.899278701279505377e+00
7.225092160946673836e+00
7.892636569267147628e+00
8.083312027336425842e+00
8.146407628593792083e+00
8.472123682999852079e+00
7.797577987519050957e+00
7.626927889097874669e+00
8.199464702735042465e+00
7.881739580965637870e+00
8.291976055681351099e+00
8.082688395958809835e+00
8.544288669770622846e+00
7.964579020681806121e+00
8.385935501162721906e+00
7.980830637337838596e+00
7.846864175242243000e+00
8.453327058593249177e+00
8.564322076565838771e+00
7.540727028037416346e+00
8.003575745049838375e+00
7.270446819601123600e+00
7.839741622682644184e+00
7.943371792520522945e+00
7.591445904474585227e+00
8.405172850176320765e+00
8.075662797107362678e+00
7.710040473027675034e+00
7.590496012576950946e+00
7.574643647968954063e+00
8.165192345202600066e+00
9.026304857539397375e+00
7.775142751398989915e+00
8.709618829937602058e+00
7.889836342704327876e+00
7.706460809859873251e+00
7.608293030031393123e+00
8.326580543344949348e+00
7.899123000470439138e+00
7.491836608944510978e+00
8.079400782190925057e+00
7.562468043891489522e+00
7.632360527865336586e+00
8.304154503340800630e+00
7.608678309203734003e+00
7.618863219265521458e+00
8.124677939898917955e+00
7.591187310317113024e+00
8.186637232713721346e+00
8.098429034345114630e+00
8.263928463101256838e+00
7.752667609148712557e+00
7.485322024011577646e+00
7.917441957729349333e+00
7.641818636171758605e+00
7.504537027487504730e+00
8.627291672968764757e+00
7.894287880853869233e+00
7.606978215307429458e+00
8.111212609564542930e+00
8.449252431023161591e+00
7.879011929796313041e+00
8.128325452215046099e+00
7.956409179745927318e+00
8.021930103085670893e+00
8.238006224549385692e+00
8.741006176061082655e+00
8.160549873433332380e+00
7.630562585788351448e+00
7.786720735635615398e+00
7.837948817595930429e+00
7.374771341086295173e+00
7.694864885678445177e+00
8.552549915044641793e+00
8.152548381443319059e+00
7.570404058970265027e+00
7.963584016815958400e+00
7.817683715146346302e+00
7.578994440709469593e+00
7.957101257955086382e+00
8.231132626212856351e+00
7.297814841410642295e+00
8.682128487503058878e+00
7.502671433441068238e+00
7.854972073929000764e+00
7.843530109738305001e+00
7.791471038636472279e+00
7.835647223023110897e+00
7.984107709467618719e+00
8.977770159642187053e+00
8.773921478590761325e+00
7.825497111129476657e+00
7.951483354275713289e+00
7.555536470551488470e+00
8.279054699765042713e+00
7.977647829718212513e+00
7.688592760039479224e+00
8.206579137206871266e+00
8.013551813555926273e+00
7.925479853304499223e+00
7.934163514680975027e+00
7.828637735030057776e+00
7.879530656417831125e+00
8.896770063495834435e+00
7.873102492819178622e+00
8.357962206129384342e+00
7.660549528971211330e+00
7.389391201767861794e+00
7.947160648465521504e+00
8.630710152405756119e+00
7.661719783489554736e+00
8.202220711323429114e+00
7.890473347558083717e+00
7.719653226612635422e+00
8.398176994733706380e+00
8.290308311186562307e+00
7.605176916471725335e+00
8.928537189472892877e+00
8.565657409630869523e+00
8.769701910428995717e+00
7.482551649064501653e+00
7.928087290899190620e+00
8.057245812575247967e+00
8.436676182151716219e+00
7.886932209232859314e+00
8.067853356072404836e+00
8.629196895083342866e+00
7.979953302486129552e+00
8.196668925617030865e+00
8.336698321768349018e+00
8.691291474221589652e+00
7.901146546271893278e+00
7.725149288010996429e+00
7.408353236681728404e+00
7.463060994868173204e+00
7.573121647464114758e+00
8.030688282702179492e+00
7.606318710961708973e+00
7.819316779609438051e+00
7.741999364032422726e+00
7.812147686176827754e+00
7.900126996390688383e+00
7.778694213180731509e+00
7.756320264129311859e+00
8.320550188688800475e+00
8.132457447896758396e+00
7.907474728842231571e+00
7.612304519691503124e+00
7.986437339782751721e+00
7.096370712046369711e+00
8.243600242623509544e+00
8.145358590027409917e+00
7.611328451104828474e+00
7.561351599356223474e+00
8.651075382267597647e+00
8.673471589059882803e+00
7.498514042640930022e+00
7.569966501287887617e+00
7.757310320668906023e+00
8.173234535869401185e+00
7.877998095988758998e+00
8.156503501965852720e+00
8.555463317196336348e+00
8.329696670741652653e+00
7.958681960961754065e+00
7.864585792547402754e+00
7.687558381201933244e+00
8.039200312381467484e+00
7.500638325778744786e+00
7.744120005202324464e+00
7.960027322515365711e+00
8.196141730992495766e+00
8.060193729401913032e+00
8.162302546580436413e+00
8.386733851185196542e+00
7.278684739094664735e+00
7.780872463162893382e+00
7.830588821804995270e+00
8.141099557595993019e+00
8.236749736824476642e+00
7.993202256268348016e+00
7.667654448988908022e+00
8.209996527580846859e+00
7.726773684990161151e+00
7.819787440798235956e+00
7.597065051784311684e+00
7.923746869146540028e+00
7.767984788422082509e+00
8.273845064621301759e+00
8.682945607625525142e+00
8.353889011560866606e+00
8.051933683136839548e+00
8.008165276610093031e+00
7.945920186364966220e+00
7.330126640982894237e+00
7.318980917930394625e+00
8.027327405116100323e+00
8.043654867186628366e+00
8.039302110627811970e+00
7.855637932334509799e+00
7.199945290596256875e+00
8.103555455761370041e+00
7.841606981189046088e+00
8.601795452298896194e+00
7.932402339796454704e+00
8.145413135414210970e+00
7.743968557353905879e+00
8.154735602483409451e+00
7.848194997028167030e+00
7.256723845538086692e+00
8.028540709902257433e+00
7.626125474697866835e+00
8.026254128590030845e+00
8.378969572593385706e+00
7.789079566806747401e+00
7.801306571208106888e+00
8.103602486929270654e+00
7.709621590571908101e+00
8.227002872890897933e+00
8.489255213904112196e+00
7.960881922164891655e+00
7.895747384607655128e+00
8.267495088361368261e+00
7.827926165819113713e+00
7.379363444965678198e+00
7.314049911623592415e+00
7.829846562574842572e+00
8.602698996548847177e+00
8.635507898795941273e+00
8.131349572716265683e+00
7.809270441725799650e+00
8.172469039313606132e+00
7.990291095584391101e+00
7.615395759053780189e+00
8.217066362784221312e+00
7.870248024066929027e+00
8.242431999277403776e+00
8.590073025842027477e+00
7.415090397486926221e+00
7.748357073267764683e+00
7.396024825728950702e+00
7.812360140859382795e+00
8.246881032300628078e+00
8.839357387129963328e+00
8.308223390007551501e+00
7.715561284564793176e+00
8.313495484019561843e+00
7.928825915468540764e+00
8.171605432114894541e+00
7.283036954808482122e+00
7.279910656410933711e+00
7.827509852054805428e+00
7.731396494547094100e+00
7.626594814331217442e+00
8.027786051293329450e+00
8.169273339116511323e+00
7.546509075771812292e+00
7.806002269201127497e+00
8.041626122074660543e+00
8.157865233682212391e+00
8.432381920922425778e+00
7.526585635414743791e+00
8.292426479027138697e+00
7.580278760685688511e+00
7.522897555540052572e+00
7.818034516979117221e+00
7.818360893236782516e+00
7.425054796654944944e+00
8.449284861108193212e+00
8.327132037972482692e+00
8.253210453411407244e+00
9.055069701540661598e+00
9.344145997614745625e+00
8.040875381038919301e+00
8.213578660307430113e+00
7.933902194261108320e+00
7.901121915853323685e+00
8.506891714590754106e+00
8.078994053402407616e+00
7.164871563170178703e+00
8.469291744990526283e+00
8.016660474242678802e+00
7.610532019007124838e+00
9.619177246167534889e+00
8.110470489366576885e+00
8.232061169328718009e+00
8.092254602700904798e+00
7.569581277660942575e+00
7.653153387067690439e+00
8.203541036116646978e+00
7.184816802737699071e+00
8.025816852081559816e+00
7.967205571327029112e+00
8.194345701481919875e+00
8.007665858634604561e+00
8.042652793352067064e+00
7.756548925782656312e+00
8.243825551435721266e+00
8.022524792779982761e+00
8.094229047688283885e+00
8.278027199268848335e+00
7.490943626589967153e+00
8.122047120779692264e+00
7.788093707792591580e+00
7.527956728835267342e+00
7.977396545969567931e+00
7.969231839641316206e+00
8.362145048185796625e+00
7.994358993034206939e+00
7.621338278894752349e+00
7.640356742494285314e+00
7.951265396437270816e+00
7.365760701322135340e+00
7.953564952259896792e+00
8.373907405808326487e+00
7.794653244391957614e+00
8.285978624974070783e+00
8.756044927702548719e+00
7.919858015856409139e+00
7.296001156243712593e+00
7.771308977854431532e+00
7.605987855631496153e+00
7.937157481698780437e+00
8.034330058191251567e+00
7.491426719599658668e+00
8.476786129802801995e+00
7.827709249968980210e+00
7.817178179813914163e+00
8.153936514004488600e+00
7.923527319649701361e+00
7.644447410768837159e+00
8.219645273149854603e+00
8.699242436500796316e+00
7.784996658380984869e+00
9.295988507408701196e+00
8.366163834103309327e+00
8.156196509859000798e+00
7.642683331715895534e+00
7.755943144166097980e+00
8.067173122388762607e+00
8.207056348092161002e+00
8.048348533453062004e+00
8.109145861287112567e+00
8.235529363711576067e+00
8.098808453078044423e+00
7.847304207323441361e+00
7.747467747815243833e+00
8.384727377930916603e+00
8.513667554489334321e+00
8.064617913338153699e+00
7.850844997806992076e+00
8.137430728226156873e+00
8.800174083438131234e+00
7.665197354952741904e+00
8.798072157063488774e+00
8.203436248331668068e+00
9.085247593419595091e+00
9.351337940443833929e+00
8.288785048432799840e+00
8.094669083463855941e+00
8.508626630224657816e+00
8.263058791114952228e+00
8.252797259994119727e+00
7.966228552382347061e+00
8.220550814067202339e+00
8.285134132368062509e+00
7.750419439761424556e+00
8.058544267431564379e+00
8.228368501847601379e+00
7.873949284822117534e+00
8.107434986393409204e+00
7.655767410292939168e+00
7.781800316664860162e+00
7.892408793345996543e+00
8.074806249239129485e+00
8.135164968308393085e+00
7.521061319430836889e+00
7.339144331712010860e+00
7.841551519505383538e+00
8.152695804582917205e+00
7.695937061073228058e+00
7.235423755124799072e+00
7.691162038429445680e+00
8.398551196466677027e+00
8.101755693613558407e+00
8.467869963569395253e+00
8.048531419495384753e+00
7.828786193113161929e+00
8.241738303616845229e+00
8.045611819818468291e+00
7.789787942005282240e+00
7.506593681011705321e+00
8.222761486740632009e+00
8.216910029187715736e+00
7.938046672902984824e+00
7.928143255619491292e+00
8.160820169699055882e+00
8.282993197550965192e+00
7.983877920558927421e+00
7.734791097741060995e+00
6.646230946049231925e+00
8.161716898759943106e+00
7.619525252103597879e+00
7.998814862792363201e+00
7.578025250817679748e+00
8.197605425860507111e+00
8.185724095863578853e+00
9.024867620618140407e+00
8.155654105454136271e+00
8.881687220640333891e+00
7.952149508787881516e+00
7.705976933364861559e+00
8.015311640826231709e+00
8.124956631105206384e+00
8.059401816988271960e+00
8.301234126514014378e+00
8.164995061747733374e+00
8.003924929801991439e+00
8.171813476391060149e+00
7.867654499939482626e+00
7.447403744139781345e+00
9.233249869060907500e+00
7.752453528480875100e+00
8.090634033072223730e+00
7.912719348488894688e+00
8.029017601006827931e+00
8.042651507090868179e+00
8.042670463408304826e+00
8.289651279643425852e+00
7.905823879289520129e+00
8.160284275940385967e+00
8.057550186989061558e+00
7.680137050201262916e+00
8.181498121455160089e+00
7.449727318757997097e+00
7.685095381175826468e+00
8.039394077649136605e+00
7.394874991413055376e+00
8.066792842296299781e+00
7.883494048125458065e+00
8.150197129684496389e+00
8.501837428832706323e+00
7.959095526744106586e+00
7.459186226005432907e+00
7.785110760982979272e+00
7.843526832006373795e+00
8.002138791181476307e+00
8.315790594533639890e+00
8.507754692190166779e+00
8.048194806682952063e+00
7.644729865326703511e+00
8.143337073013810823e+00
7.711234382343499227e+00
7.996150437237249164e+00
9.021435105504638230e+00
7.676511234983002474e+00
8.597323977894243185e+00
7.257937781897667584e+00
8.258379218257381638e+00
8.419639285104810966e+00
9.452671821018316933e+00
8.469278825758847162e+00
7.626051138491019898e+00
8.386931861288212886e+00
8.110817574267855434e+00
8.237222577079290176e+00
8.128370767053045398e+00
8.241717892290246539e+00
7.628390137922502312e+00
8.311990738497181397e+00
8.214559336100354159e+00
9.491241262389317868e+00
7.829389596110631011e+00
9.143233126508343744e+00
7.927086763614786591e+00
7.641847179085805131e+00
7.796264472631246001e+00
7.896269054722433900e+00
8.110687183685806545e+00
7.403751240279349943e+00
7.852768399689244561e+00
7.685511161421259452e+00
8.231997691998097721e+00
8.393550185011548592e+00
8.814257831285821965e+00
8.143885906869337887e+00
7.710111750308895395e+00
8.073269632779256355e+00
7.360905595138924618e+00
7.779306693223880131e+00
7.854836024655726945e+00
7.664425914476056256e+00
8.705364973696459785e+00
6.836480098911875913e+00
8.490455699077267937e+00
8.419052655380330208e+00
7.862652025690588076e+00
7.636227048854326682e+00
8.115018631848220920e+00
7.480303689826909519e+00
7.835796843628483721e+00
1.013127132585950818e+01
8.491368044824513461e+00
7.898134799217131352e+00
8.179894073109721830e+00
8.196419754753604181e+00
7.749003639032348900e+00
7.826551987576776170e+00
8.031312251676268943e+00
7.724506050988870776e+00
7.712616303437877185e+00
7.293771588599519795e+00
7.802921814368087183e+00
7.152270528642575620e+00
8.304225517976041360e+00
7.850287013906056544e+00
7.834986715622375364e+00
8.202933546228424078e+00
7.837022401489486256e+00
7.792279066853788017e+00
8.675526885582153014e+00
8.483701384555935476e+00
8.556974435076828200e+00
8.066492730825519430e+00
8.211997862178584739e+00
8.139265485243612375e+00
7.964801077233910398e+00
8.474094703468884049e+00
7.744397662560650986e+00
8.110381852991302765e+00
8.647792026455634939e+00
8.431999811506216247e+00
7.729562146575637449e+00
8.006028736394828371e+00
9.495706368230946381e+00
7.782933156990845092e+00
8.001369858630761556e+00
8.104412914382358224e+00
8.119076049243348692e+00
7.745858401441593877e+00
7.845821475801851186e+00
7.714184734911645691e+00
8.312417981377347331e+00
7.807311463847435462e+00
8.298176922459045812e+00
7.578004821082720888e+00
7.942912707322657084e+00
7.811949981874517945e+00
8.125990909228917758e+00
7.883418426441759941e+00
7.921521735266008335e+00
8.105924639322982017e+00
8.944438204670175807e+00
8.252405379561466248e+00
8.167513286226768088e+00
8.697588681195909999e+00
8.912990693884706772e+00
8.402953292773913674e+00
8.090899522226797203e+00
7.945705318725321931e+00
7.638469369942093579e+00
7.739887074161003078e+00
7.661539736993153937e+00
7.979030915160345572e+00
7.813109809071179690e+00
7.914477353963384587e+00
7.400890617575281105e+00
7.943049001029998557e+00
7.461357146643146976e+00
7.748456370903324064e+00
7.969737721381581430e+00
8.381808999828349371e+00
8.014007956642958064e+00
8.013820310903827959e+00
8.335742771960877207e+00
7.841945129871459308e+00
8.266819416450367441e+00
8.008036237763258569e+00
7.326057605877848822e+00
8.214569800208915140e+00
8.129564953784480963e+00
8.615262410467463994e+00
7.936323428727046547e+00
7.681874192735302920e+00
7.871336009993725291e+00
8.089319755401236378e+00
7.641702319738571170e+00
7.651540080925870235e+00
7.746554909289549151e+00
7.985914493184095519e+00
8.702688173229233826e+00
7.524262130185870312e+00
8.447862478759759597e+00
8.045860370572539111e+00
7.518477705362180075e+00
8.179607576707454086e+00
7.856996579375511658e+00
7.740269926877392237e+00
8.391460426001305706e+00
8.168882141274085740e+00
8.129971958201281268e+00
7.600631050977934677e+00
7.893632701256803053e+00
7.589756022164067417e+00
7.878514569073092666e+00
7.874139964245929768e+00
7.905232977727108867e+00
8.086837349814880227e+00
7.921270216083144966e+00
8.153868868314621210e+00
7.835334685165045165e+00
7.824235464428644704e+00
8.138329570697655058e+00
7.704391267504528074e+00
7.590270673526547718e+00
8.617850408134961171e+00
8.033751923343347201e+00
7.861065059365635932e+00
7.024339686306239727e+00
7.291619654014767526e+00
7.761282234967832316e+00
8.529420193581856324e+00
7.965000214662327771e+00
8.436030767865089430e+00
7.770997327830436063e+00
8.205648553812700641e+00
8.143874265143459468e+00
7.773901864099182824e+00
7.727959240963399701e+00
7.776344048689517230e+00
8.268633019380413174e+00
8.051504434085375195e+00
7.456503619947182138e+00
8.066105629453458548e+00
8.284200332020038360e+00
8.153375869854267322e+00
7.475742983291404187e+00
7.737798152391796691e+00
7.799224602142984963e+00
8.578860880942491107e+00
8.482247251677646815e+00
7.762707433137792101e+00
8.114951829776874348e+00
8.213851523699400303e+00
7.735360104691755723e+00
8.372947315105438548e+00
7.765368817684720426e+00
8.011060801371090889e+00
8.543261552113602164e+00
7.804842857373998299e+00
8.100795026800705401e+00
7.828763412826464929e+00
8.183239866020905140e+00
8.227480592890723088e+00
8.154473623276269123e+00
7.860885014806274107e+00
7.885377978130152954e+00
7.931462046207707672e+00
8.407541945932250016e+00
7.935124921905873485e+00
8.192216451085569062e+00
8.618905968572120102e+00
8.144398637591514500e+00
8.005476663333874754e+00
8.611207471959634319e+00
7.558094066754578400e+00
7.732818438146500384e+00
7.831266339731968174e+00
7.756857309546891344e+00
7.642807448904552992e+00
8.382531441521672733e+00
7.849627438391276968e+00
7.739406067769563968e+00
7.838933298513217629e+00
7.622554542081253715e+00
8.095613140245816908e+00
7.719921557359318953e+00
8.425338758692834773e+00
7.630405659422083708e+00
7.922421645107105448e+00
7.324865597491139191e+00
8.047229960921985281e+00
8.569540955604612265e+00
7.926094472871358931e+00
7.619274199633646383e+00
7.439284363054893490e+00
8.198600297532747661e+00
7.748991583892983925e+00
8.547125980481640184e+00
8.069540324414607113e+00
8.374050922396099494e+00
8.168713540393397921e+00
8.286661946652873922e+00
7.896250978304448331e+00
7.960050069263120420e+00
8.022926166544266380e+00
7.782106867893983981e+00
8.000487927288771672e+00
8.156897191530971369e+00
8.302719865027800239e+00
7.970956060715391978e+00
7.976115949668445282e+00
8.008722261282580135e+00
7.555411098339806841e+00
8.119620592871468645e+00
7.811644215778173361e+00
7.658513965497151688e+00
8.120334452066780173e+00
9.032300403864333305e+00
7.870327111135910769e+00
8.230854299653698192e+00
8.061725487620659436e+00
7.822262393566573380e+00
7.842624550678090500e+00
8.205328381602082999e+00
8.304447404179159165e+00
7.987330162327273442e+00
8.500459455773308193e+00
8.218681918246156570e+00
8.088517577091485222e+00
7.606961737996434714e+00
7.776237899358755534e+00
8.346504530715757042e+00
7.777852049265032264e+00
7.677732536745230263e+00
7.911526407261172622e+00
7.718858759794762214e+00
7.796402460745422758e+00
7.924170584659600891e+00
7.497517204310061523e+00
8.250681230152270729e+00
7.751096180272165626e+00
7.517485185335377018e+00
7.745546774564911807e+00
7.836340023650848252e+00
7.880212101949545911e+00
7.614328091684446242e+00
7.916049284296312827e+00
7.909658692003631586e+00
7.901547770382529201e+00
8.054481164462774956e+00
7.893840947657582596e+00
7.421903967988515483e+00
7.380494205328668400e+00
8.726958091081106872e+00
8.008517082599476922e+00
8.160215423894289444e+00
7.878173905824228385e+00
8.197727892452533638e+00
8.105087461732239262e+00
7.930316086698805833e+00
7.407398056302494815e+00
7.544265548214771577e+00
9.021825456984750247e+00
7.964305493375383627e+00
7.718139917030424790e+00
8.396362934945098999e+00
8.247969144792616447e+00
8.447147467177373414e+00
8.224302156078593384e+00
7.727368357142117894e+00
7.997567754829953302e+00
7.433736184291997340e+00
8.055208974168762026e+00
8.343940497878108431e+00
8.196940180459154845e+00
7.953470416032552670e+00
8.019958268395781076e+00
7.721102031661094323e+00
7.761237636720675681e+00
7.615919514964305748e+00
7.468124563172495733e+00
7.788235818868591842e+00
7.679448777343561794e+00
8.087800056791778047e+00
8.359641185439166122e+00
8.132831353263346941e+00
8.155959434259663965e+00
7.742999320855982859e+00
7.940458739034802704e+00
7.667492892180701070e+00
8.598506518094589879e+00
7.928123513461545535e+00
7.258858424161514833e+00
8.039592893062456724e+00
7.815840857852815127e+00
8.348969410080828268e+00
8.468109439355337997e+00
7.896815276960321484e+00
8.222180213118614134e+00
7.961064457282996720e+00
8.234974029815228747e+00
8.469907861674171201e+00
7.533375977949915203e+00
8.577518717431532380e+00
8.270822332030068225e+00
7.961911328835750368e+00
8.485670784276104328e+00
8.146450261217136557e+00
7.806683633688622059e+00
7.879270108752629120e+00
7.506521477045257740e+00
8.365031640733004537e+00
7.844358315492688583e+00
7.642167550677060994e+00
7.682851887510779854e+00
7.689289006332105103e+00
7.898970087846439725e+00
7.777111559089867399e+00
7.259465203464424476e+00
8.101334565812004840e+00
7.968785708227351883e+00
7.905226282130572990e+00
8.269311044570711644e+00
8.397802905995524370e+00
7.959941946808007707e+00
8.696390212909561157e+00
7.541224932864686537e+00
7.706565374746839225e+00
7.710482518447716593e+00
8.201631868491618960e+00
7.498506537253716964e+00
7.887203425946821334e+00
7.865283574932349531e+00
8.376408095284437749e+00
8.177594157461594904e+00
7.785454235514399635e+00
7.335651845834036955e+00
8.363761647856877701e+00
8.487187981799880987e+00
8.128311438672193745e+00
7.986114344107121177e+00
7.552585608062482692e+00
8.000429562845869924e+00
8.078250534771679980e+00
7.525562472535433756e+00
7.648812058876405473e+00
7.892449555673916706e+00
7.563223927919495715e+00
7.532640360573752858e+00
7.678039366499235463e+00
7.938186544768297992e+00
9.485716363012141272e+00
7.474708232334720037e+00
7.978876761238845816e+00
9.391586514660323459e+00
7.968194426464544122e+00
9.015655305238997386e+00
7.895466735616183840e+00
8.294320018391880822e+00
7.947726214972819392e+00
7.761413395517529068e+00
8.166635026672942388e+00
7.286396575678021570e+00
7.233893608014888343e+00
8.292345153644067324e+00
8.044778610719742318e+00
7.798241905968764875e+00
7.868666862806371398e+00
7.789628215755882046e+00
7.947375480899843581e+00
8.186701926390830053e+00
7.919524394964707170e+00
8.093127960568635260e+00
8.453197834793050092e+00
8.280527422385945968e+00
7.867739831623826952e+00
8.071819692277335534e+00
8.168338846819652943e+00
7.696159066570280594e+00
7.873789140438367973e+00
7.739268483743306781e+00
7.590589604249258215e+00
7.527289623434133325e+00
8.068483534473264385e+00
7.562738333754919218e+00
8.060745643973032060e+00
8.550876159055883718e+00
7.932398077465792952e+00
7.447755068165476722e+00
7.971898174286850214e+00
8.341651681708093236e+00
8.272997928851324900e+00
7.655372370609171639e+00
8.841116200418468907e+00
8.208693227672950954e+00
7.607054277033883594e+00
7.880046229745359732e+00
7.838469267654033956e+00
7.448149765269875822e+00
8.458044037807425752e+00
7.889716326472993480e+00
7.777752010491824741e+00
7.515698598916870310e+00
7.205816868854367563e+00
9.086089653837522206e+00
8.606738062284691182e+00
7.725833683214914593e+00
8.081501792717693533e+00
7.591473750003279619e+00
7.566186447235199175e+00
7.443685010496067456e+00
7.853377237870446059e+00
7.936770246215351321e+00
8.487409899466491936e+00
7.698289069919398209e+00
7.913287489873037650e+00
8.291257643430412827e+00
7.591248484704501642e+00
8.061918424968418151e+00
8.777101598297976537e+00
8.314349481652666185e+00
8.135791298665450810e+00
8.158940793520772061e+00
7.975515149968102513e+00
7.874553452402917486e+00
7.774021792550564136e+00
7.935003820244916461e+00
8.078339948239900536e+00
8.197328846351592091e+00
7.984911463169282797e+00
8.574628540953941780e+00
8.233306390019693666e+00
8.508832813583754984e+00
8.449837176627173818e+00
7.994482979368026321e+00
7.585038136183778867e+00
7.932928850727784642e+00
7.438423137972469235e+00
7.875599475744243350e+00
7.652651447932385942e+00
8.154559363296030483e+00
7.545477354527798219e+00
8.057307116053442186e+00
8.028810677047610866e+00
8.304446885062871431e+00
8.023264252687788201e+00
8.041753124054368485e+00
7.868516090716571654e+00
7.906786136507172102e+00
8.192243690867424988e+00
8.054976784182619198e+00
8.103969262862413814e+00
7.646852133824350695e+00
7.692339197991929112e+00
7.964746744037111803e+00
7.496003322993264995e+00
7.962012964857624553e+00
8.061695275625407220e+00
7.757911992338724083e+00
8.102879338689447763e+00
7.749919875710647332e+00
7.956650599956723191e+00
7.940086151719255803e+00
8.175186526913487128e+00
8.111248162286070595e+00
8.270599033659630450e+00
8.191591330382143710e+00
7.464509384980957840e+00
7.888057339434284110e+00
7.987309531740766744e+00
8.971296303921345583e+00
8.163941000953863991e+00
7.713199901867827890e+00
8.010639050871210642e+00
7.777287997501388439e+00
7.389285867066359259e+00
8.086263700887855066e+00
7.476862301011570899e+00
7.660648635896022185e+00
7.664786412835484342e+00
7.717403846938682754e+00
7.795055574328747738e+00
8.484199053378604916e+00
8.862915467611362175e+00
8.199947029516708952e+00
7.923186917512864191e+00
7.634968995365531086e+00
8.087878435075134931e+00
7.892480892283342264e+00
8.644487648994497064e+00
7.718119953399371624e+00
8.632247070379483134e+00
7.775921987671406299e+00
8.024070448060026450e+00
7.631715571186999725e+00
7.952688399044351542e+00
9.792321643488742566e+00
8.925042520033414917e+00
7.809134478618442010e+00
8.137057185418095528e+00
7.871552347247162018e+00
7.595256542692256474e+00
8.270944423750854924e+00
8.190876612844760984e+00
8.226849247631632167e+00
7.936797380065712559e+00
8.113519362085297004e+00
7.443198737630651429e+00
8.038637777125778427e+00
7.648314952625828056e+00
8.066871129661919326e+00
8.569924480029895264e+00
8.122617740773135253e+00
7.791778825977347722e+00
8.363527587876600222e+00
7.992259965732792182e+00
8.115379328633679279e+00
7.948883169604487264e+00
7.949438103792511257e+00
7.864618025823509662e+00
7.762288187761067881e+00
7.543327852607231598e+00
7.654106571545874260e+00
7.599719846889075647e+00
8.251950838064752602e+00
8.546365487853091025e+00
8.176637863668197781e+00
8.074525515901585848e+00
8.416283407021149188e+00
6.915755458335753225e+00
7.907152774935790163e+00
7.963740419736225817e+00
8.523135572476226329e+00
8.091136199597821488e+00
8.642461078117078088e+00
7.738806886232601379e+00
7.973888046942787966e+00
7.288930149739218045e+00
7.946028371932674972e+00
9.323678994793610286e+00
8.122810014779652477e+00
7.759657401752253492e+00
8.936106173471340952e+00
7.716407571176199909e+00
8.223125713950047100e+00
7.890115526355023334e+00
7.121580106725907910e+00
8.033775194785055973e+00
7.903507880716097667e+00
7.452802240893597663e+00
8.156853456383251100e+00
7.854716103429551843e+00
8.038987258418375248e+00
7.976443537384783511e+00
7.648013972528683091e+00
8.516276887605929602e+00
8.914634189468504388e+00
8.758432811884274471e+00
8.554758581289855002e+00
7.837830029204670979e+00
7.945475360668277531e+00
7.527061635290007935e+00
7.890806195148351243e+00
7.781132988090040392e+00
8.254301511058448781e+00
8.258106464445058137e+00
8.116116254966314614e+00
8.145263163422743702e+00
7.951241133103002845e+00
7.895955450670179232e+00
8.485412642024135366e+00
8.306386942348568780e+00
7.895904552562952539e+00
9.295252430094320673e+00
8.747541478758414257e+00
7.763752525917384517e+00
8.276625337075557809e+00
7.749695974110669461e+00
7.561727260540892281e+00
7.936416032402653364e+00
7.797608845382518084e+00
8.161739952662545150e+00
8.838457828134618666e+00
8.049902555842598062e+00
7.348044407338333528e+00
7.848623187697558734e+00
8.109271191285124303e+00
7.615628165348003797e+00
8.228599027082534434e+00
9.267466888727675212e+00
7.620634188215014149e+00
7.868644144810724050e+00
7.967592372435341019e+00
7.776339497211696816e+00
8.033286852250427046e+00
8.004447122528777214e+00
7.906896204061278688e+00
8.322215130080470757e+00
8.026824056726729495e+00
7.697377537775976108e+00
7.549176096987611828e+00
