-9.654217632349173073e+00
3.110898208354410599e+01
3.312574867652074317e+01
4.312592890022642678e+00
-6.406604033087205607e+00
2.119592944665782852e+00
-5.939771196626679739e+00
1.571299627553162281e+01
7.150134833330594120e+01
4.438144304641900817e+01
5.472543513755226741e+01
2.753313536499626935e+01
-2.082166026314371265e+01
2.435808104641910177e+01
3.822907897653203690e+01
1.670732319373200880e+01
2.931020477769925492e+01
-1.093717594557892880e+01
2.500548212056310149e+01
5.499204355015535839e+01
9.605670848275622120e+00
-1.465992662609278341e+01
8.662530702531512361e+00
5.755000315882716677e+01
4.754445111479071784e+01
-2.907108894753037021e+00
-2.319777732442162232e+00
-5.019649454363388941e+00
-5.511078157018346246e+00
5.243084952957724454e+01
1.294344714779799688e+01
4.880507005513209151e+01
4.390947447709186235e+01
-5.347063230318599381e+01
2.507349349718424492e+00
-9.953726862484472804e+00
9.107355354608444031e+00
5.022549792054633144e+01
4.504617172876896802e+01
1.149144410186272580e+01
2.136685410486097680e+01
6.275614126967047923e+01
7.673638414605011349e+01
9.278779651704098796e+00
4.014265231156969094e+01
5.609222676690842491e+01
3.962389755582989892e+01
-1.169172789476215257e+01
4.832862620393643738e+01
2.120743629041317035e+01
1.862410238576558186e+01
6.327531959281623131e+01
1.677282082707461086e+01
2.973233922655344941e+01
3.026565228012259468e+01
3.583695127177634276e+00
-6.519803122042503674e+00
-1.311933318466617493e+01
1.965103062043635873e+01
3.245134273101939471e+01
1.176972790962463478e+01
2.324027161800404429e+01
9.201813120544102276e+00
2.396115629444830120e+01
5.414501109137563617e+01
4.948243493365225731e+01
7.456447492494407925e+01
2.106562659225164680e+01
3.644391544789687032e+01
3.364955412302879267e+01
-1.855619731802653405e+01
1.204757125593096134e+01
5.785177499110068311e+01
-1.473628304419980850e+01
2.392911556285980623e+00
2.545948238449273049e+01
1.648125298155719065e+01
-8.172592013655957999e+00
1.889668559621350141e+01
1.428167382554966025e+01
-1.889314294368523406e+01
1.056286766425182577e+01
1.477239980008744169e+01
2.663077791227988200e+01
1.318690037769556511e+01
2.606021500011775061e+01
1.436845097950936179e+01
-1.374113284618942998e+01
1.250580532952153590e+01
4.465736631511026644e+01
3.604804975449224003e+01
2.738457233009467018e+01
6.391717089563826448e+01
-2.435037320894480217e+00
6.893353416820900748e+01
2.173957970910851145e+01
1.872488599662756315e+01
-1.618923804983569426e+01
2.317592834707102156e+01
1.898773392453222186e+01
5.777349875920845079e+01
2.015704019423355930e+01
5.124509612719703000e+01
8.037178470774961170e+00
1.398077745067348587e+01
1.533768084652183461e+01
4.493051792845290038e+01
-2.811397557384771062e+01
8.287303531706129434e+00
1.809572324734108406e+01
3.485546251163032139e+01
2.818287009078630945e+01
2.349141768510162365e+01
2.262571122291046777e+01
3.789929918111738516e+00
5.583003901049232809e+01
-2.295808822631443036e+01
3.919091530785226496e+01
7.723793168854899704e+01
2.767744603693790850e+01
7.357046264002565295e+01
4.866943915986121283e+01
3.971741203099008999e+01
1.661170219224732136e+01
-1.296095062218591920e+01
5.396715822385885986e+00
-2.018780352838075487e+01
3.503436851774313254e+01
1.401619132121049915e+01
6.328644254544633441e+01
2.469132421362519381e+01
2.498990411045451765e+01
1.640643384213035461e+01
1.997043701466100174e+01
3.602231921657221392e+00
3.769163162211771123e+01
1.517779212867390015e+01
4.420543563665341935e+01
1.084702526578985271e+01
7.469269340981918504e+01
8.627463715627891361e+01
4.483713637485197978e+01
-1.198710911932721501e+00
2.296605622963397764e+01
4.739381196127214935e+01
3.772581597321186564e+01
4.992886705956698279e+01
-1.055627146066399291e+01
3.082889109161988017e+01
3.079241295973406523e+01
8.230871638006647117e+00
4.566043093012922327e+01
-8.303443148750375258e+00
1.268698266714272904e+01
-1.264486171382304747e+01
5.250995179848905536e+01
3.821963775484982762e+01
3.876035633271385450e+00
9.112925085406459402e+00
-3.121324142663070234e+00
-1.911930871297954582e+01
8.855640342408150900e-01
4.084491865074596717e+01
3.909115515894518467e+01
3.815473136030777823e+01
3.715777300444460707e+01
-9.538432314187957672e+00
1.824513781237328658e+00
-2.194994594192394288e+00
2.884795323869184358e+01
2.704858974252783810e+01
-3.675231013377924683e+00
2.096024890280750697e+01
2.683554875858317246e+01
1.977336390624986961e+01
3.977698530757697881e+01
4.071339806426112773e+01
2.879741409287817078e+01
5.854347325080016162e+01
1.066354663115635049e+01
3.863330579724788549e+01
4.192079790269417572e+01
-3.107987606340975617e+01
-7.556150867949327221e+00
4.724320355807867600e+01
8.052861050935462117e+00
-2.379586102043685969e+01
4.548875287723785732e+01
7.949897514405165566e+00
-5.498204814812197583e+00
2.446403734799969243e+01
2.956150908490235452e+01
3.948056335458386457e+01
3.881024067289399682e+01
3.224843282680740231e+01
1.905983864162408281e+01
3.292083662641744013e+01
1.918075984529059497e+01
1.879395415291583049e+01
-4.767622461274731904e+01
3.671528921011486091e+00
-6.711390760032372782e+00
3.897498753384570591e+01
1.811700286373161362e+01
1.787525204361372744e+01
-6.039158038627647329e+00
6.051337157109082909e+01
2.081701851528850966e+01
-3.157585899586047162e+01
1.372507642380878679e+01
-3.385404585121068521e+01
3.873398967192042619e+01
3.265890368907639640e+01
1.102109715641199728e+01
7.291108602199528832e+00
4.724544935705125681e+01
-1.328423547736747423e+01
7.193896980449062539e+01
6.846188157134747598e+00
-5.617954232075135224e-01
4.683186906812625239e+01
3.878778081229029340e+01
4.413634976036701119e+01
1.646526594384704367e+01
2.509799300341546768e+01
1.283592393506842200e+01
2.212479526587048895e+01
-2.888026940761483274e+01
4.260457111609503045e+01
-1.654230741222636425e+01
6.586087594271157286e+01
2.390059728857886512e+01
-7.382890311335359002e+00
3.224942148376430850e+01
2.597386383844786906e+01
2.261112475489790086e+01
1.768840886660473188e+01
-2.423556539102719398e+00
4.455578995109317475e+01
-8.858969497832731577e+00
-9.446611658302572323e+00
2.823050037677239743e+01
4.562707196310293511e+01
4.758800519283249741e+01
5.271914592226676177e+01
4.868801111422726535e+01
1.518556920638002339e+01
3.068004901610402158e+01
4.521223506163732964e+01
3.204573037991212914e+01
4.269936181493176264e+01
-4.527329783281311393e+01
1.658343354859607643e+01
6.355488587814033963e+01
-2.149472986871842295e+01
3.380229712937580189e+01
4.436750675615621731e+01
2.880317036447013379e+01
5.152513996919878991e+01
1.065580711741495179e+01
2.263103519218202564e+01
1.891925189251196571e+01
-5.335930895496858284e+00
8.438317932682912215e+01
1.778806847267696867e+01
4.523226791571141803e+01
3.349940402394349803e+01
2.372103994648568914e+01
-8.577387881163303973e+00
3.186596446899784496e+00
4.374382190486721811e+01
-2.742954545552129275e+01
1.165229941218422027e+01
2.842590953777471441e+01
-2.047770776136894710e+01
6.134872930406709202e+01
3.102374689682619646e+00
1.329447097868978744e+00
4.340163902403583052e+01
3.504273330846262979e+01
-2.448652161936479388e+01
3.472420265508844750e+00
4.620834781381199718e+01
2.129556805887114024e+01
7.102282575310891843e+01
2.398393690024749958e+01
-7.749796422922372585e+00
5.668884603113838239e+00
5.158461897470260737e+00
5.383374672281206585e+00
4.115443998463888420e+00
1.684820445959849167e+01
-5.345588529864471639e+00
1.849522642650117632e+01
3.326892354496521875e+00
7.999681217566831037e+00
-2.783331849729802343e+01
1.745937245604727650e+01
1.482165394096955424e+01
5.534372099048050586e+01
1.091813726865439094e+01
1.156838563573182910e+01
5.292912125835573534e+01
7.039058449160074815e+01
7.251453836047949153e+01
8.792068786060553975e-01
-3.308353618745604763e+01
-2.666151093875669176e+01
2.844988870833549299e+01
2.883162584413366858e+01
1.239568946834333474e+01
8.431876247381296707e+00
1.181376971278587007e+01
1.566710239154781448e+01
-9.442863698892324464e+00
-4.604395379000925459e+01
-2.529692764379433356e+00
2.205125831704572192e+01
4.487001030318788253e+01
4.661837096565432148e+01
-1.882901688631682191e+01
1.936239763947014580e+01
4.715241213469562354e+01
-2.074088715872130706e+01
4.066911204015195835e+01
-1.571144756504509132e+01
-2.934463567816419527e+01
1.091532528450989048e+01
1.607585128662321949e+01
5.297987517710134853e+01
4.120014621001610067e+01
2.424817389238160104e+01
2.247014820088588749e+01
1.376337052807139116e+01
-1.545032406467362307e+01
-1.143952660654758802e+01
-1.480382408962395857e+01
-3.280771238660236122e+00
1.109898753440938890e+01
6.638269164322991855e-01
5.535664986262418097e+01
6.000503871842010994e+01
-8.593429777694836957e+00
5.736992406632998609e+01
1.570158280537725659e+00
2.103902861699316418e+01
-2.278027513382403413e+01
3.359671163383245585e+01
-5.968532073920869152e+01
3.600621367128769634e+01
1.107428707452345407e+01
-2.849776371549523901e-01
5.185025634737030487e+01
1.113951329836345394e+01
2.109269067601308052e+02
7.648253318935894640e+01
7.814085321380844107e+00
4.902234842476900667e+00
6.643288221985130804e+01
2.211536363052800880e+01
3.649367716308188392e+01
1.959448539856748539e+01
5.437483993926434778e+00
6.330051400676165940e+01
-2.020015665370010538e+01
3.998931324750083149e+01
5.914985955318479682e+01
4.634543340318123228e+01
2.055931868500556448e+01
4.103968633656768361e+01
6.297206018080032663e+00
2.038472937281767372e+01
4.316658991656368016e+01
3.025220787484067841e+01
4.071400583126523998e+01
2.234951042182001402e+01
4.480568993671840872e+01
6.922244389352999860e+01
3.238765422984943143e+01
4.530476247505430365e+01
-3.502344789954804583e+00
3.415144746724399738e+01
5.636113322491655708e+01
4.616169706526852679e+01
3.551112737111179740e+01
5.203008599863096606e+00
8.552880647082929499e+00
3.150936637534323381e+01
-6.299242184828472091e+00
-1.392192878347123042e+01
2.929547472413105424e+01
2.557010334218284697e+01
7.722823831823916407e+00
5.151947052249306580e+01
-2.271616742168771452e+01
6.321071547625979292e+01
1.305863911590859061e+01
5.750611111049875035e+01
4.759308547176988213e+01
3.777152460335491924e+01
-6.062994126968987985e+00
1.683018521264602896e+01
3.054575251014830428e+01
2.211153344206104521e+01
-1.889753957057109801e+00
4.621992617986325058e+01
2.896283052596118068e+01
3.984220047972485190e+00
1.183638758716188022e+01
1.346793530916693271e+01
1.340501057581059285e+01
3.142179088792909170e+01
5.684700911664549494e+01
2.883032914624345722e+01
7.541229481932532508e+00
1.343969690441372222e+01
-6.785776794695266290e+00
3.974207946446767892e+01
-5.788607314643741120e-01
4.865996980808995431e+01
1.258322225994197652e+01
6.820132808818016201e+00
2.387711242356454022e+01
4.108308784037581063e+01
1.126752193599895691e+01
3.800437956479800050e+01
8.498464228386001196e+01
7.402618941356195137e+00
5.182836711277923314e+01
1.922946436661368352e+01
2.140006870452270960e+01
3.172658361275898642e+01
-1.228883826584933558e+01
2.177255312367924489e+01
2.238427544869773556e+01
2.425790003667862038e+01
2.330319861981479335e+01
1.334779268486090587e+01
1.396130034609814174e+01
6.437847448345200974e+01
1.357376747739544953e+01
2.236612082879582886e+01
5.417654218687312095e+01
7.135982844607860898e+01
-2.075814020112738945e+01
3.517587481479131384e+01
7.252452240387356142e+00
3.297496567206326290e+01
3.582985000619009952e+01
5.625660265732585685e+01
2.328803786623393535e+01
-3.548662113521277206e+01
-2.408333709562066360e+01
-4.643730331954429857e-01
2.489577551448746817e+01
-7.785820199489535298e+00
5.512784188927980722e+01
2.793997186189153581e+01
1.924664453589502955e+01
5.255131126932246843e+01
7.782230103890469763e+00
1.911460075946524739e+01
-5.062945650533947628e+00
1.970066374592715874e+01
5.526928902011786704e+01
6.907204840670601698e+00
4.846382971991261002e+00
1.502765492043545237e+01
2.507408938545268029e+01
3.171340316837813589e+01
6.327830310377612477e+01
-1.383923001207949710e+01
6.394805852734862128e+00
7.614854787694639526e+00
2.639821761302300729e+01
-1.080016319343121722e+01
4.968924415635046898e+01
3.111594701580543187e+01
1.662432555922350730e+01
2.099841425521663041e+01
-3.551265100252931006e+01
-2.051669799388037063e+01
1.216548002322451794e+01
-4.140524324685611646e+01
-2.498268888935490395e+01
8.355516963001718977e+00
1.556716605277324561e+01
3.618598130161626614e+01
2.855892771270373487e+01
-2.648751321168674622e+00
1.701651409690020955e+01
2.354797432084887987e+01
2.549993307138356613e+01
4.233432812380851828e+01
-3.855295442022907082e+00
1.810065476363524795e+01
2.557379430099899764e+01
-1.777768177775942604e+01
-3.998537720202875789e+00
2.978373662192825577e+01
2.518987203300639521e+01
2.132295469663222320e+01
7.471775201582204318e+00
7.560413244711526204e+00
8.593267865739107947e+01
3.188961865023884457e+00
4.763559486958911293e+01
3.404344993376798811e+01
2.578443617701486801e+01
1.617195443175296532e+01
4.246212589666902204e+01
-1.300416111369486316e+01
5.529300670576049015e+00
-1.286894848246811307e+01
1.095950869860462262e+01
-1.966715304170793388e+01
4.877719263459221111e+01
1.122532746575234341e+01
-3.325603820965989144e+01
4.399662201644605375e+01
1.854025779220683035e+01
8.557823608753096778e+00
-2.663902087360474980e+01
2.903775972683797590e+02
1.836791507310044835e+01
1.969127268051670399e+01
2.240801516023930162e+01
2.422393189874492236e+01
1.128587601718754740e+01
4.226521999961551046e+01
2.511385149117631954e+01
3.946664766117464751e-01
2.178020391449535964e+01
-1.087343877007515403e+01
5.689581082419317681e+01
1.581873848632567388e+02
-4.982304887897043955e+00
4.174288209381847992e+01
1.417055189719030750e+01
2.919708816541606211e+01
-3.092626614191613044e+01
3.664658445431996370e+01
1.127841094864561455e+01
2.576598862174796523e+01
1.086301595965778688e+00
2.474244704367811210e+01
3.135870965762296692e+01
1.207170200304972241e+01
-1.646691221095898072e+01
3.121066435926695704e+01
1.965477879391983151e+00
1.785152192236637347e+01
4.470387058919368428e+01
-1.048465968258824432e+00
7.370841976091105607e+01
3.244680163055818412e+01
1.370559745079299319e+01
3.716982758634549100e+01
6.113580432921298780e+01
4.442483779872418381e+01
6.742424497526008054e+01
5.105699032954726135e+01
7.184194344812567579e+00
2.189115620434677112e+01
3.120704793664845056e+01
1.817672300970298238e+01
-2.415751128677584347e+01
-1.667888816305276123e+01
-1.175168706698968890e+01
3.200499834755464690e+01
3.105471851852053078e+01
5.319675635975363548e+01
1.609338906042830786e+01
-1.413933441581320949e-01
5.342391698686697055e-01
2.192165061710693408e+01
2.725264015778520843e+00
5.648962694452347932e+01
-2.325199608489492675e+01
9.321125730162748368e+00
2.331006288979551755e+00
2.898792439106182428e+01
8.234499130176118342e+00
1.665865983733965550e+00
2.521531803194375243e+01
1.828319240346900187e+00
2.685544443866092479e+00
2.207892782577619073e+01
2.122066575444841874e+01
6.114879598034167429e+01
3.206442150914881495e+01
9.289704915507172700e+00
3.497475825410947436e+01
6.026856052169023314e+00
3.089783966479444643e+00
-2.825341668926193961e+01
1.988198376157015446e+01
2.161573321406467585e+01
4.501244759038672782e+01
1.470541252080511185e+01
5.874370947878924198e+01
7.163040644444117788e+01
1.633469144930131733e+00
-6.671188513246306684e-01
1.576333746325326501e+01
3.445406593709049048e+01
7.375609458649705630e+00
5.509759549018781399e+01
-2.049533241434983211e+01
2.587653395986490068e+01
4.902081648026432958e+01
3.311165967748456751e+01
4.132151272903502104e+01
5.199896959522448014e+01
4.349075154135425691e+01
3.464958555715566035e+01
5.065237128603985184e+01
2.261733345873653889e+01
-2.068521982065794873e+01
1.536675789035871276e+01
-1.465289366890283418e+01
3.747950274779941537e+01
3.132713854392932262e+01
2.600273093612486264e+01
-6.608602401065581944e-01
4.858237751828346518e+01
2.546862610965035856e+00
4.256795866306129028e+01
1.439365854605057393e+01
3.361172171864745906e+01
3.805976458774603088e+01
3.378718982082864386e+01
6.945249274971502018e+01
-7.185446791227150243e+00
4.211736466475122143e+01
2.777542559168068692e+00
2.224296739288547542e+01
3.820136536607606104e+00
4.734469527849796577e+01
4.174306842923760996e+01
4.733996815954014892e+00
7.243116142154758563e+01
8.093839048593508778e+00
1.119385664438595995e+01
-3.075840930972117349e+01
5.738427444881745032e+01
2.563790521402188460e+01
2.457016360427951440e+01
1.116762602981543751e+01
1.943740710421479889e+01
5.200186016689985991e+01
6.911105319868511287e+00
3.032602803046029294e+01
7.928419258569192607e+00
4.985138359799748287e+01
2.223942444289423293e+01
4.228971301990532083e+01
1.631636258311482379e+01
-1.405847874679238885e+01
3.839722055122547317e+01
4.031905912083675503e+01
2.488134675362744019e+01
-2.507264246451086365e+00
1.937045575114098028e+01
5.903649346390011488e+00
4.268046985353794298e+01
1.533112536351109156e+01
3.444616137716002413e+01
3.274342234098367044e+01
5.412730197011478595e+01
-2.170175365215982310e+00
3.255040243177427328e+01
-4.136408667590512778e+01
3.784696183505366207e+01
4.406615241570034414e+01
-1.236049181175985723e+01
3.644268430553711369e+01
-3.415830587771779392e+00
3.613278849884954980e+01
2.764364033954916522e+01
-4.982461718113336246e+01
1.244045709304191405e+01
1.701496643962309463e+01
-2.701157012998010032e-01
3.312762906667194329e+01
-1.531436651078911382e+01
1.457611840360186761e+00
2.939197927501300001e+01
5.696077525219152449e+00
3.169628101302441792e+01
1.335885026079631643e+01
1.704191644428647123e+00
2.155311803820950445e+00
9.620289656126260525e+00
2.104829569954745239e+00
3.421465946828902815e+01
2.825052727703587152e+01
1.765725915964139858e+01
-2.574015932673137286e+01
2.300508452669237158e+01
9.985938314141094452e+00
3.579337240729364567e+01
4.360283316417917376e+01
3.033680726735110511e+01
-8.698823692673613550e+00
5.465746075565402862e+01
2.162966628892536392e+01
1.580271333147538826e+01
2.183072858835657826e+01
-9.533368169672030490e+00
1.340498654510156484e+01
4.253207969297363888e+00
1.983691866766093881e+01
-4.643661362125567393e+01
-2.305676128438790329e+00
3.032437113758714986e+01
1.192334509692227584e+01
7.881444444475710043e+01
-2.467254651227267459e+01
1.086020299060328398e+01
-5.462687975395965623e+00
-2.125016491168571520e+01
-1.194915626744113979e+01
2.553661638228368247e+01
1.012014695497782668e+00
6.244534796561492840e+01
-5.038227250643103616e+00
3.998369703294520150e+01
4.899759256997640477e+00
8.981897409258453990e+01
2.024585456768909353e+01
6.272760946101334412e+01
3.363217362843352021e+01
2.008652094604258309e+01
5.192795269152702531e+01
2.108200033010143670e+01
1.423612817897810601e+01
7.422470280749621452e+01
6.130849878489243565e+00
-3.436540665952634299e+00
-1.587665780195311527e+01
7.585963320594601100e+00
6.730852314276125981e+01
6.889752228991710581e+00
1.634480559722578619e+01
-2.299687568630179157e+01
-3.680573548858228605e+01
1.446973146710661240e+01
8.973279842830379494e-01
1.213028370573374559e+01
-2.679408545811747899e+01
4.002045098327289452e+01
1.366458946943021147e+01
9.408696334703563480e+00
2.135748832791068708e+01
3.573153410065060598e+01
5.111578230730810901e+01
-1.393710626885876991e+01
3.134523141488898546e+00
2.682228966553157079e+01
3.710835915573625243e+01
-1.502195189781923546e+01
5.763062155945226550e+01
5.244245050524477847e+01
3.451304302967400872e+01
6.605781968082737876e+00
3.768215845606755465e+01
2.697865892949994304e+01
5.941521041018859250e+01
2.453458861145554692e+01
-1.009137729223948554e+01
1.177967858048214111e+01
2.199729669873340754e+01
3.955078512852196582e+00
2.938038402430902352e+01
-1.717612752467175596e+01
2.007203740501427092e+01
3.828150158233620459e+01
-2.460844958462985232e+00
5.797242584376363084e+00
3.366182612298871391e-01
5.947172710930317407e+01
1.941678935008894769e+01
2.952646999099670211e+01
3.343885824849348865e+01
2.376915208362333942e+00
3.666190279869624646e+00
1.000130402611466707e+01
1.635495128182810731e+01
-1.406635602496317006e+01
1.717290769434475806e+01
1.170681317441631109e+01
-6.238929655698666465e+01
1.063594927384110633e+01
-6.870373748424754012e-01
2.111919835345543106e+01
2.013719950897939270e+01
4.127487392340117367e+01
1.030686837291796110e+01
5.001088739150873153e+01
5.085785988635689137e+01
1.957552830898202956e+01
4.404994873148098122e-01
1.249992094955450739e+01
4.309165642033985932e+01
3.487753771813004278e+01
6.405871707294863882e+00
3.069028895471637952e+01
3.352259666407917393e+00
2.467285245249513537e+01
-8.199885925940179732e+00
2.985404206464590970e+01
-1.359687220530395280e+01
-2.087234668515156955e+01
3.741029818008610164e+01
-2.350138221630550106e+01
2.230060335774760460e+01
6.871000188613106729e+01
4.036552808018313954e+00
2.411742912820045603e+00
8.091859537130949320e+01
4.601044373524564435e+01
-7.504080887738382444e+00
-2.428117660949283163e+01
-2.270895057032612385e+01
2.389471198098908644e+01
2.681330104782318813e+01
3.831122513130321749e+01
1.513592053058891906e+01
-3.843350095121422783e-01
3.698538178467060789e+01
-5.512898723567559500e+01
1.230936566407763166e+00
1.398025552578474162e+00
3.334163271777651971e+01
4.245370933437516214e+01
3.218808242032537237e+01
1.945519771678300458e+01
4.668735697924785200e+01
3.333347911107557593e+01
1.837049618910532445e+01
5.199968441009332309e+01
1.377082003631585394e+01
7.748784371865258436e+01
3.817186865137773566e+01
3.925286445221718168e+01
-1.202283329330748529e+01
2.976862188895756844e+01
2.412579055893002078e+01
4.732578269004443428e+01
4.181769564005298889e+01
2.553579895746224793e+01
3.336619028061977588e+01
1.820818475611304166e+00
4.614272128795346362e+01
6.796392683099838905e+00
1.039153020306548569e+01
-2.044938263855874538e+01
2.986659947800580994e+01
-1.382829173693244229e+01
2.060906763147431775e+01
1.041379140605931752e+01
-8.320267960338242119e+00
2.099513033274342888e+01
2.812970351317198947e+01
6.602287295831047231e+00
2.132938789468607865e+01
4.315554572878318140e+01
1.623671366137932637e+01
9.963464402542740572e+01
4.132585137364367256e+01
-1.436493564142074320e+01
2.273614288655153359e+01
2.594200516226192121e+01
2.709124331018028897e+01
4.836032132800755790e+01
3.079742490893113427e+01
-3.846597595695493510e+01
-4.999848565654247068e+00
1.582700331258092774e+01
2.946140240300155710e+01
5.066027772671804996e+01
-2.483648128213098971e+01
9.801596345107100205e+00
1.956730951491408632e+01
1.868881909078481840e+00
6.131167325156275183e+01
1.683005811541443109e+01
3.315314382036740426e+01
5.669372098480380373e+01
2.763882186457703938e+01
-3.872713607990590390e+00
3.028339367932858295e+01
2.392474873203900643e+01
8.359344512449752074e+00
4.633329616463743150e+01
9.043731069021305302e+00
5.089304248257394647e+01
4.845573110742407152e+00
5.346024392796243774e+01
-1.889406424768822035e+00
5.120213883614633232e+01
-1.483554486878347234e+01
2.923367430906000664e+01
4.556396055205550510e+01
-2.729138967966719065e+00
2.083425649479249842e+01
5.200265757438319270e+01
-1.676660520260338672e+01
5.905644886166555807e+00
7.621964643586397870e+01
-3.521746328064182308e+00
4.077001733601355227e+01
1.812075765522240545e+01
1.967348753505939385e+01
2.672922389076484251e+01
2.934482072821992915e+01
-1.077061194022098789e+01
6.109271407358392025e+01
2.332164505223045126e+01
3.923454404283620534e+01
2.190841175107561867e+01
4.958265787647178513e+01
7.990710749363643117e+00
-4.675910635042237118e+01
4.183435186929636984e+01
5.620450958966466715e+01
5.067804896675806958e+01
3.192316865390239400e+01
1.325180732304579578e+01
1.557320814153717947e+01
5.006525740801953361e+01
1.630964747891994193e+01
1.227888331404392375e+01
5.109812512727876310e+01
-4.576705014995241072e+00
3.252041321931392304e+01
2.472398683163555688e+01
-1.303546796173759503e+01
3.280654124585998943e+01
2.145199883039822453e+01
2.983862035016863956e+01
-3.014293150055891601e+00
5.204234453382741776e+01
1.928836718176171416e+01
4.183789342110685539e+01
2.997771207252299064e+01
3.884581023437567637e+01
8.161486844045430189e+01
3.526721594761329470e+01
4.525433452210563701e+01
-1.793209797637246083e+01
4.738305625943394261e+01
4.880927485549909761e+01
3.866715554177062586e+00
4.719545022406600765e+01
3.229199517060260405e+01
-7.055186012858030153e+00
5.395445955456307274e+01
-3.010039417815278284e+00
3.643225734922816628e+01
5.047693807708856184e+01
-1.229130165974493138e+01
3.626251529444562038e+01
6.185658986846829066e+01
1.090331665932899341e+01
1.388699470490610111e+01
-2.409748763525203685e+01
2.057617851991744828e+01
2.314764238053612644e+00
7.829541977246117312e+01
2.080717724529677071e+00
4.819004156470691669e+01
2.228409998140341486e+01
-1.871230080996610923e+01
9.068133998258417705e+00
4.958579847972941934e+01
2.513158532616216689e+01
5.267128126848547254e+00
6.461856805283605354e+01
2.671120292960040388e+01
-1.071652590176745434e+01
2.526921478062649840e+01
1.877318690851097926e+01
2.850225781489280052e+01
4.037866973317068187e+01
4.658480143721317290e+01
4.549788478071059217e+01
4.090390549306903267e+01
-1.723059983723942423e+00
7.604690938100247877e+01
-5.035579099589085672e+00
9.246204712362668943e+00
1.625964803536407999e+01
2.131898388609624817e+01
-1.721203913187127910e+01
3.251758734288523556e+01
-1.776162866142112762e+01
4.859075978664986906e+01
3.030936467705032555e+00
2.495747276174370199e+00
2.607784758806155878e+01
5.509903961652162252e+01
1.363934736006922321e+01
1.491579581697078538e+01
3.006196746378554963e+01
3.568426593413823866e+01
2.242077771424737875e+01
1.166099887426025816e+01
3.380698589942767285e+01
8.095693791783560300e+00
9.009788865409063874e+00
2.042582190762550454e+01
-1.604918468430696521e+00
5.638197196098190034e+00
-1.410454212073818780e+01
3.805717564176302403e+01
1.872727051874608151e+01
3.552443408666658797e+01
7.057497630908255815e+01
5.412578745552309556e+00
5.626522635224682745e+01
3.430166309387641377e+01
1.577108084053907078e+01
2.143879115557865589e+01
2.010832887980359374e+01
2.001476433430070756e+00
5.677677075679821428e+01
1.003428289241855964e+01
2.655926253831785289e+01
2.602413019439336495e+01
4.454431669419500395e+01
5.598253536335687386e+01
5.276965849073894788e+01
4.581191413718988770e+01
7.634670784758782247e+00
1.828982317333429819e+01
2.994606685153848957e+01
2.489345113136369037e+01
-1.942781312420265749e+00
3.651492666636113427e+01
3.338947476123939850e+01
-2.223889710703224409e+01
2.711023633547301870e+01
2.461732766601926414e+01
4.595204806948459009e+00
-2.524743777626281371e+01
3.513934084774518851e+00
3.627983580822547083e+01
1.366365159894485259e+00
8.587310468737996416e+00
2.319624129473959329e+01
9.809630155901686521e+00
3.981955815082983463e+01
9.317207586314179935e+01
-1.866627734452777077e-01
4.715726894820909365e+01
3.364412496182194445e+01
2.167973648368933937e+01
3.897759155694075162e+00
3.258578899383064709e+01
-5.601146340632112697e-01
4.578004319190949900e+01
6.875698115307750413e+01
3.078228837851565913e+01
5.371880840899393661e+00
4.557095285472678370e+01
1.783699075721233385e+01
3.960966261436988134e+01
2.349776840106278541e+01
5.883100696999827051e+01
-3.487485828865465010e+01
5.030209637282678159e+01
7.549568392860237509e+00
4.345518026279023616e+00
3.391268342117109569e+01
-3.956222856076783501e+01
1.743910568374849390e+01
4.847169368344111717e+01
4.128158356899439241e+01
4.818571992844590568e+01
5.275516925772535615e+01
1.880424460541689768e+00
4.185574800532776862e+00
4.247919999632358667e+01
-1.041897696015803376e+01
4.211847296281484887e+01
3.380076425118386396e+01
-3.864562746018782491e+01
-2.660785369724908378e+01
-4.321165241469498142e+01
-3.414415340204504901e+01
5.096169836604531156e+00
3.895112749387772055e+01
-3.775536460063449340e+01
2.161692531588050770e+01
7.205227429260776262e+01
-1.099079132317638141e+01
-2.653865837899502367e+00
-7.323948010416643228e-01
-6.841794716401636833e+00
9.555225286640052218e+00
6.273666429538207012e+01
-1.715796773209876847e+01
4.107991488130573998e+01
1.804795664150151424e+01
7.226100015013798838e+00
-2.068493573921296047e+01
1.512760985251225065e+01
-5.377129211232386297e+00
-1.727603473037743242e+01
2.907514542047283612e+01
3.785782810188902658e+01
-1.976516813292619190e+01
5.403845960101534729e+01
3.782777777626324678e+01
-4.773874964128481224e+00
1.818497530023887521e+01
1.065306184424480307e+01
1.649943982805416454e+01
-3.176528747364864103e+01
4.996334957345607108e+01
5.840679926650045672e+01
2.842771136521696462e+01
4.416529229883599328e+01
-3.144852164686744800e+01
-2.159541441691544605e+01
3.064779617649401189e+01
4.860043646201665979e+01
3.731068661080644233e+01
-4.130163541558431461e-01
3.575826348820919520e+01
-2.091531247318198439e+01
-1.592289347687983536e+01
6.923097508467253647e+01
3.131657688857740141e+01
2.448602940476121148e+00
2.300624954425438773e+01
6.345727805583010195e+00
-1.089900520209994284e+01
3.609403709378966596e-01
-3.768959548546263250e+00
-4.662934628941002302e+00
7.977836190249945503e+00
2.704412073332059663e+01
4.436026124708951102e+01
2.375292246546086972e+01
1.238660839810836478e+01
-1.496523301665365580e+01
1.185310777996710385e+01
2.082803356867952971e+01
3.722017658225013292e+01
-6.414162468136055395e-01
2.790432925131608499e+01
1.976252289122930961e+01
3.754418420806541690e+01
2.944270190856332192e+01
2.329897746076312615e+01
-1.629573249382883660e+01
1.226252275803926750e+01
-1.465123829130607191e+01
-7.777355616948625538e+00
1.708176431555330055e+00
7.226549116966998554e+01
2.497259543965992634e+01
1.393479778918117518e+01
-2.773122803600563202e+01
2.035507575306837680e+00
6.883342949276629952e+01
4.516780877158453222e+00
1.659563445691674133e+01
-7.743572079598379787e+00
1.790665043884655461e+01
4.559220275415282231e+01
3.548017942640217370e+01
2.166056748104892904e+01
2.159065921066940064e+01
2.475716325592293288e+01
-3.515867423762392718e+01
7.807803396477538627e+00
3.892287710990785854e+01
1.590786192289306200e+01
3.263166827904206002e+01
2.578204719882705831e+01
1.069086500505000004e+01
7.459820267023678753e+01
-9.804747993093769765e+00
1.130671158416953404e+01
1.667896709506021580e+01
-1.689029117258178303e+01
1.119109045016011805e+01
-1.190010851523402380e+01
3.266248618118697777e+01
5.209138842899483279e+01
5.440847716870121076e+01
1.789498955984527129e+01
4.758883362898268388e+01
9.707652892117039301e+00
2.726155470118101221e-01
6.135025110512287938e+01
8.150395723438123241e+00
2.991211277768161381e+01
-1.462849525261844974e+01
2.997051837252729456e+01
2.462208527635812061e+01
5.576321277538227150e+01
4.950786537028398016e+01
4.967197500057591242e+01
2.814948605297831818e+01
3.095588552773551783e+01
3.668310477242994239e+01
-1.583931961627604323e+01
-2.112942448165995302e+00
-1.672660118454587064e+01
1.365633849747973727e+01
2.850191941420052899e+01
6.278006367596390191e+01
-2.553987300065637100e+01
1.827177590059727663e+01
4.033821048073878046e+01
2.231781464269442949e+01
6.429303314559001592e+01
8.776843607415503357e+01
2.905266735396071454e+01
1.790124479259975487e+01
3.707063180851037032e+01
1.126316864344698843e+01
-1.117464147145074094e+01
1.890823171591910068e+01
2.088382619502226589e+01
7.879216564278976875e+01
2.898223073245026171e+01
-3.331359872568282299e+01
3.394444778902106918e+01
1.015438027867276105e+01
7.869928453805914614e+01
-2.603287905843171757e+01
6.027547692724692752e+01
5.832084381396634853e+01
5.703346149638673523e+01
-8.623609153855795739e+00
3.516695856389560504e+01
6.253201850359619129e+01
6.168621458955749404e+01
2.083968496897796285e+01
4.449832193162001204e+01
1.980116597095184261e+01
1.514507790588322678e+01
3.265166982412119978e+01
5.758147560837096535e+01
4.676818943401303841e+01
2.948613733475212939e+01
3.559109808106222772e+01
3.779562014348630328e+01
-3.815549013902273146e+01
-6.232295182056986960e+00
5.573109894060689840e+01
4.148376497144636232e+01
1.482687148601326044e+01
5.763967327410864527e+01
8.662561925924819661e+00
3.362998328441972262e+01
3.976080687364083133e+01
-8.782656911293452140e+01
2.879623859583807644e+01
1.069704853346775053e+01
5.665104701865129755e+01
-2.475353642861591652e+00
1.747521254232924548e+01
-2.381351771309709875e+00
3.933279563404357759e+01
-9.039986519619560568e+00
1.343359677018088405e+01
6.245204367711266968e+01
1.023573990516524645e+01
4.471367965988247306e+01
6.362679428374030977e+01
2.917833987433914444e+01
3.173471134370265645e+01
2.576257649350009160e+01
1.882496330705907894e+01
2.522469039631323540e+01
3.363146818884342792e+01
-3.898747866442136001e-01
9.083905933406640543e+00
2.044903560196689796e+01
4.979667363567568827e+01
3.370696880066680023e+01
3.364416597849412938e+01
-2.051217980188084766e-01
-1.308016548685554881e+01
1.932898483019380365e+01
3.932165602394525195e+01
9.685860909685652587e+01
5.440610594887402840e+00
1.417090594135152060e+01
3.096442769870191114e+01
3.224687225633897469e+01
-7.736304581383592449e+00
2.218948085814554361e+01
5.069662170217634412e+01
-1.088703508769322070e+01
1.143739937352802372e+01
3.797592151807839400e+01
8.516134112185682170e+00
4.961663220709306188e+01
4.913242553807504009e+01
2.509938661427077022e+01
9.996156843642165768e+02
-2.002465926859804313e+01
1.809324176921654725e+01
7.490967022408949560e+01
5.131386900698271347e+01
1.529957931343233213e-01
4.131111066512312391e+01
3.795552577801572625e+00
3.199123933707596734e+00
2.651117827478083200e+01
-1.966404354107726249e+01
1.616865452821002691e+01
3.262467258670949377e+01
5.693676528764990508e+01
-2.343735798333364073e+01
7.091285665754912770e+01
1.330612189158273395e+01
1.508359372257473296e+01
3.610695087887870613e+01
5.734335543458655593e+01
1.936678618192672729e+01
3.434555534844912472e+01
2.682159000827596174e+01
3.839234398707048967e+00
1.471634836756857112e+01
2.306223976345791016e+00
5.547236035990863456e+01
1.629261135457272758e+01
5.158219827012726455e+01
4.566837527394818608e+01
4.366334318891676958e+01
-4.961904187111940701e+00
7.324839662520389538e+00
3.071347362315282226e+01
4.077389267695616581e+01
1.818634554059826769e+00
5.213655509229647578e+01
3.950549079321353929e+01
4.170043196869664825e+01
1.773688247363315895e+01
6.345981722880242160e+01
5.229362285426759627e+00
6.291573957671789685e+01
-1.406089614135271404e+01
3.727251254626025911e+01
3.988585793131278479e+01
6.675607362099981401e+01
4.851048350768905948e+01
1.225792934422861435e+01
2.683924349378867191e+01
4.417783096918356023e+01
2.234139778745520744e+01
5.202394808119424852e+01
4.389774280092751724e+01
8.621634298171557020e+00
1.963378871775057632e+01
4.519396025543392170e+01
-3.509341691376903327e+00
-3.387484332383610308e+01
1.267780159871472279e+01
1.320862164981735987e+01
3.964011874786228873e+01
3.701977487111435039e+01
1.866387718081386993e+01
2.596574938701087376e+01
4.990252544591567130e+01
3.215680732429245836e+01
3.512190258250120678e+01
4.281961053524719318e+01
3.730192932578938780e+01
7.027518301011150470e+01
-3.313332499015814392e+00
3.177537457266953425e+01
-2.158638608720502816e+01
1.116989461473349365e+01
5.410700684957555495e+01
6.730818281607935205e+01
1.648140504373077420e+01
5.170562783785862848e+01
3.757823820172779961e+01
3.831495850634019007e+01
-1.174405561827006750e+01
2.997053184148171567e+01
3.610816373064881191e+01
1.111301128690683981e+00
7.862462421715463279e+00
2.491761054351445637e+01
3.630462805355637101e+01
4.987395706539973617e+01
1.572831722687988076e+01
2.617884877455071546e+01
1.632459115964593366e+00
-5.359912237341632135e+00
2.790289526376000140e+00
5.661056199489394203e+01
3.240846488792158198e+01
4.049726563711374183e+01
5.451088229452579981e+00
2.995117695583758177e+01
6.870656190425506793e+00
1.657462737968307920e+01
-2.362188958320621168e+01
3.419965715270518558e+01
4.573342094848703709e+01
6.680922850158458459e+01
-1.522607572162087308e+01
7.534773355117067695e+00
3.463356730909799808e+01
2.903453222282041679e+01
3.948155075204340392e+01
-3.725392623418883886e-01
-3.614675782857375452e+01
2.503819383394875331e+01
4.021763373071007663e+01
5.448645085702446522e+01
4.104858601187152090e+01
2.982719982305934536e+01
2.462233862529319595e+01
6.332819369855860714e+01
-7.185656204346742015e-01
1.606915861488960218e+01
-2.988805077008146327e+01
-3.443423791562963743e+00
7.836332459329787525e+01
2.157321594870882109e+01
-1.778017489768899395e+01
4.713610515473192208e+01
4.850791556042531738e+01
3.203376597371607204e+01
6.415805270145938266e+00
1.531781655415761634e+01
1.373789745559042785e+01
2.745449125117738731e+01
-1.091059034388308646e+01
-2.823245136828700197e+01
-1.204585668263462139e+00
4.395299238002553466e+01
7.260527137693497934e+01
3.712740517870770418e+01
3.439860903004591819e+01
-8.053053800198540557e+00
6.832690712984913262e+00
4.510336949267366435e+01
2.386026514443437918e+01
3.431887893352177343e+01
9.399828432466165395e+00
-5.148637966343812877e+00
3.374720613644967671e+01
2.228314632329056622e+01
7.553974830716470024e+00
1.879386768830954679e+01
2.194563211627610144e+01
4.781694140406762017e+01
-5.081624669139273465e+00
-6.437117532833508449e+01
6.300552802379024797e+01
6.221953698776633246e+01
6.653667835408123210e+01
2.337849347078008577e+01
-3.431218664508924121e+01
4.649299804947804660e+01
1.999832432666153181e-01
1.614206166415897314e+01
7.368961065656549181e+01
-5.292794415559910703e+01
-6.009278920749420649e+01
3.756909025611093966e+00
3.967244198745538597e+01
-5.427359332352352794e-01
1.656131765222744434e+01
3.252917718243406853e+01
6.750402446749649243e+01
-3.004080044862348586e+00
1.494933228295849403e+00
6.504836349945617258e+01
2.179799400413321564e+01
-1.211223577116470551e+00
4.244698797314049443e+01
2.346190931074670516e+01
7.739543439249246148e+00
3.729484412171223084e+01
3.141758107448549708e+01
2.944774438223248580e+00
4.218970386764340219e+01
3.648102464745898033e+01
2.839365250654373085e+01
1.530178904229978798e+01
4.485459983403779916e+01
6.644059642036154401e+00
-6.117405119985778583e+01
1.994675070999437594e+01
-2.655139833655266557e+01
2.456954028040490812e+01
2.430200366002827650e+01
2.414959943827125244e+01
4.418132087354388204e+01
-2.739222460812015925e+00
-9.403808600414777175e+00
1.291726729341826285e+01
5.320743615485116607e+01
1.673750441986703663e+01
1.276655560563085601e+01
4.269909258357074577e+00
-1.120653716604283545e+01
-1.462963202807441121e+01
4.033862222391326213e+01
3.031274577703152318e+01
5.417332972489748499e+01
3.076876141827233369e+01
4.099450096371583641e+01
-1.256314397864844068e+01
1.208029609957156936e+01
1.110863818786310731e+01
2.652128383033414138e+00
9.437584238541603554e+00
2.253923893226965447e+01
3.042338036832370562e+01
1.197153222484121216e+01
8.962831790766358608e+00
2.223741036863793852e+01
6.428590953004822950e+01
7.086133151586909662e+01
2.264520853342037299e+01
5.474665456944421749e+01
2.231952505557637778e+01
3.455919041495872079e+01
-9.483203117124503478e-01
1.367903807064431021e+01
-1.497467971970763756e+01
4.968984933989850106e+01
7.082398448477761121e+00
4.769263949580999906e+01
3.054517635316005908e+01
7.070521854151593288e+00
4.647567168618115829e+01
8.941944330799742602e+00
1.914253454664867604e+01
6.488843916984478710e+01
1.577716121676348848e+01
-1.684302095085149631e+01
1.794723335108210449e+01
-9.228324493364198133e+00
1.794199432696404983e+01
2.283874436209589476e+01
2.773394646640736028e+01
-1.371090468639522442e+01
3.802353470075104269e+01
1.299361631616193336e+01
7.321043698160792701e+00
-6.001117135474487441e+00
2.442870965590918786e+01
1.221270635371547542e+01
4.947104951246728888e+01
2.662405022597522475e+01
1.623938526702841045e+01
1.944787806417298270e+01
2.022186423710445524e+01
2.509521291247438057e+01
2.433685874571528984e+01
6.945783904826021171e+01
1.872241669288268895e+01
1.327214749350605416e+01
-1.972617278575125965e+01
3.246347580684596323e+01
5.471706113690015627e+01
4.039231615424432675e+01
-7.126329395068751182e-01
-2.371395669654521043e+01
-2.621197128995845560e+00
8.704271819396672072e+01
7.585803483877680264e+01
4.746201234449108597e+01
5.029821819309290731e+00
5.250835193044986227e+01
-3.033640411322267028e+00
1.149487388744819327e+01
6.231404048794502160e+00
5.056730309203339857e+01
-1.914381132082780823e+00
6.638560987888195086e+01
-2.002440446497712401e+01
3.918793570236812229e+01
4.980433631001506001e+01
-4.790354611290240427e+00
5.823675366242969176e+01
7.328329071351618040e-01
1.513924081296136137e+01
1.076526035547431093e+00
5.669697251468096511e+01
-7.113402354978461517e+00
4.028124940229827189e+01
2.140093808799792896e+01
2.428712796749096015e+01
1.012018388234355371e+01
5.068086574670451228e+01
3.299703474218040355e+01
1.631594417754968163e+01
2.441372065695395577e+01
2.654456061044038506e+01
6.585873336574877612e+00
-1.290658707645343384e+01
4.251173388077586424e+01
2.426638742880459176e+01
3.080711433718533954e+00
-3.053401749395925435e+01
2.826260196401563007e+01
6.311470760172596783e+01
3.779781909242592519e+01
-2.401512334622020717e+01
1.615803751066778204e+01
1.580295269625275978e+01
3.901258688597226865e+01
3.508785750413881033e+01
-1.331386394602304790e+00
4.457946652854298009e+01
-3.281510387190792244e+00
3.619379700721765403e-01
5.859434499797134777e+01
5.826790986648120452e+00
4.174341304349945858e+01
5.085080431423921254e+01
-8.544220057847269345e-01
5.547453008722368395e+01
-1.741305909495713422e+01
3.969453490218802472e+01
3.326638927408930613e+01
7.492896753002787591e+01
-3.690049675492628012e+01
3.370835393691959325e+01
3.401354445035758545e+01
6.440887518090676167e+01
-4.693127020422980422e+01
5.304399080889197649e+01
3.098579340581636643e+00
-2.211728160116399522e+01
2.567529644838214153e+01
6.678082462856400525e+01
-1.130255289820343023e+01
1.195187427800556179e+01
4.499095983097504359e+01
1.529536041989922523e+01
1.856029269455029862e+01
4.609816087131912354e+01
2.713153127365148976e+01
1.586205724089813884e+01
3.551645719330917927e+01
1.850817336860563955e+01
-1.671565782788093202e+00
9.689844700962567003e+00
9.176371389985433780e-01
3.065281470234913286e+01
2.901191038401157130e+01
-3.896384355335976579e+01
2.650874714800011134e+00
-6.616955058863823069e+00
1.434289006091421470e+01
2.789942690672614845e+01
6.059955639351755963e+01
6.855795595954259625e+01
1.047717213092255406e+01
-2.272253469988572760e+01
3.533027983645297354e+01
-1.653532775244821096e+01
6.954854181793416501e+01
-2.463232354763749754e+01
-8.658830365573521703e+00
3.487925298073241720e+01
4.286230352160055190e+01
2.487008095930650597e+01
9.943537715607817518e+00
7.185756580435918295e+01
3.984844850422450691e+01
1.949586242964142002e+01
2.571476380324384081e+01
9.837349892204656499e+00
2.189226282080926467e+01
7.301813571881575626e+01
2.602754656008619349e+01
3.444467422803427326e+00
-3.013190348843636457e+01
3.112081710156053305e+01
5.990178973792353645e+01
1.090168252177318209e+01
5.781805921779596247e+01
7.416477345737803262e+01
1.049325070125632919e+00
1.869227672958368203e+01
3.406240117787820054e+01
-2.653526492875244003e+00
7.036628669733909192e+01
1.680601872597981128e+01
1.797383174120841431e+01
3.950532338690027245e+01
4.645318441962444922e+00
4.761215766061286558e+01
3.415056250093039125e+01
1.466280987630671007e+01
7.696786174772569211e+00
4.459437428607998299e+01
1.211910392007121118e+01
2.089023732888745144e+01
6.966508435965806711e+00
7.240794873422055389e+01
1.948684124807186890e+00
5.171442718160687946e+01
3.010113572585032671e+01
1.742130247169188806e+01
7.489811465158709325e+01
-2.031408976436796365e+01
1.029472200368400081e+01
5.826104066251355107e+01
1.960643379409157205e+01
4.614120466732492787e+01
4.527003689129924169e+01
1.867557300783300889e+01
4.330657122875709319e+01
7.122619783962363726e+01
2.747202988496792386e+01
2.172474316635634750e+01
1.568708625722865690e+01
3.593709098734325380e+01
1.701710206561983796e+00
3.696449612528522266e+01
6.038494468262797454e+00
1.491529304406140000e+01
-1.954281393401470268e+01
-2.422469719468790572e+01
4.609876112048368668e+01
2.478297686797668575e+01
4.840351903235205100e+01
5.469624724061577581e+01
6.844720898325977032e+01
6.411397631983709289e+01
4.526752450589629007e+01
2.412450334349705372e+01
5.434950266156010912e+01
3.352740207831448060e+01
-2.072058843863487709e+01
3.176946886097357492e+01
4.562990901167358970e+01
1.766807759334187722e+01
4.534789270343026146e+01
2.989562783319342998e+01
1.405147139734617667e+01
4.122157292469273671e+01
2.996412886771213380e+01
1.839135430709575303e+01
-5.711325515865610214e+00
4.914900919853243977e+01
3.152977104061210412e+01
-2.218093261930698645e+01
3.382659668447740842e+01
3.815656833598404774e+01
8.518233054932352388e+00
3.685787752596661448e+01
5.357384901637487928e+01
1.172074146524028038e+01
1.060753493596712360e+01
-3.235182974342023954e+00
5.320255720919885789e+01
-1.841586975211248500e+01
2.277752214446081780e+00
-6.255665843746101018e-01
5.032934881958499318e+01
3.525749940583045827e+01
-2.138674237851228099e+01
2.382004082842831849e+01
9.784465533347974997e+01
4.428976566099299816e+01
1.799605742100538919e+01
4.354493254905173671e+01
-1.044948882670360035e+01
5.199227979249189957e+01
-1.113046019969624467e+01
3.255863772262455313e+01
2.039224255062435986e+01
3.231402292878556182e+01
5.172409433089342201e+01
5.000188944496403565e+01
2.049838435821220628e+01
1.550252058455953375e+00
1.258100011464193813e+01
-6.081860160018550232e+00
5.549728955134924036e+00
3.176340311405147077e+01
2.655841694344780990e+01
3.722808637357229600e+01
6.403033237355339224e+01
4.851618117411635467e+01
-1.047685104427000624e+01
3.451907599786500214e+01
5.552507637914459337e+01
5.930611454858808429e+01
3.525310750971402740e+01
4.562345762518816628e+00
6.595095273279730463e+01
4.156932400405639783e+01
-1.734406891928665573e+01
6.137035930303318310e+01
-1.305413116697309306e+00
3.743518063667943352e+01
6.187875022561638616e+01
3.854905915712151909e+01
2.125537660207919544e+01
2.417891966878960375e+01
2.312258224581455579e+00
8.033849134786942159e+01
6.545974720947197056e+01
1.362813225842546672e+01
5.881190149069880135e+00
4.885138405037650955e+01
5.997584759438177571e+01
3.525697897436111816e+01
2.603564610766989063e+01
5.046396377947530709e-01
-4.315582475897826953e+00
1.286194003231503302e+01
7.226226832771499176e+01
1.768359435123420553e+01
6.587334661791828694e+00
2.491342010518201278e+01
1.695079455716404482e+01
-4.867760923768582870e+01
7.141396251892001601e+01
4.487402344955626177e+01
1.344095118334007566e+01
2.151198783843210549e+01
6.818664243503008038e+00
4.981412284286852810e+01
-6.147353246546117589e+00
-3.750657734508422436e+00
-2.263263283028572914e+01
6.788120670816351776e+01
2.932767053982388461e+01
5.200187176524195820e-01
7.217496629855304491e+00
7.470526647614678950e+01
1.271698419807216851e+01
2.035747244681624579e+01
1.485495200751392986e+01
5.633757955678447615e+00
3.985115215176483616e+01
2.048493787862389581e+01
-4.370582380613268469e+01
1.097007381679577520e+01
2.174325463099739864e+01
4.487418507842812687e+01
7.964516766402084613e+00
3.152853434067219496e+01
1.807259533087562886e+01
-1.165528562272811541e+00
3.578476914887505700e+01
5.556038433203866589e+01
2.875863946534445859e+01
9.501534437102236552e+00
2.452993658969353419e+01
4.235042201601390843e+01
2.439923326779899071e+01
-3.071246968829655088e+00
1.924758110594120808e+01
3.166322727189253783e+01
4.272314060190547025e+01
2.711399506100860890e+00
-9.304533022812393028e+00
-3.025495414858596632e+00
-3.856833059652490192e+01
4.871475841697974829e+01
2.051990833699528594e+01
4.877305082133534597e+01
2.929285965298186056e+01
6.595477252101045451e+01
5.906453688472538488e+00
1.702224779545213096e+01
-1.896933667938355939e+01
2.183393247030107887e+01
-5.650339747804537183e+00
-8.504668064342695288e+00
-4.884660173869633581e+00
3.183489033683872549e+01
-2.830469809847272700e+00
2.194767373914510245e+01
5.483124339618007070e+01
3.475494133305619471e+01
-1.832134145416421234e+01
1.768148244991607498e-01
2.380384772285106010e+01
-1.659896309258328984e+00
-1.786291910554427886e+01
6.144974768428801326e+01
1.917177837886265479e+01
6.248105319641763344e+01
1.581870930047443835e+01
-1.662803356892982265e+01
1.977109710044533131e+01
5.208374150521922274e+01
3.412878860248019919e+01
5.041582563484189450e+01
2.039063586987685994e+01
5.351243695130324340e+01
5.598583652804882149e+01
3.716983311951116775e+01
1.765668844200263266e-01
3.846617233697543270e+01
2.266693275905345217e+01
1.198321750373725081e+01
-1.906543496770973434e+01
3.030414244275743840e+01
3.159975190971454140e+01
3.836314640091586625e+00
7.931124049751815619e+00
-9.367756126281165052e+00
-3.694757726094394457e+01
3.994203350513998885e+00
1.123995720644961693e+01
-2.026907872794254217e+00
4.593757895424641902e+01
5.660259628159474232e+01
5.063312691934697796e+01
1.595110786643635947e+01
5.073676394140784396e+01
1.241577844556377386e+01
1.811777988155154162e+01
-8.381842796981800348e+00
-1.072949468707520282e+00
1.941385494833593839e+01
-3.485775195691530826e+00
2.451798758782388177e+01
4.182637578441062942e+01
1.826500189869329915e+01
1.212016771061462350e+01
3.543331714257146814e+01
-1.049125282961176708e+01
4.038955833861473366e+01
-9.291549193501850823e+00
-3.970438768174062716e+00
4.980454724580704351e+01
-6.468569422759173904e-01
-1.358829174350830726e+00
3.983182215832857764e+01
1.173375041096005589e+01
-1.898313471923756879e+00
-7.290512246487196535e+00
2.111651859296034672e+01
1.154948804050582112e+01
1.078540429071290419e+01
4.904328579501452623e+00
5.740730410117976135e+00
6.391068157248082571e+01
1.519991875247796997e+00
-1.816285487281493261e+01
2.640149855211348040e+00
1.318808218806952937e+01
1.936265032178926049e+01
3.327297025382722495e+01
6.100143323332304135e+00
-3.618625719792908058e+01
5.643661742215044796e+01
3.668877014374447754e+01
2.986609023022901965e+01
2.751992659136521979e+01
2.936294917030681972e+01
1.122186499947565608e+01
-4.067586875793858781e+01
3.304674531646742253e+01
-3.785836484458559426e+01
4.908822740834875731e+01
1.748097108095680596e+01
-1.636383892061712686e+01
3.791157968253901345e+01
4.309302317269612104e-01
6.928844110935824574e+01
4.090002866874419851e+01
-1.695310101758150267e+01
9.839572361815953627e-01
6.257148543864605017e+01
1.994442273533422849e+01
6.393937020759040024e+00
2.382354637402386288e+01
3.190633999933197629e+00
-9.255687419899913948e+00
2.223782312115145032e+01
3.422084924330920330e+01
-6.603261406271485612e-01
1.548893019552269834e+01
3.698110381533115287e+01
-3.360415517484216252e+01
1.040404906724143075e+01
1.066317849216648028e+01
4.755256629351788433e+01
-1.818301729746235651e+01
1.553764382967347046e+01
4.033001252933900105e+00
