2.289539075402241508e+02
2.259371389194120070e+02
2.254443664622308177e+02
2.201428004640500546e+02
2.222420109123200120e+02
2.182409520662328362e+02
2.263509262652569589e+02
2.262513238423428277e+02
2.189659286342801181e+02
2.221390824661600902e+02
2.212615471931657112e+02
2.197681961522931715e+02
2.151692567806062470e+02
2.197856165888108535e+02
2.215446057662815065e+02
2.166619167589508095e+02
2.196724688133182610e+02
2.122761083980029184e+02
2.226904681578322425e+02
2.238148269172107518e+02
2.168395496426596196e+02
2.153790341414704130e+02
2.163044625369857954e+02
2.268517275479317448e+02
2.201613962465570182e+02
2.212095399726273968e+02
2.207300879275601631e+02
2.215222943887768565e+02
2.166403668302809251e+02
2.250734222821716344e+02
2.242446897445697402e+02
2.186949981686847480e+02
2.213919355488972656e+02
2.217301981813873795e+02
2.235579971155274563e+02
2.114430282615534793e+02
2.172451690741578147e+02
2.250243714540953590e+02
2.216529723717865750e+02
2.230874117438531812e+02
2.151766304548619928e+02
2.288661144887367129e+02
2.154241798188663779e+02
2.236298812268940708e+02
2.230897080434967279e+02
2.241686191859809014e+02
2.255540049941886309e+02
2.214672803842173607e+02
2.238451017675536150e+02
2.161792733018376964e+02
2.211378222696710907e+02
2.255195869327710625e+02
2.237364967107638734e+02
2.209240051879905025e+02
2.162050981704574326e+02
2.199386106755787864e+02
2.259677332662776621e+02
2.261232277647454225e+02
2.192570094205881048e+02
2.207296122749583560e+02
2.224682899494259232e+02
2.247246249025124030e+02
2.161010169004499630e+02
2.209227583315941672e+02
2.251739485767132294e+02
2.212270200802018962e+02
2.211333664281216329e+02
2.256008221125703699e+02
2.230248567165522786e+02
2.208974758162707133e+02
2.164829476368764460e+02
2.221461190669169525e+02
2.226893677622955465e+02
2.207855009863552027e+02
2.162649318436004933e+02
2.183836496505130071e+02
2.120081729431751683e+02
2.191212704461201497e+02
2.203125210601657784e+02
2.202403198182645951e+02
2.204708751299659184e+02
2.166952661380063034e+02
2.236871462908308672e+02
2.232802300719057484e+02
2.181527387340947826e+02
2.226316982037450600e+02
2.137915460899823188e+02
2.292596412405353874e+02
2.106206260633347256e+02
2.215462187415031963e+02
2.186525338478806475e+02
2.275652603759677675e+02
2.188003871010281500e+02
2.241299025047374016e+02
2.139821188464020452e+02
2.229397728079900673e+02
2.240661128927072525e+02
2.259437822560661857e+02
2.284544309302644081e+02
2.198763087160891132e+02
2.205176167298270116e+02
2.224313122246929879e+02
2.223674608625897804e+02
2.225562655891341706e+02
2.140901839777025941e+02
2.209423814161426947e+02
2.186190809610183408e+02
2.158842609311682565e+02
2.119620001914492207e+02
2.191798105478037826e+02
2.242880558382504717e+02
2.200800979569824563e+02
2.247662581374799515e+02
2.293667041485241782e+02
2.221428006423966792e+02
2.141404166562675755e+02
2.156016236792228824e+02
2.192096633377525450e+02
2.154983711233009842e+02
2.129665805065097288e+02
2.222657862415052534e+02
2.129455659903026117e+02
2.251320811135347810e+02
2.206668231305363292e+02
2.235407777870054815e+02
2.187799763064380727e+02
2.261543230013124344e+02
2.143956738722012290e+02
2.211074644700402985e+02
2.190272419520273388e+02
2.218585050234172797e+02
2.206269442900471915e+02
2.208082467969054505e+02
2.216384569971700387e+02
2.138720295317763771e+02
2.178722499485340336e+02
2.224229949515908515e+02
2.144248896033794551e+02
2.252119424289353731e+02
2.239240440135733650e+02
2.212464478800452241e+02
2.187524856564131426e+02
2.200829982844445283e+02
2.234451538412965022e+02
2.198338590742304746e+02
2.209835355535164183e+02
2.134554741398462454e+02
2.206901265111801536e+02
2.241236074557757831e+02
2.214612304349126930e+02
2.217392080686786926e+02
2.261936457880737805e+02
2.172550999475690219e+02
2.158864156920487005e+02
2.222390945631591137e+02
2.219963692470492447e+02
2.154082071382459844e+02
2.159525222271514622e+02
2.205492197447078127e+02
2.198198145723860648e+02
2.227258833887873664e+02
2.101289939841809655e+02
2.247275052752447948e+02
2.146957513490032454e+02
2.235663350207433666e+02
2.176521937559120659e+02
2.192686191334773298e+02
2.236198419981841710e+02
2.187610573173759576e+02
2.179437939204193242e+02
2.193281288187282030e+02
2.119610868673366042e+02
2.162064031044717467e+02
2.237837665498769866e+02
2.229264315993724210e+02
2.218057357289780498e+02
2.237054289012625645e+02
2.198579286472414651e+02
2.224359656259585449e+02
2.159523184802264666e+02
2.199513616419159519e+02
2.212141610759049968e+02
2.252481902063948382e+02
2.223974426227085530e+02
2.264071925516315389e+02
2.268390735149513660e+02
2.212729205398460408e+02
2.237382857654953341e+02
2.177272853812114874e+02
2.206722106447728038e+02
2.125992643756969755e+02
2.203800193440017665e+02
2.203464312686910489e+02
2.287208894149214018e+02
2.172407540747093151e+02
2.149292134090963202e+02
2.248396500009881720e+02
2.255046047684332962e+02
2.170067127208726561e+02
2.207098833349635072e+02
2.154081879454108730e+02
2.258426820761145564e+02
2.268032119733908871e+02
2.204110851653229872e+02
2.216059967452597448e+02
2.242726899258826450e+02
2.142726833076120556e+02
2.291798544865058034e+02
2.147276277314944366e+02
2.256495360077844623e+02
2.227123179957817456e+02
2.104295049624316789e+02
2.185715922329291345e+02
2.204969004754526622e+02
2.187956376465908477e+02
2.178530876048239406e+02
2.261120995853631825e+02
2.136872422035269210e+02
2.242005612261057763e+02
2.209689049445615012e+02
2.220059181319265917e+02
2.154675112062451205e+02
2.152742154263963528e+02
2.218900533207149977e+02
2.165287980102847882e+02
2.215590625455612610e+02
2.277254651387986542e+02
2.204285591461779745e+02
2.181241592644157095e+02
2.228006974609348276e+02
2.245377025229374510e+02
2.191683411882949599e+02
2.191398725190100549e+02
2.204002223970845193e+02
2.244819351140826598e+02
2.205962891289802315e+02
2.267407761414628453e+02
2.266393209188425999e+02
2.182153200851439578e+02
2.260610620076636792e+02
2.235693620238910455e+02
2.219598217154330086e+02
2.150675937303164744e+02
2.170110694373698834e+02
2.228960377909433532e+02
2.185420401562608390e+02
2.230079856911056027e+02
2.255780756879674698e+02
2.247044741909982690e+02
2.246709510259214255e+02
2.174352434797088733e+02
2.144337126844067711e+02
2.124117497856341288e+02
2.188962207357996022e+02
2.256261220943632679e+02
2.238751122890402314e+02
2.247010958806235976e+02
2.214109746573733446e+02
2.151701041536195191e+02
2.191152141218086058e+02
2.232538699458285407e+02
2.236129972824920173e+02
2.253265263047119049e+02
2.236422909886596528e+02
2.184997325348147967e+02
2.191346583994598518e+02
2.228647493557470511e+02
2.222987791751515658e+02
2.129411934408012428e+02
2.202899189080109750e+02
2.233632556834341187e+02
2.199532743799189234e+02
2.178012961804195413e+02
2.220657979215413036e+02
2.181747532997188443e+02
2.194975896635703521e+02
2.228826915986493873e+02
2.202127659425733555e+02
2.297547980308185345e+02
2.272689914250763081e+02
2.216291242084735700e+02
2.180323439967179411e+02
2.251699895711660702e+02
2.253703867479994187e+02
2.173306478940689033e+02
2.168418520218168908e+02
2.279580895085672125e+02
2.233545280716774357e+02
2.219422341166932711e+02
2.144535075353958291e+02
2.248144388712581474e+02
2.206384404894702413e+02
2.200152798313216351e+02
2.255434978192700157e+02
2.105351240468806964e+02
2.167075302000758086e+02
2.242722846547077893e+02
2.211812435466077034e+02
2.236136173728880294e+02
2.265076207304093714e+02
2.236156990385632355e+02
2.155050374409409528e+02
2.194682050311309638e+02
2.228233970003897753e+02
2.214417743032281862e+02
2.098621716945077651e+02
2.157636249933496515e+02
2.241281337554895856e+02
2.249675527940171094e+02
2.260798176692441359e+02
2.278627050516730321e+02
2.129962572943119028e+02
2.258814812750563874e+02
2.209297218767576112e+02
2.229803899130562570e+02
2.234865285007692250e+02
2.242919476150291871e+02
2.206125720461423612e+02
2.256880234556387563e+02
2.222374838280709071e+02
2.150614783279514768e+02
2.191561190452914332e+02
2.240676124714596824e+02
2.196698690523260211e+02
2.170491160190937592e+02
2.171960723306617354e+02
2.149615903621314317e+02
2.218038431829577064e+02
2.258645008418531290e+02
2.140356037552350870e+02
2.183261170857196873e+02
2.129447781562945750e+02
2.237700342864189054e+02
2.150173975021464230e+02
2.231761992273547719e+02
2.185753038682158547e+02
2.260622463655420233e+02
2.184082160865472702e+02
2.153428472127866655e+02
2.122734899909107753e+02
2.194669919800183209e+02
2.159962985719925825e+02
2.189940762072196492e+02
2.246609737488562928e+02
2.193992938530934111e+02
2.219844502738952485e+02
2.205457030836436729e+02
2.180520423395010710e+02
2.208436529303338034e+02
2.205557889749581761e+02
2.199545230022291662e+02
2.133733478116633080e+02
2.225696441600369440e+02
2.189431533751173333e+02
2.071527243786295003e+02
2.191182689016399934e+02
2.211766590117642579e+02
2.239990000971641848e+02
2.234841811375930263e+02
2.153299355261688390e+02
2.195770824146578946e+02
2.225909615490550948e+02
2.164993800922882770e+02
2.251046207070766343e+02
2.099900759201669871e+02
2.171115334597220681e+02
2.280401851123070855e+02
2.193923046786938187e+02
2.242706488748007985e+02
2.249836848393543960e+02
2.168224169714586367e+02
2.198685675931756691e+02
2.229552357075974385e+02
2.160488019427070014e+02
2.220987304736923704e+02
2.236493227592828248e+02
2.316970028690964227e+02
2.231277869912289873e+02
2.224196849210431139e+02
2.265950582995636182e+02
2.100283083133435582e+02
2.199329497380787188e+02
2.271206135334747103e+02
2.205316298864695170e+02
2.205920298895015890e+02
2.121969107836667661e+02
2.181164788971259156e+02
2.180510097702757832e+02
2.212873668983480968e+02
2.243409389496876543e+02
2.272921309425868799e+02
2.228199506986481424e+02
2.170535718765606532e+02
2.139473236342412008e+02
2.213034051490567151e+02
2.233584222062859226e+02
2.264653069387009907e+02
2.221311673303481200e+02
2.228965862585181696e+02
2.165322065904840372e+02
2.193128805340131748e+02
2.258883600007159203e+02
2.207446155110751818e+02
2.127853047751496547e+02
2.196076244555914343e+02
2.222207426689093097e+02
2.251419140514294099e+02
2.194505738372081680e+02
2.170180188266001835e+02
2.114621572283006401e+02
2.215580380929091291e+02
2.131080350807205264e+02
2.195789762473244195e+02
2.161935069430286944e+02
2.228983240786981241e+02
2.217323430331493341e+02
2.188509071015441236e+02
2.215362510904755595e+02
2.215846123919213255e+02
2.110932699087770175e+02
2.280504613119489363e+02
2.208754757023901618e+02
2.231700911400988048e+02
2.187910903659800113e+02
2.194810561407506952e+02
2.239927539978789355e+02
2.243113998887818070e+02
2.198841807907218993e+02
2.192564275783907419e+02
2.203321909387442190e+02
2.178494922375782323e+02
2.175797749932186491e+02
2.115757845609224717e+02
2.170701030357773504e+02
2.183566219828898056e+02
2.266639461729054972e+02
2.208470339450132656e+02
2.268394827885602183e+02
2.213316286777024118e+02
2.291127172801618315e+02
2.199042962096109477e+02
2.248723320356584736e+02
2.207824273125178252e+02
2.174742772407892630e+02
2.264316951238270690e+02
2.189557417717039982e+02
2.274200663256119981e+02
2.226454618464642294e+02
2.138061026289181541e+02
2.186906591926118040e+02
2.248908277178528010e+02
2.236270768961749980e+02
2.181510662799300064e+02
2.294336565445480005e+02
2.155827932793411890e+02
2.161466655887132617e+02
2.241193865264246199e+02
2.205508920435100606e+02
2.223914997375125324e+02
2.206968306782589480e+02
2.222174910849200558e+02
2.215484581249218365e+02
2.224302239831303325e+02
2.117782865697537602e+02
2.244208373748430461e+02
2.243885095622811434e+02
2.178606835403926709e+02
2.199480551886052808e+02
2.234923454729710386e+02
2.278999262836079254e+02
2.195232056576521984e+02
2.196130479829208184e+02
2.187080487799173341e+02
2.281033761665863437e+02
2.206600593799804244e+02
2.258903585365857509e+02
2.216592628844668411e+02
2.223637168451561763e+02
2.218511488969762695e+02
2.181946591907819482e+02
2.080387140121631546e+02
2.264057789586626939e+02
2.220721871410765971e+02
2.207921474629247314e+02
2.231790269884564282e+02
2.230069822733352396e+02
2.244536589246784217e+02
2.241317651740352233e+02
2.183689517426073792e+02
2.220749824318683352e+02
2.273693355554507320e+02
2.153521720080916282e+02
2.275980043912168185e+02
2.255528922742233817e+02
2.145237626271054410e+02
2.210658730622093344e+02
2.217783565277539708e+02
2.201387301627196393e+02
2.203198483068318581e+02
2.233447709419310740e+02
2.140930633817441162e+02
2.203671380405264983e+02
2.163380040652551202e+02
2.175499283354272677e+02
2.284354090310786205e+02
2.242520902059270327e+02
2.193615469950606212e+02
2.168152837545790419e+02
2.203436021415905088e+02
2.141634370581425344e+02
2.210744502783388725e+02
2.216119986071441019e+02
2.242285935285160576e+02
2.275440918269093231e+02
2.209168706401642908e+02
2.209408131157864545e+02
2.205131208227831792e+02
2.225937389314319432e+02
2.148923307890665910e+02
2.231603448926224473e+02
2.209323502020531294e+02
2.241872404437735895e+02
2.051675672244484758e+02
2.043347709608117668e+02
2.185250919679525907e+02
2.239618320891634369e+02
2.190671497176620051e+02
2.169053192147310085e+02
2.197825589296534190e+02
2.116848756333134531e+02
2.206912810784447743e+02
2.218284443927689153e+02
2.191825358510129149e+02
2.224410826450092316e+02
2.200877438000159430e+02
2.074130087704523362e+02
2.243819857859619447e+02
2.250373440043506719e+02
2.265135115814314588e+02
2.217012945834435413e+02
2.177900432910416839e+02
2.136362907235254625e+02
2.240651867086918401e+02
2.256973086760485785e+02
2.234074397874419162e+02
2.221948544014830418e+02
2.211245843917192246e+02
2.191546158580526082e+02
2.238256732133230287e+02
2.241317274011761072e+02
2.206362578482740844e+02
2.118257804329080329e+02
2.203250337780824850e+02
2.233000573203619581e+02
2.199894507881856782e+02
2.142033834166928727e+02
2.164655071584293751e+02
2.165353589906591196e+02
2.213820528664637379e+02
2.229429109778083671e+02
2.212591309939928976e+02
2.296131296811879849e+02
2.147563920088680050e+02
2.073135395683252966e+02
2.279357280678265454e+02
2.233729878451011075e+02
2.207856589843161430e+02
2.223988814349806660e+02
2.204689084641329089e+02
2.222057531118367706e+02
2.239695126211132674e+02
2.175422302313727130e+02
2.200103713240116861e+02
2.244083395406626096e+02
2.202519401827155150e+02
2.234247584049218460e+02
2.207981808929639271e+02
2.185298617440261637e+02
2.061372859996325815e+02
2.143292790190368464e+02
2.178686804833172062e+02
2.288592558842437370e+02
2.292122372920592852e+02
2.196712520840949594e+02
2.213441225021948355e+02
2.193192087681444207e+02
2.218719673588713590e+02
2.281478778193022947e+02
2.200767538020679979e+02
2.164353807083245442e+02
2.127121675344969276e+02
2.257138422234922643e+02
2.281517725544335349e+02
2.240832334763942129e+02
2.260028453799797035e+02
2.239665374526265396e+02
2.191401055460231646e+02
2.295087346867709357e+02
2.199826448000253833e+02
2.233290159935451982e+02
2.189082051193677501e+02
2.215748622416571152e+02
2.234675694882405423e+02
2.200901402998878780e+02
2.187031635729494781e+02
2.134322441125092666e+02
2.181197048185417202e+02
2.172412009323242330e+02
2.239131407852802624e+02
2.142434369559043716e+02
2.187515558426346729e+02
2.191171204858292754e+02
2.220150774494925656e+02
2.247273110839528272e+02
2.165055468427114818e+02
2.233805394132846232e+02
2.153769635262207203e+02
2.198012120538907652e+02
2.262909698137335965e+02
2.180182893102705179e+02
2.152399070884864329e+02
2.292286442760390912e+02
2.212373061491616397e+02
2.159268584438889889e+02
2.179868310298122651e+02
2.247213999917754279e+02
2.227943312585988735e+02
2.239373567284979458e+02
2.194991709188427933e+02
2.218335979394631181e+02
2.171920717282812632e+02
2.191464127706091745e+02
2.252890404330134970e+02
2.239670432839509147e+02
2.247430838965500470e+02
2.295582734832897813e+02
2.219819775583015371e+02
2.166389747915154658e+02
2.233788712293678316e+02
2.215475605235575358e+02
2.251204328805054047e+02
2.137815389861824826e+02
2.209762386835131736e+02
2.126987499582812973e+02
2.200450177327728909e+02
2.177633622326711418e+02
2.239899550563178536e+02
2.225793276039915156e+02
2.242090316283481286e+02
2.181107954224235357e+02
2.212098601323357911e+02
2.263902049910685434e+02
2.185424763921830333e+02
2.202133918808375483e+02
2.241728704116738982e+02
2.215243253876064387e+02
2.215091709508380404e+02
2.250650162913132704e+02
2.067139356400841166e+02
2.222356183042768123e+02
2.238824256111000182e+02
2.217710108486933223e+02
2.226513119125359879e+02
2.212806084491338936e+02
2.193981662570020603e+02
2.189540665552692644e+02
2.316228075872829493e+02
2.187508038897527456e+02
2.261758998612087623e+02
2.270377733404043568e+02
2.104611911800649011e+02
2.153495048436612365e+02
2.099016131214653171e+02
2.231630961003057223e+02
2.173768311444222832e+02
2.225298083339925483e+02
2.204680521801061559e+02
2.204952192539211353e+02
2.214139432914287227e+02
2.175286182749152886e+02
2.200424797692832044e+02
2.217053471429867386e+02
2.241250658953956076e+02
2.202589394308108410e+02
2.241856821402189439e+02
2.186187079187934899e+02
2.186555205619605999e+02
2.265907986473051210e+02
2.167527993987254717e+02
2.152158405973194419e+02
2.193967595859521964e+02
2.208366887881614957e+02
2.196085180521953930e+02
2.220328644319027944e+02
2.212886441720144433e+02
2.225185024597655570e+02
2.197244243513997901e+02
2.201834459108936528e+02
2.282487905300611430e+02
2.176505139431460520e+02
2.194297819684336162e+02
2.260354223571889918e+02
2.213990217235364355e+02
2.210552217373045778e+02
2.247112053015544006e+02
2.194828062099872739e+02
2.217454580798994925e+02
2.270558827894988383e+02
2.215332829873228491e+02
2.255727384717306734e+02
2.223860378123011969e+02
2.160577339236477314e+02
2.235944043458362103e+02
2.242139859939555322e+02
2.202795240662320282e+02
2.206489035786652835e+02
2.144235506814122232e+02
2.242279437586088875e+02
2.209898134643352421e+02
2.188477282125533350e+02
2.242499607577329357e+02
2.181385341473641688e+02
2.222724086670867791e+02
2.239961310973850459e+02
2.154928661958889222e+02
2.199060312567386859e+02
2.143556510199050535e+02
2.277581809304061835e+02
2.247673998845426127e+02
2.150441630601176541e+02
2.224339500737247590e+02
2.182974592921496537e+02
2.223448050326098837e+02
2.104669671151797843e+02
2.245323648534482004e+02
2.230836274548193785e+02
2.152598284110031841e+02
2.146781889983220424e+02
2.205500516688308323e+02
2.085883501736389860e+02
2.183125669656289176e+02
2.261646622320601239e+02
2.211256530710424499e+02
2.198110402928113842e+02
2.099284810325359558e+02
2.200919170203871715e+02
2.223208773470252879e+02
2.182490443380640102e+02
2.275064390459292554e+02
2.168727932908324192e+02
2.235778596191955216e+02
2.273491386082910708e+02
2.174767447146361690e+02
2.206230639973011876e+02
2.248750979145662825e+02
2.234946761418096628e+02
2.232093370221713542e+02
2.089272781684720997e+02
2.135901950946087879e+02
2.271311656584954335e+02
2.214408770339489365e+02
2.190792678971332919e+02
2.203013690922940953e+02
2.261305687035644212e+02
2.199687630826906286e+02
2.173869957948643332e+02
2.221679968934433305e+02
2.280057809037336938e+02
2.255508497039352847e+02
2.215813138904436244e+02
2.257808218351962353e+02
2.231586527515966623e+02
2.211517756955015557e+02
2.203887650194695880e+02
2.147804262292213195e+02
2.179090651590641983e+02
2.237202898298249352e+02
2.132723675753534280e+02
2.138741018919797341e+02
2.205910284294305370e+02
2.174905770715458857e+02
2.183412105792392310e+02
2.259396183504526903e+02
2.169916936653685013e+02
2.222000472971045895e+02
2.219770080886244727e+02
2.175555496360639722e+02
2.205113027377983030e+02
2.212606499493079184e+02
2.217331755334952845e+02
2.119878739803805558e+02
2.149875759314709001e+02
2.217732082713511090e+02
2.159760515680273443e+02
2.210975885826389060e+02
2.173223121242371292e+02
2.204985588606593296e+02
2.149415702595042319e+02
2.217444452006032236e+02
2.213158776707691402e+02
2.144891246308940538e+02
2.243198274145278219e+02
2.204449975224963225e+02
2.161492881647843660e+02
2.217208236020678669e+02
2.208754651909453912e+02
2.226803186369361356e+02
2.201793342608001183e+02
2.100122446317009803e+02
2.236286373655747752e+02
2.288726289507931142e+02
2.210656407643931232e+02
2.229543355867364482e+02
2.256461682488818212e+02
2.267269498895009860e+02
2.196979182070193133e+02
2.233781690240982982e+02
2.210069656869295045e+02
2.211073149731707304e+02
2.169687844207040825e+02
2.145404254249238249e+02
2.211890386783722136e+02
2.215309009249589280e+02
2.216800817471212497e+02
2.269296635506719895e+02
2.247348306292815892e+02
2.131042097389969570e+02
2.256239720393785433e+02
2.247269103219920225e+02
2.218060812726984921e+02
2.215473427329999083e+02
2.184349891709446183e+02
2.224260347117376568e+02
2.272802024126020797e+02
2.249493088435226866e+02
2.165287112584960880e+02
2.238344981147776593e+02
2.173162632654600088e+02
2.276120698815219043e+02
2.205358740386697036e+02
2.213419728913090125e+02
2.194107724785755238e+02
2.163328636972279355e+02
2.198588920764746888e+02
2.211144085180643231e+02
2.191103307591105818e+02
2.235625289747661668e+02
2.193757164173401293e+02
2.184265456711638933e+02
2.214049003783718206e+02
2.218765540710266748e+02
2.196755169149150504e+02
2.158958256647140104e+02
2.143336806126968668e+02
2.173953681808651197e+02
2.268017496635721386e+02
2.204656901157564164e+02
2.225108966056019426e+02
2.183227840378235953e+02
2.189519486505695340e+02
2.235798831288147142e+02
2.207482052127155896e+02
2.144120543829435803e+02
2.254971131839105567e+02
2.230249884322987270e+02
2.185959143073994255e+02
2.207928923540939365e+02
2.252068871594063069e+02
2.306746584643440485e+02
2.257925468378159906e+02
2.271998156240426567e+02
2.123640546003774716e+02
2.193588315791771208e+02
2.235875556163523754e+02
2.247108275450923429e+02
2.222280384550804797e+02
2.159171799058942156e+02
2.241428345600418481e+02
2.225456700813305702e+02
2.187241766708700652e+02
2.218227919762706790e+02
2.208966077265154127e+02
2.197116769446528508e+02
2.261561326545256350e+02
2.182109043135421871e+02
2.223683929264684025e+02
2.205256128427259625e+02
2.180211390999610046e+02
2.170928507240131751e+02
2.244976456983916080e+02
2.257194362984355962e+02
2.253565386682878113e+02
2.218954866277087206e+02
2.210706745431461684e+02
2.230082996190757001e+02
2.185628021284565250e+02
2.196808842085684716e+02
2.165177850588052024e+02
2.228452460655822733e+02
2.232116415136864305e+02
2.267552244186468329e+02
2.221523952541058122e+02
2.212987210497614967e+02
2.168747358871759445e+02
2.227387527758158114e+02
2.290102933139954473e+02
2.180850590244728551e+02
2.244526063293913865e+02
2.223719695065884423e+02
2.259828655043765480e+02
2.224378654482648301e+02
2.186477675320059575e+02
2.216646514540032626e+02
2.204060223754532331e+02
2.216499910985863266e+02
2.277962284162120739e+02
2.225253906205891212e+02
2.191280089743689814e+02
2.155543340006207416e+02
2.193597119438788354e+02
2.143751356259285501e+02
2.226054809274649813e+02
2.245777419719065904e+02
2.210266408431010916e+02
2.200476103456528847e+02
2.142976577330944963e+02
2.156830524964537119e+02
2.247426594036620031e+02
2.204369580374497275e+02
2.260258058315624226e+02
2.170638192757295144e+02
2.234703142001777678e+02
2.265137036377859374e+02
2.138657974162024402e+02
2.266024416052933077e+02
2.228943436250289096e+02
2.259962897843966232e+02
2.214136738919972345e+02
2.202340336585493503e+02
2.142963623496947037e+02
2.188164885803513755e+02
2.151858626863937900e+02
2.202647899491721262e+02
2.237196787514401422e+02
2.200293950853396723e+02
2.194639711693953359e+02
2.195013892508547428e+02
2.255861342970264332e+02
2.195218463758505436e+02
2.217258670151831268e+02
2.269779822882406393e+02
2.152871119930030090e+02
2.214774606872926768e+02
2.265155727286881415e+02
2.208946383620407801e+02
2.235688725296290329e+02
2.200530994336992308e+02
2.203492888309466480e+02
2.221083433008396071e+02
2.241283523332103300e+02
2.253651146324272361e+02
2.258838770508263565e+02
2.260193766456636126e+02
2.270952760894714970e+02
2.213047106332665805e+02
2.222513392269108294e+02
2.256268346352723313e+02
2.166980001397519970e+02
2.164905636047382131e+02
2.184485171353357487e+02
2.250761891995261692e+02
2.194266339892380984e+02
2.208898713813106838e+02
2.130794985338431218e+02
2.129627326008886712e+02
2.217463748441188898e+02
2.292684189788631954e+02
2.270748526778650387e+02
2.256144656574390410e+02
2.308970402927812700e+02
2.238278947882705552e+02
2.152989052638595240e+02
2.170539935726520184e+02
2.270190070741091972e+02
2.238314003615263346e+02
2.240783681215583272e+02
2.281049924555644850e+02
2.207766539229855312e+02
2.253920110036351048e+02
2.270687848236087802e+02
2.167413562127071884e+02
2.211542038122140070e+02
2.208694507188681655e+02
2.261943126422999910e+02
2.221004071961022532e+02
2.237355457962763694e+02
2.175499585320502263e+02
2.076878489323613337e+02
2.140011296298341392e+02
2.194081409772524012e+02
2.158661262547433921e+02
2.262568690872356854e+02
2.228671947547224477e+02
2.243351820550253706e+02
2.205018117774310440e+02
2.166313276887775316e+02
2.231660344282391577e+02
2.236275395511697184e+02
2.181693764966695710e+02
2.222928427184911868e+02
2.234696685916763670e+02
2.126333081651892201e+02
2.232604106554315422e+02
2.193722740428451630e+02
2.163745012884735388e+02
2.255942361918455958e+02
2.211359430494168805e+02
2.212086717252315964e+02
2.279358843507682764e+02
2.219184588541131120e+02
2.254955167916526477e+02
2.214706542285067030e+02
2.208559272292973219e+02
2.173756444756724591e+02
2.197290430521548785e+02
2.102542837575135195e+02
2.133716352136649732e+02
2.171553749505727069e+02
2.287339667009274535e+02
2.208845928364565054e+02
2.194006842178913814e+02
2.186116746298218914e+02
2.200781170179907349e+02
2.204736879608864228e+02
2.170129836417949605e+02
2.236071637323297239e+02
2.222414585104587275e+02
2.136913023794119795e+02
2.240198492899156975e+02
2.242451094906244577e+02
2.223947422306278554e+02
2.254898458104775045e+02
2.248729310090175773e+02
2.273288200039904154e+02
2.226940127136897729e+02
2.217516993490760058e+02
2.204890830294545481e+02
2.277518350317690192e+02
2.213848132592088405e+02
2.199188670958142779e+02
2.245024800618998597e+02
2.286541762514299307e+02
2.150550645139992980e+02
2.155322947452573601e+02
2.235737367697360014e+02
2.288544830408909831e+02
2.188208677009868950e+02
2.305660343106627863e+02
2.213925345583897979e+02
2.230753387848293983e+02
2.258202147084991225e+02
2.250650403376587292e+02
2.126132791832119722e+02
2.158759473469088732e+02
2.237569704672275748e+02
2.200808286439668677e+02
2.196716460220961267e+02
2.168906316826917475e+02
2.193824905974407500e+02
2.284889092616921573e+02
2.196925451572676025e+02
2.150195538613717190e+02
2.234339958979225855e+02
2.191743140008651380e+02
2.261187874780749496e+02
2.203800515657303833e+02
2.211617472835503122e+02
2.276014200255022786e+02
2.175002617357856991e+02
2.196449641442828238e+02
2.217282552921752767e+02
2.227974133954101319e+02
2.156881066117280170e+02
2.218337108726153701e+02
2.188071517282916716e+02
2.167556208304575307e+02
2.202847294217011154e+02
2.277829427622876892e+02
2.231008484154634175e+02
2.283089191532899918e+02
2.212267220269108634e+02
2.222649540604192850e+02
2.224777394935422876e+02
2.271019563834298367e+02
2.228508495728770811e+02
2.177574272142340419e+02
2.263362324702926855e+02
2.125553120350354277e+02
2.244854924989344056e+02
2.220994699088673201e+02
2.201585469978505500e+02
2.190661396398696752e+02
2.345340601364899555e+02
2.255290286676366520e+02
2.196441284158079554e+02
2.206140334176078568e+02
2.212056894753000051e+02
2.206091770823522324e+02
2.244763739944006886e+02
2.176610434855869869e+02
2.251714647274588685e+02
2.138818934825949327e+02
2.255235807116900446e+02
2.259942920452990620e+02
2.249946172604638548e+02
2.202018043473015041e+02
2.273670594664465625e+02
2.209289465677711348e+02
2.232850220274511344e+02
2.262244784874599191e+02
2.230023516473024188e+02
2.188310698586425929e+02
2.175103545945630401e+02
2.191214063423348364e+02
2.236322002389932209e+02
2.194972509464262203e+02
2.148069506522610084e+02
2.159165471632177571e+02
2.229694635457964011e+02
2.221742976277021739e+02
2.175823397532060994e+02
2.203291945547661044e+02
2.273777293158390762e+02
2.242108220714142135e+02
2.280086252233195694e+02
2.149134273256952099e+02
2.129316732869195903e+02
2.164300745321922079e+02
2.212768991066498074e+02
2.226784834854482256e+02
2.214351216080931408e+02
2.245943370556905734e+02
2.188412737304670657e+02
2.208801092677953193e+02
2.210309752879092855e+02
2.200703158137839921e+02
2.306572835021071057e+02
2.248887312649784462e+02
2.243214270493717208e+02
2.203775579241305707e+02
2.214998326213989799e+02
2.155907886500224890e+02
2.200677606197567115e+02
2.198277279873931889e+02
2.216346140001091385e+02
2.235594673320860011e+02
2.192504020734975256e+02
2.237009286663418095e+02
2.294540615617840160e+02
2.232533605207616461e+02
2.269809488235648303e+02
2.224931555180335465e+02
2.153335484353020206e+02
2.216376585037116342e+02
2.242425306970941108e+02
2.239889333572029955e+02
2.198678284606760940e+02
2.248459392368094996e+02
2.154316969687869516e+02
2.227222063800583953e+02
2.145064889402188442e+02
2.272212263873668689e+02
2.275685965489355169e+02
2.168983075550193860e+02
2.207184789065677535e+02
2.319147273839554373e+02
2.128949673185144604e+02
2.220523379959735735e+02
2.164725124087946426e+02
2.117969932117058249e+02
2.131379637698334193e+02
2.161059591688210162e+02
2.180549490273832305e+02
2.212998382255917136e+02
2.243603082634503778e+02
2.158546118483012037e+02
2.181329898699470675e+02
2.247659018720552524e+02
2.134568525223671713e+02
2.230744807086211097e+02
2.224622911738778726e+02
2.066728564608776253e+02
2.200934676601651176e+02
2.212194726031494554e+02
2.249923291614199456e+02
2.233606734242546850e+02
2.339541619340761258e+02
2.225438343774152088e+02
2.262857830719891012e+02
2.215139905522731851e+02
2.253524825579295339e+02
2.199082774977676422e+02
2.243060168995549191e+02
2.196860606987787889e+02
2.232175902400755945e+02
2.187535096219263266e+02
2.172022786624728496e+02
2.223823183261867484e+02
2.248270787450023533e+02
2.247419605965231142e+02
2.213777624406740472e+02
2.256632279589013024e+02
2.221191594620119645e+02
2.177580602081853272e+02
2.230391679780633183e+02
2.176229563436179149e+02
2.209426498391599125e+02
2.228574234000932108e+02
2.274886237611432875e+02
2.226596672912596944e+02
2.231970030879431874e+02
2.245790010442937614e+02
2.238327719116838352e+02
2.208431886437651315e+02
2.149266961235818769e+02
2.135513787003232835e+02
2.214414257042577105e+02
2.216647972403584959e+02
2.246815403722552844e+02
2.298785269489943630e+02
2.273448179710212571e+02
2.233607620794274169e+02
2.185228903143735693e+02
2.140777608953274864e+02
2.246872325786955571e+02
2.306916849805354843e+02
2.174762914515924876e+02
2.258881080081277730e+02
2.212355539222131711e+02
2.198063457339816011e+02
2.136072927179475300e+02
2.239829780701660127e+02
2.127160381718862254e+02
2.205026614815417076e+02
2.185396073658372416e+02
2.222383036461328629e+02
2.252922701892246380e+02
2.225882889905988975e+02
2.217872622865292840e+02
2.232710877340423963e+02
2.147898356434269544e+02
2.131869664907491426e+02
2.229843198474310384e+02
2.260421556145750515e+02
2.205528444158043442e+02
2.164424269094696172e+02
2.178556502517195099e+02
2.216434491129731441e+02
2.234510069221933293e+02
2.213083410565108977e+02
2.147906958252674769e+02
2.228102169818677396e+02
2.094471305416884377e+02
2.234933062883687285e+02
2.092327937295359561e+02
2.103277992480515195e+02
2.175700585866241283e+02
2.242311738587654020e+02
2.123326641502334553e+02
2.208966754310620502e+02
2.178027920075861061e+02
2.208468453342584041e+02
2.131141804465685254e+02
2.204346717786920351e+02
2.223988737686354966e+02
2.156674273771329808e+02
2.227004922323903884e+02
2.200656251072832674e+02
2.187578352623058606e+02
2.284721378853201941e+02
2.248105368261627177e+02
2.204449985134927203e+02
2.213387291354505635e+02
2.168943417541559597e+02
2.240632226861714287e+02
2.224392150933783512e+02
2.273864154211830737e+02
2.209922873582091825e+02
2.241842380042644720e+02
2.225247847626154964e+02
2.196846475928440441e+02
2.172306267111019054e+02
2.213022555433116736e+02
2.203212624083093658e+02
2.224526588319013740e+02
2.235813989617417121e+02
2.152124579468420222e+02
2.212019183795105448e+02
2.163525145048539002e+02
2.210468886038725032e+02
2.155592328825185575e+02
2.173837230893105925e+02
2.233842555673129766e+02
2.222279605359412358e+02
2.194046440975075143e+02
2.215206586055778644e+02
2.235179857939717749e+02
2.229962965351672892e+02
2.467128000950976343e+02
2.187626813663389100e+02
2.231751206206093059e+02
2.179980675860759334e+02
2.251312573606573153e+02
2.180303915732426390e+02
2.227212035145004450e+02
2.131115544503370245e+02
2.192583079460014517e+02
2.141980734221586431e+02
2.192878074882675890e+02
2.203963141361350608e+02
2.235568486716740324e+02
2.196344196319284094e+02
2.226176029468972786e+02
2.192682707320264512e+02
2.218180445540254482e+02
2.185333521121526132e+02
2.243163075223820613e+02
2.202342322340195722e+02
2.242240848882510704e+02
2.099507447793361052e+02
2.230765861401517327e+02
2.166229132391632390e+02
2.242413544960741092e+02
2.200712091645439159e+02
2.243464709920468181e+02
2.232704703395364447e+02
2.186660119820124066e+02
2.194691291914961653e+02
2.148045134217813086e+02
2.226538041052715755e+02
2.257868595592235863e+02
2.204915788187062162e+02
2.226528700556177398e+02
2.225143664671849422e+02
2.199718218201789739e+02
2.257124813513367485e+02
2.228115098642669523e+02
2.185061899156377194e+02
2.209035108003309062e+02
2.156868802081808667e+02
2.179800820184917427e+02
2.215702059145247915e+02
2.210445983419170943e+02
2.182685900772614787e+02
2.157087308000647852e+02
2.223469108233792895e+02
2.162871064620790662e+02
2.207172440200761230e+02
2.275543324016923350e+02
2.176589229756169459e+02
2.236637575427180025e+02
2.201949365270893963e+02
2.127671968698705598e+02
2.231294262130796824e+02
2.117565190619196756e+02
2.261409134334489011e+02
2.236959425698931625e+02
2.145101750976868686e+02
2.106535585063069220e+02
2.188350108876149989e+02
2.188778458255754060e+02
2.213283554163464260e+02
2.199933423082999866e+02
2.283596890604947873e+02
2.196806649852327951e+02
2.209642739476301756e+02
2.233188532035276239e+02
2.207571083940678704e+02
2.211867173826638009e+02
2.109044090967102250e+02
2.260542111155126008e+02
2.131553294078258318e+02
2.191429201832507374e+02
2.219553256070426812e+02
2.218170005657318598e+02
2.226162287307445524e+02
2.221294821832871662e+02
2.261517226460015593e+02
2.210845452591625815e+02
2.243588166594248889e+02
2.196526311083577525e+02
2.164030654753750298e+02
2.133365386600382010e+02
2.207138757590679177e+02
2.225395517240736751e+02
2.171496767039897975e+02
2.285413436179779296e+02
2.217609301194918885e+02
2.206306872587470593e+02
2.238729445833142790e+02
2.132291461171649871e+02
2.293440049808250762e+02
2.194468811246791518e+02
2.145075787434710435e+02
2.187243611932311751e+02
2.281190254839236218e+02
2.190976980645773153e+02
2.255913325231597355e+02
2.208739374500379995e+02
2.076439669244563220e+02
2.126879903743259774e+02
2.262785370071460420e+02
2.182757240889854984e+02
2.212569182657373688e+02
2.177640771887188009e+02
2.198816672866894066e+02
2.220759727435568323e+02
2.288081573822910855e+02
2.204694892790593883e+02
2.231592379000400115e+02
2.216757626678590327e+02
2.266283854507736351e+02
2.188514526790485206e+02
2.221185223340772836e+02
2.162352172458734287e+02
2.203022413472184553e+02
2.202493286173636307e+02
2.196571379085152387e+02
2.132111603237101178e+02
2.145671109953194957e+02
2.149903563736727108e+02
2.191852940007006794e+02
2.219127456042893982e+02
2.244219890192343598e+02
2.231988574379345209e+02
2.136528821639901707e+02
2.185358885233144122e+02
2.212524268410403181e+02
2.135755322303527635e+02
2.182844398063659526e+02
2.263964675012898908e+02
2.163686407558828648e+02
2.082285399955162291e+02
2.245696772288624743e+02
2.185141159843907417e+02
2.211479586035178500e+02
2.294729091880344072e+02
2.225571440607782847e+02
2.229075854829373498e+02
2.211167303799758201e+02
2.208529471455398152e+02
2.179846199718797379e+02
2.205853027383308529e+02
2.218617009949154237e+02
2.197789238232319349e+02
2.240240390676777622e+02
2.200350921111763114e+02
2.231458163111497015e+02
2.222141456852469048e+02
2.184483548858979987e+02
2.168451667475415547e+02
2.157847002063124933e+02
2.161367047867562121e+02
2.165810906677847640e+02
2.158158060193063932e+02
2.233314603992548371e+02
2.213107353198515455e+02
2.205426414640245127e+02
2.299498599796311282e+02
2.222322938374047681e+02
2.217585730799906969e+02
2.249585657975277968e+02
2.266382610002277147e+02
2.188863627510599770e+02
2.204115486465710205e+02
2.187335427240815591e+02
2.257826626052048198e+02
2.252673046591782509e+02
2.197666647249543246e+02
2.213646792885860464e+02
2.220837312127794974e+02
2.149067524894040560e+02
2.220825048744524679e+02
2.268256266726296246e+02
2.171332684336380510e+02
2.160523159555334303e+02
2.235319558589615951e+02
2.250902702983214283e+02
2.199912124873906691e+02
2.207222824618015125e+02
2.185604801157724921e+02
2.241723722847004865e+02
2.235854668375441179e+02
2.280946641183059285e+02
2.200007315386724827e+02
2.206748000354580768e+02
2.210702351138252197e+02
2.206809612682596651e+02
2.140578191481663453e+02
2.243134186831765362e+02
2.186906076351801289e+02
2.181540166906144123e+02
2.215890019863750240e+02
2.228390476964145535e+02
2.207078531225810707e+02
2.246599732714460060e+02
2.142258008350412410e+02
2.188490450108499203e+02
2.180117584234388914e+02
2.241422979590408033e+02
2.214685139827396370e+02
2.250631143258610791e+02
2.237948151405230988e+02
2.211091065404790470e+02
2.227647736214603071e+02
2.251020176366428700e+02
2.194427110539201919e+02
2.214559169381433037e+02
2.236349986425229304e+02
2.263303512456325564e+02
2.172521718243168607e+02
2.223430333928674827e+02
2.231474987981554534e+02
2.112709866543440853e+02
2.242022505271498574e+02
2.199918634800561108e+02
2.327723489575749625e+02
2.297014501889015037e+02
2.225814015211555557e+02
2.173059557998010405e+02
2.183290745973669971e+02
2.210123847497136467e+02
2.271635951652040148e+02
2.226064725145643877e+02
2.173860489866273724e+02
2.239855071977558225e+02
2.194523446735358903e+02
2.229614063541617952e+02
2.179341228026033832e+02
2.235525822973963272e+02
2.293679107397911139e+02
2.192456325740560033e+02
2.178616211243241310e+02
2.197783820600730280e+02
2.279618238687207850e+02
2.211752313067865146e+02
2.257215581450456625e+02
2.131247159458491467e+02
2.135905118362523751e+02
2.210420146972090549e+02
2.211243808426364978e+02
2.168600745458384154e+02
2.258488955573405974e+02
2.194643578028918682e+02
2.236788889723701175e+02
2.229544749624779456e+02
2.165814069298219806e+02
2.228012587184525160e+02
2.208131337123949436e+02
2.205501004202001525e+02
2.214974504046127493e+02
2.195448858172535722e+02
2.190652896029422152e+02
2.216364503079109909e+02
2.221843489933406488e+02
2.189918520057147191e+02
2.194728096279410750e+02
2.225826292710754046e+02
2.184633782281626964e+02
2.157999571464914936e+02
2.249396970064619836e+02
2.255801917077421592e+02
2.193792469329019355e+02
2.221655057488626710e+02
2.232687866275091437e+02
2.232046852883054555e+02
2.239385420043388706e+02
2.231287398312988728e+02
2.190225974760829217e+02
2.209658531229965774e+02
2.229778059036702302e+02
2.173486105399589974e+02
2.245588050859847726e+02
2.219423666741131740e+02
2.221397173832200735e+02
2.200541550097906054e+02
2.211382877917303063e+02
2.193285052986370545e+02
2.264303265523913637e+02
2.167232427427383925e+02
2.188071821828092993e+02
2.241906266182026854e+02
2.239564865963508851e+02
2.254939144546195848e+02
2.198713929509928278e+02
2.208917295118012305e+02
2.173538314805144580e+02
2.188848732820891314e+02
2.182748159090489821e+02
2.195530141231463972e+02
2.170486710987200070e+02
2.169643264323478888e+02
2.258764919887655083e+02
2.277605088734455023e+02
2.230833652270348466e+02
2.200534928818314597e+02
2.185071993379518176e+02
2.167682626439788010e+02
2.208579835781948475e+02
2.251701554262328671e+02
2.188053858737314954e+02
2.204424844604643852e+02
2.182705065288125752e+02
2.309532131883961483e+02
2.253461275091269727e+02
2.207290452488613255e+02
2.133258740005999528e+02
2.200139714378794054e+02
2.180951446653140522e+02
2.223124881044072936e+02
2.218886989655059949e+02
2.199370135985774937e+02
2.170744264731703481e+02
2.154757940021360128e+02
2.172759076271707954e+02
2.162254733200064436e+02
2.163333939772292354e+02
2.187379647845019974e+02
2.258678384581467355e+02
2.227611056252979722e+02
2.158332629259610371e+02
2.167220703831348771e+02
2.259497684977320660e+02
2.255348696063959153e+02
2.220956643802091435e+02
2.227072168761312128e+02
2.212993817979472055e+02
2.262169119065806910e+02
2.248241733222238281e+02
2.220014723677696225e+02
2.217908734307095244e+02
2.215137481109853184e+02
2.196442055873964705e+02
2.209370164581101506e+02
2.279736660208062631e+02
2.213033976183101572e+02
2.204268899640584891e+02
2.174193937310035096e+02
2.206721946321421228e+02
2.229126724554130874e+02
2.237544869355155015e+02
2.260766656511829922e+02
2.099641022819575653e+02
2.198232865471537707e+02
2.194581477005410477e+02
2.177469233961390387e+02
2.171483535291143028e+02
2.167281799266334588e+02
2.244413998673543631e+02
2.283738875002877933e+02
2.265382538474543708e+02
2.112988061537430156e+02
2.234208956175902188e+02
2.238979850555355142e+02
2.162418983942640693e+02
2.214235352281495182e+02
2.214528064559650318e+02
2.169751373519082165e+02
2.224444663487750802e+02
2.239920820842183673e+02
2.207881867137333529e+02
2.253326923295321365e+02
2.177495213778155687e+02
2.160583273134407136e+02
2.251847759888174494e+02
2.176713623988033817e+02
2.255044459397671801e+02
2.228326428161796002e+02
2.237364905027123427e+02
2.214477509886247333e+02
2.198733682996236780e+02
2.227182175298959521e+02
2.167860914497215106e+02
2.234644368224399216e+02
2.212386089870036869e+02
2.180900040521899257e+02
2.232923743618957531e+02
2.150840624970388433e+02
2.277909200479602987e+02
2.175873218018257660e+02
2.185690583252237502e+02
2.267993496965370070e+02
2.256076795458177742e+02
2.212289545520291085e+02
2.169092433372380810e+02
2.161824076582046530e+02
2.195929687224946463e+02
2.256135074060915144e+02
2.190587084205225779e+02
2.176659474702069588e+02
2.164373736514558004e+02
2.268075175945259616e+02
2.158946352276466598e+02
2.199984666204646260e+02
2.201979711924400647e+02
2.134271639874361597e+02
2.219417223999489295e+02
2.209638636403614669e+02
2.210738878506053027e+02
2.334381980619448029e+02
2.160972086393410905e+02
2.229210710429410369e+02
2.251238868356855107e+02
2.248724316509350842e+02
2.235147882931892411e+02
2.284784093052637388e+02
2.272514615423157238e+02
2.283286174156942252e+02
2.267706915262637040e+02
2.222243566417477894e+02
2.218092268771606541e+02
2.221431038654240524e+02
2.167025016314232460e+02
2.216332021915787038e+02
2.175620357406753840e+02
2.222266914313148050e+02
2.192543488449087192e+02
2.237215022244962483e+02
2.184179412589430171e+02
2.229595504867810405e+02
2.223852884926390061e+02
2.202373385712313336e+02
2.164412579092004876e+02
2.164429378817617362e+02
2.188927517018926778e+02
2.254861377110860872e+02
2.149008495052264607e+02
2.218697720449279984e+02
2.212882612841754337e+02
2.220688431833063703e+02
2.219885521975873530e+02
2.201568272144158698e+02
2.178210174160403767e+02
2.234043575984025836e+02
2.259172011984733501e+02
2.239134349117843215e+02
2.267767505661319944e+02
2.219149888606127092e+02
2.243985663828450186e+02
2.206468205427077862e+02
2.087524767649789794e+02
2.298052149972712073e+02
2.219570916342432838e+02
2.103002664106265058e+02
2.245959093381834180e+02
2.110833498387414124e+02
2.230891531432858699e+02
2.188554143244577688e+02
2.239862975719161398e+02
2.235010197570144328e+02
2.197663204158001236e+02
2.270257174419577382e+02
2.257821006899675353e+02
2.287115971961358412e+02
2.162018515257961440e+02
2.252812200151542186e+02
2.225841867589319349e+02
2.293409742601270125e+02
2.185378913172376656e+02
2.177350624459005815e+02
2.227601917273197785e+02
2.221996768688994734e+02
2.162133361371676870e+02
2.191784034093790865e+02
2.193888564777472823e+02
2.214040112952021389e+02
2.192168492319965480e+02
2.273337911118900934e+02
2.221457520017619345e+02
2.216046345542258962e+02
2.213805541160645589e+02
2.301747715145810673e+02
2.215141389363226381e+02
2.277217277019898631e+02
2.215075318026322009e+02
2.228449575215776690e+02
2.235692146022447560e+02
2.287428171083836901e+02
2.228846849079580466e+02
2.263354837896040124e+02
2.122079843321269266e+02
2.239764771582204901e+02
2.127850079202227960e+02
2.200068765159645068e+02
2.225811764228917298e+02
2.225674386376341829e+02
2.246743492818758057e+02
2.250250035554398096e+02
2.225818454472360202e+02
2.180035167881051450e+02
2.263148425769179823e+02
2.247730314200348971e+02
2.264840275661014175e+02
2.162004078245830669e+02
2.179076850614557657e+02
2.208373065844406540e+02
2.176309491500076092e+02
2.236957306733503117e+02
2.256046673023207632e+02
2.240664743992352328e+02
2.242969207075382201e+02
2.237624514002879152e+02
2.149418312202411698e+02
2.237788400317394064e+02
2.200834837231066103e+02
2.199583083269475594e+02
2.264813869671046973e+02
2.218272767736173705e+02
2.134532364954756929e+02
2.179796635564666758e+02
2.217806109460495350e+02
2.184543679969677044e+02
2.235237720151525593e+02
2.157197662097186992e+02
2.208039662369772884e+02
2.274961824135764346e+02
2.192333563774097343e+02
2.210872651165600189e+02
2.237360205700743165e+02
2.132790622356169763e+02
2.210904146428189279e+02
2.162280711773651376e+02
2.182584749830455735e+02
2.178243417492183198e+02
2.207579268273197499e+02
2.263149171261478614e+02
2.269268253791085499e+02
2.205108633490310979e+02
2.239952915935401450e+02
2.275893091826957857e+02
2.248438644432679894e+02
2.144722395557108143e+02
2.226821427134361215e+02
2.185453855426008545e+02
2.207932505241828380e+02
2.234338863049993051e+02
2.220721253834093716e+02
2.227630432011136463e+02
2.146365988308350836e+02
2.271373535125544265e+02
2.214646454120800456e+02
2.254905305988334021e+02
2.217324663220381069e+02
2.236411419164105894e+02
2.243924298830278019e+02
2.212344586475663561e+02
2.211034079528095333e+02
2.269607239956939679e+02
2.173330742932033672e+02
2.263377381694155588e+02
2.250392961160367520e+02
2.225816302672068332e+02
2.157887320260293507e+02
2.205273769951789973e+02
2.167914091765546800e+02
2.237234445798951015e+02
2.221118462682797485e+02
2.203054802122410649e+02
2.246380277206399683e+02
2.111371665143249174e+02
2.171423304700058168e+02
2.227579521140379768e+02
2.194411507153501191e+02
2.170100158511393431e+02
2.255685264273267592e+02
2.198228726973341054e+02
2.248872462926106266e+02
2.177929899326580596e+02
2.241625826445033738e+02
2.204636447191947468e+02
2.214240673288696257e+02
2.147327844263308805e+02
2.125778936057224939e+02
2.153215094892169077e+02
2.198152779296872836e+02
2.242226214037939371e+02
2.193178616815126816e+02
2.194202031818877572e+02
2.150309853522796288e+02
2.245231393961747699e+02
2.129878539839499183e+02
2.183529846014691316e+02
2.199907494423779042e+02
2.261373416315799716e+02
2.210273282811033084e+02
2.066138770392846595e+02
2.146585082335363666e+02
2.231419160174733065e+02
2.189592445856612528e+02
2.214351732814024274e+02
2.251607070812111715e+02
2.157837015572081043e+02
2.223412924739589585e+02
2.207699773213214485e+02
2.248394220823780358e+02
2.237678164980383997e+02
2.205456093741574080e+02
2.199598695293744015e+02
2.232788427426094131e+02
2.252505020833876586e+02
2.169933330609309223e+02
2.212677773545060518e+02
2.227880438161377299e+02
2.223338757162752870e+02
2.246875059681722746e+02
2.214487063911793143e+02
2.218517763318617995e+02
2.184974970444804683e+02
2.252090671767163030e+02
2.206468993119038657e+02
2.309504329852680371e+02
2.226394526950608963e+02
2.218854358325270084e+02
2.164851913160427443e+02
2.134437186632231658e+02
2.230488433278629827e+02
2.159949552245338680e+02
2.153282301814782045e+02
2.259951511383528953e+02
2.227855602572823841e+02
2.173714106835085147e+02
2.160511369318214463e+02
2.159759876979069588e+02
2.142154493600181979e+02
2.245830346889939904e+02
2.281642606997527594e+02
2.260583050383484647e+02
2.264884235302216950e+02
2.105696093056839402e+02
2.208796407539400946e+02
2.216967253332670396e+02
2.135113028630171641e+02
2.245831560875899129e+02
2.200268733600462099e+02
2.176878500677461261e+02
2.237754113711132504e+02
2.185607646125901340e+02
2.190937038327064954e+02
2.203959236870492191e+02
2.186066096203558402e+02
2.232704746725892164e+02
2.209987477026898262e+02
2.208432002733670743e+02
2.220891528541274909e+02
2.129181170462665591e+02
2.139043237289238277e+02
2.130272155543997314e+02
2.159576249475274210e+02
2.224140545112212237e+02
2.212059725106356893e+02
2.224287008538840098e+02
2.199402460620941895e+02
2.223543099872171922e+02
2.147597638221159286e+02
2.165039302868477193e+02
2.242306446228223820e+02
2.178725696350795715e+02
2.189932046032563164e+02
2.247599115413430582e+02
2.197208416065892038e+02
2.146415323796437065e+02
2.224150330025556457e+02
2.098634998381757271e+02
2.178673060178117282e+02
2.195550646163033264e+02
2.186355038010521810e+02
2.245742597088783441e+02
2.236468070326705515e+02
2.255226422656290595e+02
2.235917536580205649e+02
2.198949879998774577e+02
2.126612900054623196e+02
2.262129548370326972e+02
2.195598302427791282e+02
2.237267735229811478e+02
2.164821014725139037e+02
2.252458584734173428e+02
2.194523352423594247e+02
2.110219350568601726e+02
2.234822663114142358e+02
2.246774271380538721e+02
2.146042590260744873e+02
2.271337596073543352e+02
2.198599725986953501e+02
2.190262371572335098e+02
2.223819131493747250e+02
2.197496495891768689e+02
2.174190064791276313e+02
2.203235267465016989e+02
2.251209365313990816e+02
