6.206834011368255233e+01
6.699284056326405334e+01
6.733189787584183250e+01
6.380405798104459336e+01
6.222402214352473493e+01
6.344585293443265073e+01
6.238238042757677704e+01
6.535197229577659073e+01
7.206344414952559418e+01
6.873028828419342062e+01
6.984362979874117627e+01
6.640158636414764715e+01
6.063700018824079052e+01
6.619496864599420860e+01
6.812989768951376846e+01
6.505672901199511671e+01
6.660324159610377137e+01
6.173841878276141415e+01
6.595851876727374474e+01
7.021665685020025194e+01
6.432040024729826655e+01
6.114718692383121379e+01
6.410905662474738165e+01
7.051353467196668134e+01
6.935263130787438968e+01
6.275322001513416126e+01
6.291800815699718896e+01
6.254962445487080913e+01
6.219541248084306062e+01
6.968582991863831921e+01
6.484892672826390481e+01
6.918116982907633883e+01
6.848969477469631784e+01
5.656429748906771238e+01
6.332820593389396890e+01
6.206421384005545860e+01
6.431319753083482738e+01
6.948333754815757857e+01
6.860648248601830801e+01
6.449171610393068477e+01
6.576390597325428189e+01
7.107896965602822092e+01
7.243758530420382158e+01
6.427281438670263469e+01
6.824560203985140561e+01
7.019567616821700540e+01
6.816774863144655683e+01
6.172941668006239979e+01
6.918070571627640675e+01
6.566669834175945653e+01
6.564638290425205014e+01
7.129438073934124986e+01
6.519626712237516131e+01
6.694654642345528828e+01
6.679061819743378692e+01
6.351370791129693316e+01
6.235616844854712326e+01
6.172099237093561896e+01
6.557758510654934980e+01
6.696756929871548891e+01
6.465247811922517940e+01
6.592787240827829010e+01
6.399648536639574559e+01
6.617523146602206907e+01
6.990660585149134931e+01
6.920174685563597450e+01
7.216455153547894952e+01
6.580090040171546661e+01
6.773612836235849954e+01
6.708850563214821250e+01
6.084203328356522888e+01
6.448726145339878713e+01
7.056603805368740723e+01
6.125956812233755500e+01
6.322873634355676131e+01
6.610445978212226237e+01
6.537731939725790653e+01
6.192214196556915340e+01
6.550135109906011621e+01
6.484032153541920707e+01
6.061217764997206814e+01
6.435593759769835742e+01
6.470353642902762203e+01
6.654237937183484064e+01
6.473798187339980359e+01
6.635696844682661322e+01
6.457687409772120191e+01
6.171426970189600070e+01
6.488450260166428052e+01
6.878738829997178073e+01
6.759565360656483790e+01
6.661280830678197162e+01
7.133431468120488717e+01
6.276821760735970201e+01
7.144744308927056409e+01
6.576104244133625798e+01
6.529194939831143074e+01
6.118608849820509477e+01
6.645130440218247259e+01
6.536475629051676606e+01
7.033187975668101899e+01
6.576486440221242447e+01
6.956889919425520930e+01
6.415980944352588722e+01
6.487449702010496821e+01
6.523839517267424526e+01
6.868702067106835329e+01
5.950678674973664783e+01
6.410807538304743503e+01
6.522378277345262632e+01
6.752271344553048493e+01
6.676767449739065796e+01
6.589145184232381780e+01
6.606654576733853901e+01
6.361260321722284061e+01
7.001237362105916873e+01
6.012737583153750620e+01
6.815064460638041055e+01
7.288358042086360911e+01
6.661501157582006272e+01
7.224936982980534594e+01
6.931116911016476934e+01
6.816713009700958992e+01
6.538542135707848502e+01
6.166682037362454594e+01
6.392024364918097490e+01
6.073215629023513884e+01
6.737441972707847526e+01
6.474528041856717664e+01
7.090006104426402089e+01
6.637371097741356607e+01
6.612097437069758143e+01
6.518228561153773626e+01
6.551065651473845719e+01
6.354067623589276081e+01
6.774924652920674362e+01
6.494978616171226804e+01
6.876113320935041884e+01
6.452995343500401759e+01
7.238577706276032586e+01
7.392034739462019388e+01
6.865312854072703885e+01
6.306382467937373804e+01
6.568290065674500511e+01
6.912922820815583691e+01
6.770558189987445985e+01
6.964733717460921980e+01
6.175108857453312794e+01
6.677895445874401048e+01
6.716120518633306347e+01
6.413821519004477523e+01
6.879181475713915006e+01
6.226814980952258338e+01
6.471994419880945770e+01
6.143001074118365068e+01
6.945615438588174584e+01
6.795052650781406101e+01
6.360943786989116688e+01
6.409562989107109843e+01
6.291170890939440596e+01
6.070335104398748172e+01
6.320287495889124330e+01
6.861943180621665306e+01
6.772519245178716574e+01
6.795698978445295779e+01
6.776588153259501723e+01
6.205697788902853063e+01
6.340679500757960341e+01
6.274489074588973381e+01
6.662832115582068582e+01
6.639468932262479939e+01
6.267013906412955748e+01
6.563117165669098085e+01
6.653150362131907514e+01
6.564336937199050226e+01
6.791404333516948100e+01
6.821086253873056648e+01
6.678292611998574557e+01
7.030537036887449176e+01
6.452979084226262785e+01
6.801206811601309710e+01
6.829514762245037218e+01
5.933027843322770423e+01
6.203619169136663913e+01
6.913880933895336511e+01
6.439342839598157298e+01
6.029582964974838433e+01
6.869907785460861760e+01
6.417016070975216735e+01
6.241971070223667084e+01
6.603813708969619256e+01
6.673951975869363196e+01
6.799298418982755265e+01
6.818529801291151671e+01
6.713206163112533886e+01
6.537719823372606243e+01
6.728946994908710622e+01
6.580506904051617312e+01
6.520726929951467810e+01
5.717632542717308297e+01
6.355061237848190103e+01
6.232483503766275135e+01
6.810250290315877919e+01
6.526628716983077538e+01
6.562425422031969902e+01
6.256910985715342122e+01
7.068983587309708128e+01
6.594733129609210209e+01
5.905286989681508203e+01
6.483434718142723341e+01
5.886040352354734750e+01
6.792783196221125763e+01
6.716944428436408998e+01
6.430009374944472711e+01
6.389224180426992916e+01
6.890769388280773455e+01
6.147490556648699567e+01
7.203568479148498227e+01
6.392603684622736182e+01
6.312693073337527494e+01
6.936967014191839098e+01
6.813087683569654018e+01
6.860026796438580732e+01
6.507713607930190847e+01
6.622839792379068058e+01
6.463066845444177488e+01
6.613326167822435764e+01
5.952708280045726497e+01
6.837104203649437295e+01
6.082085670053447757e+01
7.151295953998919686e+01
6.613366306128386896e+01
6.210257996198049568e+01
6.717338346092265056e+01
6.659918593902079920e+01
6.611036287427759817e+01
6.538585111478391809e+01
6.271895707086878247e+01
6.854004521204251432e+01
6.232533776020295591e+01
6.212163610759512267e+01
6.666615943438989689e+01
6.868259903936507271e+01
6.916188655975588517e+01
6.968853346182618225e+01
6.887296203101607261e+01
6.502220522041966433e+01
6.706022353967273375e+01
6.877751589474598859e+01
6.725421458593825719e+01
6.852535274450269753e+01
5.741769833791181554e+01
6.529802251614205488e+01
7.099326386661959987e+01
6.044947099139017155e+01
6.741796771596648341e+01
6.857538004702041690e+01
6.685301176388281874e+01
6.938299579034151066e+01
6.427665652112079897e+01
6.617446108400986304e+01
6.559295286221902188e+01
6.257586530027879235e+01
7.358895654757770899e+01
6.529565001976413896e+01
6.887491669164705854e+01
6.722403239193431546e+01
6.588149113646670685e+01
6.204169092793790696e+01
6.332848844773855035e+01
6.837285460353984945e+01
5.968916709394659392e+01
6.423715049897407425e+01
6.710253445729210853e+01
6.052256035726566097e+01
7.079729400893347702e+01
6.345066341300912427e+01
6.325182824040916785e+01
6.887277837197393637e+01
6.762623727068091739e+01
6.011814019502253359e+01
6.348519370163421627e+01
6.882201810594688141e+01
6.592433064987562830e+01
7.198445212201181675e+01
6.608329884266686349e+01
6.227950911401751455e+01
6.406028298881312821e+01
6.360457554340428032e+01
6.373735210417657981e+01
6.364755260539186565e+01
6.502145312732125149e+01
6.250952056095673015e+01
6.576009825992275637e+01
6.358165181554250012e+01
6.427981533981346729e+01
5.942375172349852619e+01
6.503485360269360172e+01
6.511461984212644438e+01
7.018802395883562895e+01
6.447203451357586346e+01
6.439844464359600806e+01
6.975688031400068212e+01
7.189040733598858424e+01
7.210900928490332262e+01
6.341251258060185592e+01
5.893433372527817937e+01
5.966451913425987641e+01
6.663687796244505535e+01
6.677868936430115809e+01
6.476172732076963712e+01
6.406509430791527393e+01
6.487155400519770865e+01
6.501742095956842604e+01
6.199443404805947466e+01
5.725934842366598332e+01
6.274374433331968248e+01
6.572266679982556070e+01
6.880244863776124475e+01
6.879598947015097110e+01
6.086857751187596932e+01
6.572259258651695291e+01
6.915363380423252693e+01
6.046265256651543041e+01
6.797275365971324845e+01
6.115509047706382262e+01
5.930869050952946964e+01
6.456566937181150934e+01
6.514699173574001634e+01
6.941294331759854686e+01
6.846938735889432337e+01
6.604227022723353002e+01
6.594754904198987333e+01
6.486086013315753007e+01
6.105310182241476014e+01
6.163303922880174923e+01
6.152235761791121149e+01
6.269625163442128724e+01
6.434754437514743586e+01
6.317075855773509829e+01
6.995616003609370637e+01
7.045482522312886431e+01
6.188375309994353302e+01
7.025505608497996946e+01
6.337447957489985129e+01
6.587977738023903385e+01
6.011178167470802691e+01
6.750188147166238650e+01
5.574121458721981526e+01
6.764224758818465943e+01
6.453379411502749008e+01
6.303260116284559444e+01
6.961854458791981415e+01
6.431735712089005119e+01
8.959549440306636825e+01
7.254006211777527824e+01
6.405668646626634199e+01
6.380611557398253808e+01
7.132664587748308804e+01
6.587493113041341530e+01
6.782835051944027782e+01
6.576601722047928433e+01
6.381255728451787945e+01
7.118175560854024297e+01
6.048987712343841849e+01
6.813216563826915717e+01
7.082472897505272158e+01
6.888374270808526489e+01
6.582957371096870247e+01
6.835808898650645915e+01
6.391827617250521598e+01
6.562363970096134835e+01
6.844589205408760790e+01
6.684503129282018108e+01
6.847808599189124834e+01
6.635602020635576537e+01
6.885355013025400694e+01
7.209680270166700211e+01
6.732496073929530667e+01
6.893505503224764652e+01
6.284822117191549751e+01
6.741577160918939171e+01
7.027944794493782865e+01
6.874022942837621031e+01
6.747533844861902708e+01
6.370068775668289618e+01
6.407507612139340836e+01
6.678036476832085100e+01
6.237957010813033776e+01
6.156161514803852697e+01
6.708480612254618336e+01
6.642082504451639124e+01
6.387845364840029561e+01
6.975625254502870121e+01
6.018076364836826997e+01
7.103823845211036314e+01
6.475822862854340656e+01
7.035970187416296540e+01
6.929198036622801737e+01
6.798287803739026458e+01
6.226201800629564787e+01
6.534996740903307000e+01
6.691523491065959206e+01
6.585890181961860890e+01
6.285219145353812564e+01
6.892528925597378020e+01
6.708343267015868605e+01
6.377485121773304400e+01
6.447100390083289767e+01
6.483510066859651033e+01
6.475614143679047174e+01
6.713006870502158563e+01
7.008731680569940181e+01
6.649432444883552762e+01
6.425845065456212524e+01
6.484876896066793961e+01
6.248738498673856157e+01
6.817736738629639603e+01
6.305236562335358030e+01
6.921332239547928111e+01
6.472779141260605229e+01
6.397932501144896378e+01
6.603551029910533998e+01
6.813813104205792115e+01
6.444080857030110110e+01
6.783479681521509974e+01
7.373453507459726097e+01
6.398598884204420756e+01
6.955198691957048140e+01
6.538486948431761903e+01
6.562504860877334067e+01
6.720032572385036929e+01
6.158297703040500437e+01
6.563316806657394409e+01
6.577490974234262922e+01
6.626841244882007231e+01
6.616855086154509991e+01
6.470607405399380241e+01
6.511064208137474907e+01
7.134049946450454627e+01
6.464595848905855746e+01
6.583391509067655534e+01
6.979653120519947151e+01
7.192564202220364677e+01
6.070506275973957599e+01
6.735329188889170382e+01
6.418308748916012973e+01
6.737132547251098913e+01
6.757476877550573136e+01
7.012638107338716509e+01
6.630022977436590281e+01
5.875856659699752527e+01
6.019620147071805150e+01
6.308274703788072202e+01
6.619619012576367822e+01
6.230914190028806843e+01
6.991177512952731377e+01
6.664343049463911939e+01
6.577890303842946196e+01
6.949210934230632120e+01
6.395974841978500081e+01
6.560848093495826561e+01
6.249190210884205499e+01
6.561091161645674674e+01
7.026269256638511251e+01
6.403602640844792404e+01
6.353920258255300269e+01
6.491079264238067026e+01
6.621870110650343122e+01
6.703946610715502175e+01
7.103050425514243216e+01
6.157334373257560856e+01
6.387227617586495398e+01
6.420250070964573297e+01
6.642714085469560814e+01
6.178861976439452519e+01
6.941918533716352613e+01
6.711004253727628566e+01
6.515727423917792294e+01
6.547698178075177111e+01
5.885498244423729375e+01
6.067666701639166149e+01
6.472061792802969649e+01
5.804304380714904710e+01
6.015533356699086198e+01
6.402415719422231177e+01
6.518129893100626759e+01
6.764335214371010352e+01
6.653923396291008885e+01
6.253127385454149589e+01
6.530804653326538300e+01
6.578120851588050755e+01
6.700506658535107363e+01
6.873419388573461219e+01
6.289734261667103965e+01
6.547998533980455704e+01
6.627674373958620890e+01
6.096103818249707729e+01
6.268611489950899340e+01
6.676811033270587359e+01
6.634798791755804359e+01
6.587521656968294792e+01
6.405096405467509157e+01
6.403802523044316786e+01
7.383895504060001258e+01
6.370274745118456394e+01
6.935098919494589609e+01
6.733454674491122205e+01
6.612944046261247877e+01
6.504598693954426381e+01
6.827302832390057574e+01
6.164878170480812969e+01
6.390947036939473946e+01
6.152487512801371849e+01
6.447775957323790408e+01
6.059342687220066637e+01
6.926125177917413112e+01
6.454677426919408845e+01
5.873650961495377487e+01
6.856991569238027751e+01
6.540967167394956050e+01
6.421949970755838422e+01
6.004783029367797553e+01
9.908680976626146730e+01
6.546939190709315426e+01
6.568305594854916762e+01
6.591459660145801536e+01
6.614944327553814674e+01
6.432949847369093277e+01
6.852460557655103912e+01
6.618917153642439644e+01
6.306464904557969930e+01
6.580673101664751812e+01
6.156056693810842262e+01
7.014060170008588102e+01
8.309804218272506660e+01
6.245819505667543581e+01
6.832808761197907188e+01
6.520473089595077454e+01
6.675665511541365049e+01
5.916952494135830420e+01
6.755449968295909002e+01
6.441995749783484371e+01
6.635041757682631669e+01
6.323575448865790349e+01
6.621523813795170099e+01
6.686653394553388807e+01
6.436398632382690721e+01
6.108498062542798834e+01
6.689642769923352716e+01
6.316751323716255229e+01
6.557580279441981475e+01
6.852585525102995234e+01
6.312800476414599871e+01
7.216006510651618555e+01
6.706654825616658400e+01
6.505076425849790667e+01
6.790312977753819723e+01
7.078059386091149463e+01
6.857053549266038317e+01
7.137009589273907295e+01
6.978392789851909583e+01
6.416606290175229788e+01
6.602366451807392878e+01
6.720708309048586671e+01
6.532143207733054169e+01
6.003632592140832003e+01
6.089416618801601544e+01
6.167803670291255003e+01
6.709235469312136502e+01
6.713156880465794529e+01
6.988610437141505827e+01
6.517515344873993399e+01
6.338006490796999515e+01
6.308042143817908709e+01
6.590329831830820240e+01
6.355654155922559312e+01
7.016202754607456882e+01
6.041513128604628946e+01
6.438454097940064003e+01
6.355357565064036862e+01
6.724701574264167903e+01
6.421993161560112640e+01
6.344417672418990151e+01
6.639941511902486582e+01
6.327218117262566466e+01
6.341577096734670249e+01
6.600335342874836897e+01
6.577795342930528477e+01
7.075879759656845636e+01
6.725589986442662394e+01
6.442679951840045760e+01
6.801033379946329660e+01
6.369650275388926275e+01
6.344587206448863981e+01
5.973281787481676020e+01
6.534494216366715591e+01
6.613839402952817181e+01
6.873375996477352601e+01
6.522883716680314592e+01
7.026838515306940280e+01
7.204002010127214817e+01
6.341612949226862384e+01
6.313352752308037452e+01
6.508926289417399857e+01
6.755529721294669798e+01
6.388557953050860760e+01
6.974820481195479260e+01
6.067157152561765088e+01
6.635535807171720535e+01
6.915144649576825486e+01
6.714935809464066097e+01
6.831445105741124735e+01
6.967287070608404065e+01
6.872250307539468395e+01
6.756402174122149518e+01
6.944564382766247945e+01
6.578268048898792131e+01
6.083282682614481018e+01
6.501780167273102506e+01
6.143932696524018411e+01
6.783111610991079488e+01
6.707309256046926293e+01
6.637594215038200218e+01
6.291318365955191894e+01
6.936916973251265972e+01
6.349347730783904353e+01
6.848069733087174882e+01
6.461991004177366449e+01
6.782812687675573216e+01
6.780532105065015003e+01
6.745675285447043734e+01
7.185229994740166148e+01
6.254775233770010345e+01
6.866026607935225456e+01
6.389585310972233856e+01
6.608163310946235924e+01
6.352779797514313032e+01
6.890359826445774161e+01
6.839831236356087629e+01
6.398534717778750291e+01
7.207934988206579874e+01
6.410729488510401097e+01
6.444178450932133728e+01
5.931599743741401198e+01
7.014985488332195018e+01
6.632128723306959728e+01
6.613262785113681730e+01
6.455137220837332279e+01
6.538413991968855044e+01
6.959509584642523805e+01
6.403897518580595261e+01
6.658200908917365268e+01
6.418634923047477514e+01
6.944228760461214733e+01
6.580628391040386305e+01
6.851596702704966901e+01
6.507681643216801604e+01
6.150615809987755256e+01
6.789184388798946657e+01
6.839811879570072506e+01
6.608558808898476400e+01
6.270994430630787519e+01
6.560239541493990600e+01
6.385269902642892248e+01
6.844929771090755821e+01
6.541566442492830902e+01
6.738289747854264533e+01
6.747944409456397352e+01
7.017863268860605785e+01
6.302084272198101189e+01
6.693023433294092683e+01
5.808054936114956490e+01
6.765679026754321512e+01
6.843298404688709979e+01
6.165037804081487138e+01
6.761110284129381398e+01
6.280700723991458290e+01
6.771406994025005588e+01
6.621380406369007687e+01
5.692015392893267745e+01
6.449565860319842159e+01
6.540174062858295656e+01
6.305038729230705030e+01
6.709992086020201896e+01
6.133576391248948312e+01
6.310931449956854067e+01
6.683053669914295369e+01
6.382486701617960989e+01
6.708716233170321175e+01
6.493757968170325512e+01
6.335886055403818773e+01
6.319664665634911671e+01
6.445947808438506854e+01
6.335845932586335039e+01
6.762043461921780363e+01
6.677927853958601645e+01
6.520178477037029552e+01
6.009247933494600602e+01
6.585720420580139489e+01
6.435641561254897169e+01
6.766009367205742819e+01
6.876951305010788928e+01
6.707563828730576461e+01
6.208222173499621022e+01
6.973701153239358064e+01
6.559399322171248059e+01
6.512935988637877927e+01
6.576631232348620415e+01
6.186098169646413680e+01
6.479181334926397540e+01
6.380121274079078830e+01
6.535366117450291767e+01
5.751126196404459279e+01
6.279335727456214045e+01
6.694298371395541380e+01
6.445773760523491092e+01
7.317453734428227108e+01
5.985660337844785772e+01
6.453247604454963948e+01
6.258816110907287111e+01
6.033185002295306276e+01
6.165645191713053919e+01
6.631006986207262344e+01
6.306420621391271197e+01
7.108992398676082303e+01
6.245842974216839139e+01
6.858727927516463296e+01
6.384248551198106725e+01
7.442014542935839927e+01
6.566727750718087009e+01
7.070171422642192738e+01
6.749905000748026396e+01
6.559068396103737086e+01
6.969334080627504591e+01
6.569300202541592171e+01
6.488183512298678579e+01
7.246850889080951674e+01
6.402819018355467051e+01
6.283853222592733800e+01
6.108950573989159238e+01
6.423978797136146568e+01
7.159461411483562188e+01
6.394432409294290665e+01
6.527015388727045320e+01
6.042094553093306786e+01
5.837307460447209451e+01
6.490940480313850003e+01
6.343971876931288989e+01
6.477081514973804133e+01
5.999618094031495730e+01
6.815979484841159319e+01
6.477094893748278537e+01
6.416650190810651111e+01
6.571746057177199418e+01
6.766587950571852161e+01
6.928224482889368119e+01
6.168527376407303109e+01
6.337401036729693260e+01
6.677015287082429040e+01
6.760964712370287089e+01
6.121718560457532021e+01
7.046729585960156328e+01
6.995118043237562233e+01
6.733088810412141356e+01
6.405505646296501254e+01
6.790368457483600650e+01
6.668243541416120479e+01
7.067718917441038684e+01
6.632360737738622447e+01
6.189694998407719595e+01
6.478458074733975991e+01
6.568148781344189047e+01
6.352844755751721095e+01
6.700551483986032508e+01
6.086070838989667209e+01
6.562749803569886353e+01
6.774115010329683173e+01
6.275048269312844695e+01
6.390081013768394769e+01
6.315296315438752117e+01
7.057825121226073861e+01
6.565893884578713369e+01
6.694297622379133372e+01
6.731357084966623461e+01
6.329353111179409552e+01
6.350578423888407542e+01
6.448097685197603823e+01
6.500106437055740116e+01
6.123067939574173124e+01
6.531045394482714528e+01
6.427534902098102521e+01
5.523553429132994097e+01
6.449617203279456135e+01
6.291123454528485581e+01
6.568245156012915231e+01
6.556480714138513122e+01
6.837123411523600680e+01
6.447074373704617756e+01
6.936502400230119747e+01
6.932018992518283085e+01
6.557346943249103788e+01
6.305468379471403750e+01
6.476211394307097180e+01
6.829817753773295408e+01
6.762326636644729660e+01
6.395615024952792282e+01
6.704932399426979828e+01
6.366268581633846679e+01
6.624014230659190616e+01
6.233095601383786288e+01
6.691699530151163344e+01
6.161360125081387196e+01
6.060179864938345418e+01
6.755037951800261453e+01
6.016492363400175236e+01
6.586784994185256892e+01
7.182160339177221431e+01
6.362509934386287114e+01
6.351272786384413394e+01
7.333221612465467842e+01
6.863822494064675084e+01
6.216648088476028988e+01
6.020221042615901297e+01
6.029854984670737394e+01
6.630418402396446709e+01
6.665409254538337791e+01
6.785793194598056743e+01
6.525445038455268332e+01
6.314830838133775615e+01
6.777481715990245448e+01
5.594927398961601739e+01
6.326390717566459898e+01
6.348102497315846904e+01
6.752659138583248932e+01
6.834812870715563804e+01
6.739448351885255306e+01
6.555738063380044878e+01
6.910630317961590663e+01
6.698556959414645462e+01
6.553045964580769578e+01
6.974053930361492348e+01
6.488989962380162524e+01
7.274486255452848127e+01
6.789800894806194265e+01
6.809966868221408731e+01
6.171456596192285815e+01
6.656137656635553412e+01
6.612894503038933181e+01
6.891975833673870966e+01
6.831865900037905703e+01
6.608640441804868715e+01
6.743151502833052291e+01
6.348411128566419848e+01
6.886621440402416283e+01
6.416874672146354897e+01
6.454757712260982316e+01
6.043672913087425513e+01
6.692727636715369499e+01
6.126036205040122695e+01
6.572330626830603251e+01
6.442570667186771516e+01
6.244417515333270785e+01
6.609589910784040967e+01
6.661570609827026601e+01
6.378835021668862737e+01
6.587448703217603452e+01
6.862054038894939367e+01
6.555250962881984833e+01
7.574682029554287510e+01
6.834663335444713539e+01
6.132794559216688413e+01
6.566280352687897448e+01
6.663702977420030038e+01
6.666968224280640243e+01
6.926011102225584182e+01
6.690074341211857245e+01
5.827346402280045368e+01
6.251937855589324045e+01
6.508063724680653195e+01
6.668001746300581090e+01
6.934821803712293331e+01
6.003055199780158091e+01
6.437861973999918064e+01
6.567648894536694115e+01
6.328941588503744242e+01
7.087899330917662155e+01
6.505502609901236610e+01
6.740174093225641627e+01
7.038731730598192371e+01
6.691533220771987089e+01
6.262329714243333001e+01
6.702645722766442304e+01
6.593602293762558020e+01
6.412150036661864760e+01
6.887601669491573375e+01
6.423920616853831689e+01
6.945105166639677918e+01
6.363772696223281855e+01
6.976640342661107752e+01
6.297745320515139156e+01
6.970750556414577659e+01
6.129266112720802084e+01
6.681137874078081040e+01
6.902990953011203601e+01
6.307864885115668585e+01
6.570893198629880771e+01
6.951271883973026888e+01
6.115784636165699339e+01
6.404800433508944479e+01
7.257234773341110667e+01
6.261461305298735169e+01
6.803496936092562919e+01
6.529961844056811060e+01
6.556051859807098481e+01
6.663479033404337315e+01
6.696311096297608856e+01
6.162195368321670230e+01
7.083304719088437196e+01
6.590190123164938996e+01
6.788682040533501549e+01
6.588205286070262900e+01
6.923708100742646820e+01
6.422598723028318091e+01
5.739014276876423537e+01
6.813976406806682462e+01
7.009193227815080718e+01
6.934894604523356065e+01
6.736969299703491743e+01
6.513865701642362183e+01
6.529322312220449476e+01
6.928243180820140878e+01
6.539910893757337362e+01
6.464227066330556681e+01
6.956218699461737742e+01
6.259180975894844323e+01
6.716828135658965948e+01
6.633242471592529910e+01
6.138150700201140353e+01
6.747355942403419249e+01
6.583605891467618676e+01
6.686302282905660377e+01
6.277771924566252437e+01
6.961781760606913849e+01
6.551327077627752260e+01
6.841464535638908728e+01
6.686390562199289889e+01
6.796522750583255856e+01
7.319871523681013059e+01
6.776583741496824587e+01
6.871853024173083213e+01
6.099826779790760156e+01
6.926520032361565882e+01
6.963886011352724381e+01
6.370769309709612571e+01
6.900035387753143823e+01
6.699092048585407611e+01
6.213395919817367030e+01
6.990437285525990774e+01
6.289888430315306778e+01
6.788351286749161773e+01
6.944304449634682896e+01
6.157101597098437651e+01
6.786122825210827614e+01
7.081769813564142169e+01
6.464687577527706708e+01
6.479352912009107968e+01
5.997623464439186591e+01
6.576853661673158058e+01
6.339198343364614630e+01
7.274934913785682511e+01
6.332594127006359486e+01
6.912615137446141489e+01
6.599656473210859531e+01
6.074626198101327645e+01
6.435225650483596382e+01
6.956759920516799411e+01
6.628471307235724908e+01
6.362937902469809615e+01
7.164977338890275860e+01
6.677189449917773345e+01
6.185550805278421649e+01
6.616112950226875000e+01
6.561399285786319524e+01
6.677573970723028651e+01
6.829422317884666427e+01
6.930273387339957480e+01
6.868536354598370508e+01
6.825927947103366478e+01
6.319677339683164519e+01
7.251139622133837292e+01
6.259660387229371281e+01
6.424915305667252596e+01
6.524177365254524830e+01
6.568203454509512085e+01
6.116223332429262882e+01
6.728187399810030911e+01
6.112971633082065637e+01
6.909125868125488523e+01
6.349530344954825978e+01
6.363382399308602544e+01
6.670641438410348201e+01
6.980807003311315384e+01
6.491101430412129503e+01
6.489607202433421662e+01
6.685480518878193834e+01
6.756358223795427875e+01
6.612215378174551006e+01
6.464596445187260088e+01
6.739567668363508801e+01
6.420386502479584578e+01
6.424435590884127123e+01
6.552465003530005561e+01
6.300159565138096696e+01
6.401040188067622694e+01
6.150639317552531793e+01
6.783242044221299238e+01
6.568213872896103567e+01
6.782617622079339981e+01
7.180384763476081389e+01
6.390612515077850730e+01
7.014246510530415435e+01
6.746922396984484749e+01
6.495241304219746326e+01
6.572581398509714745e+01
6.581825037794578748e+01
6.315098196665633168e+01
7.025679285697037812e+01
6.451730311819835606e+01
6.633314487526945413e+01
6.611569313528980274e+01
6.851563221861863440e+01
7.008873799607044930e+01
6.967861475853032971e+01
6.881088467443669288e+01
6.396727901503084013e+01
6.522936381423960484e+01
6.701379816519386168e+01
6.627170940463156512e+01
6.284673906999773862e+01
6.779129170062640242e+01
6.733397127578041363e+01
6.040803150913063746e+01
6.668913733696297186e+01
6.612571628293801496e+01
6.358813246933709706e+01
6.009553731562652956e+01
6.385773151671219239e+01
6.765866945458742521e+01
6.333203353412011438e+01
6.419892263001327137e+01
6.607487253899262214e+01
6.418706224218749412e+01
6.811148686963474574e+01
7.471026222649015835e+01
6.334763063249909010e+01
6.891673144332071388e+01
6.775704449747013314e+01
6.580351686530548250e+01
6.378348879765701440e+01
6.733157189447467772e+01
6.322435407759599002e+01
6.871192251856609801e+01
7.134050550368783661e+01
6.702408018501603237e+01
6.387035531728008664e+01
6.883580561273765852e+01
6.531807936846655593e+01
6.806863698656854922e+01
6.639883143955535161e+01
7.038226340383153001e+01
5.874861581915422448e+01
6.965912818260107997e+01
6.396620509877902805e+01
6.364335959864808956e+01
6.729157404931822839e+01
5.803596353572629596e+01
6.536262322206027875e+01
6.914370712461618496e+01
6.816191658056141023e+01
6.909061660782128911e+01
6.950734626604821642e+01
6.338922685736690710e+01
6.382347529667595154e+01
6.847911050048901416e+01
6.176302664111869944e+01
6.835751991778670345e+01
6.738039184556180317e+01
5.825585334162883555e+01
5.993684170537801492e+01
5.761623630242945637e+01
5.879250485798047521e+01
6.379693688369445681e+01
6.828346489362354532e+01
5.835704089788464444e+01
6.598710467566513671e+01
7.230783065817308852e+01
6.177514355978837557e+01
6.269954155721279676e+01
6.306100923138092185e+01
6.234851337378563585e+01
6.415752131175577233e+01
7.110002895794150390e+01
6.132224195759363283e+01
6.819696772707607124e+01
6.524618682117602475e+01
6.392576729388918011e+01
6.053233530995873934e+01
6.521459355490878806e+01
6.232049613355536621e+01
6.117384523301802801e+01
6.660229161324127745e+01
6.797272405815908769e+01
6.097616223020611415e+01
7.030549818539338958e+01
6.754291189614207269e+01
6.257636038305713555e+01
6.554167730644394396e+01
6.436262872808413249e+01
6.533806740282045666e+01
5.921263478120113177e+01
6.923062877803431547e+01
7.084444679013495261e+01
6.664544020119217294e+01
6.859693221073780478e+01
5.915710300257319432e+01
6.037275633436490807e+01
6.700890791024710325e+01
6.921060830517581053e+01
6.787965131364967419e+01
6.309253905527214101e+01
6.759468655328032582e+01
6.060649460334605010e+01
6.128505966933948912e+01
7.181860087338873200e+01
6.691962076479671850e+01
6.365647337259269989e+01
6.589182653988802940e+01
6.414013709830112475e+01
6.166069546127312151e+01
6.317768800208227731e+01
6.253494617766511965e+01
6.244932513842331900e+01
6.417803160255721195e+01
6.640636518123255883e+01
6.874067581138206151e+01
6.631756403664940080e+01
6.476199122855211954e+01
6.133733061350858407e+01
6.470133252093773990e+01
6.552624110006127012e+01
6.765779521774618388e+01
6.289377831220372173e+01
6.667810903552924628e+01
6.548057669857951169e+01
6.782937018544839702e+01
6.659556263731326453e+01
6.611313091127067310e+01
6.150730974183511535e+01
6.500569640814842387e+01
6.158177874622151649e+01
6.222906046245680045e+01
6.343697578966327910e+01
7.177344228785455016e+01
6.649504386113210330e+01
6.494225322471197615e+01
5.965762674862912718e+01
6.330097507725849937e+01
7.173698186340834582e+01
6.358627157291289222e+01
6.492406450833607323e+01
6.229971994972527227e+01
6.549969157518091833e+01
6.872179923827559378e+01
6.756676615702861000e+01
6.616258518236725195e+01
6.602386847121601932e+01
6.637069318655278494e+01
5.868110918454692637e+01
6.425394212924504700e+01
6.803396526350354634e+01
6.497902346723958544e+01
6.714864038998950946e+01
6.655620599725261854e+01
6.458958744487097192e+01
7.247363767182287120e+01
6.203123036548151958e+01
6.491487285989910561e+01
6.505671421233250840e+01
6.102992664826126656e+01
6.475011671780953293e+01
6.176892420492788460e+01
6.729001384476862313e+01
6.971745706638398588e+01
7.014600944143535344e+01
6.542370914242144408e+01
6.925341531658557415e+01
6.455298237170779885e+01
6.340808570036767833e+01
7.102014564317437362e+01
6.445169754510220628e+01
6.661436042443301631e+01
6.147448595004448180e+01
6.697043571965366482e+01
6.630172809481916829e+01
6.999248289802289946e+01
6.918491926943738690e+01
6.945694942612999512e+01
6.697145081067719730e+01
6.700708310272295876e+01
6.765193658393673104e+01
6.108528827707380060e+01
6.281346267047695164e+01
6.102683672580542407e+01
6.474442979154332534e+01
6.672381302652888735e+01
7.118211257952407323e+01
6.008668346793683668e+01
6.559874444692479756e+01
6.826239451742878828e+01
6.599595895822903913e+01
7.143681310214151381e+01
7.396657784780722977e+01
6.690109157950848839e+01
6.515918939568234691e+01
6.771351213375987754e+01
6.450728147502684351e+01
6.188677708012983203e+01
6.546980326603227240e+01
6.589305000011643187e+01
7.314697166102132542e+01
6.667369515983352812e+01
5.895114131048694617e+01
6.736393040101643237e+01
6.444528159788376342e+01
7.356670512432060605e+01
5.976386067013470438e+01
7.102083825886393242e+01
7.068799245132572651e+01
7.053274084513554953e+01
6.188219667966927773e+01
6.762496828222265322e+01
7.088555888311134368e+01
7.058368148336739978e+01
6.543987143786955585e+01
6.865832883501195738e+01
6.580015788613479799e+01
6.482513670064861344e+01
6.699666845096135148e+01
7.043438275167795837e+01
6.911435783873434957e+01
6.690290586421076569e+01
6.746024181027723898e+01
6.802518494031971841e+01
5.848611171779282358e+01
6.224190291414709009e+01
6.991014780706427700e+01
6.838322283438219529e+01
6.523352530610429767e+01
7.027340688746676278e+01
6.439757891039994320e+01
6.724471137535510934e+01
6.827939871816272444e+01
5.232592242880571121e+01
6.685613476451499082e+01
6.449866848586793822e+01
7.031443107852192043e+01
6.276810165226527261e+01
6.535131689500951779e+01
6.267910528487232114e+01
6.797637143564850248e+01
6.195597726789685566e+01
6.496260458923597980e+01
7.063703904964245339e+01
6.435134847592087226e+01
6.860474037801384384e+01
7.092551763542837762e+01
6.668241601888189507e+01
6.684699984035444231e+01
6.654741509652740206e+01
6.559571207329759090e+01
6.637266253098960078e+01
6.737653864876324405e+01
6.305189606940552949e+01
6.444492383977456029e+01
6.574381576432733709e+01
6.932104334953942271e+01
6.721195205756703217e+01
6.730387923992054766e+01
6.326156287347396301e+01
6.136812759631618519e+01
6.560113721210245785e+01
6.790447746609902424e+01
7.509677256706117987e+01
6.378840391427536360e+01
6.486817202948054728e+01
6.693797187209827371e+01
6.718035810980052247e+01
6.215022930481347885e+01
6.582882255994616116e+01
6.937143624369537065e+01
6.178715617185116571e+01
6.461602005413578809e+01
6.793478273666096356e+01
6.398927920498135791e+01
6.895277967499873739e+01
6.939198803641090763e+01
6.627487538396326272e+01
1.828547950962156392e+02
6.061601769189201150e+01
6.573108272365300309e+01
7.252642094832276598e+01
6.978250091437894298e+01
6.295600033953746788e+01
6.827137795599321635e+01
6.376058975464525247e+01
6.351665086306729791e+01
6.645154149607822092e+01
6.049567011393151006e+01
6.509382754176294839e+01
6.747490361412008042e+01
7.026903420768667274e+01
6.019305140657570519e+01
7.197952817572127060e+01
6.472101924498088010e+01
6.483578314428416434e+01
6.795180288767301136e+01
7.050429945696146206e+01
6.541696954011786147e+01
6.727909886828820163e+01
6.642703881757654472e+01
6.364401649923615878e+01
6.498408542894730999e+01
6.339611468548662288e+01
6.979413142751241139e+01
6.522055515611498322e+01
6.947727902784708931e+01
6.867565494298912654e+01
6.854940910031393742e+01
6.237676309511232375e+01
6.419803816427759102e+01
6.692426497317001122e+01
6.834322355390258963e+01
6.333415860139552933e+01
6.958317917891690740e+01
6.801250106432132725e+01
6.818180741240610132e+01
6.536340635820340594e+01
7.107072935375003908e+01
6.384807302882131808e+01
7.097543501027735147e+01
6.172932135412975185e+01
6.758247263806367755e+01
6.789270031346529777e+01
7.151457795693386288e+01
6.901097337970486478e+01
6.462587526891877587e+01
6.653557635466222564e+01
6.874196542516801856e+01
6.580084052216784585e+01
6.957121450519684913e+01
6.860304476393662299e+01
6.455550755145884523e+01
6.539264880689734127e+01
6.886719561208747109e+01
6.281672279491124300e+01
5.887928394195898818e+01
6.449447842394317831e+01
6.476228708139171886e+01
6.793570236064078927e+01
6.787576794957305992e+01
6.540713986110006317e+01
6.644681918315870917e+01
6.956495931364815988e+01
6.702832195473433785e+01
6.731215738779394542e+01
6.840539533458581900e+01
6.776111330271885436e+01
7.192635132228747352e+01
6.279489321316532369e+01
6.737429612094445019e+01
6.030387901034987408e+01
6.430783494878380679e+01
6.981224499320978794e+01
7.195039974442056518e+01
6.524557958629952736e+01
6.950194017623311993e+01
6.806312914188720242e+01
6.783938583454778382e+01
6.176807220992031944e+01
6.668824207385046066e+01
6.793200046745346299e+01
6.326642122169039339e+01
6.413297610648237423e+01
6.611900575479251074e+01
6.768971358362387036e+01
6.950202749546610903e+01
6.496404506496139675e+01
6.638046769799598223e+01
6.344568279368991170e+01
6.239441767414871265e+01
6.361833298978365292e+01
7.011296194939450288e+01
6.717245151963436456e+01
6.806052403831927222e+01
6.401340665948646347e+01
6.679669237190671538e+01
6.416458085683200352e+01
6.508567169419427501e+01
6.024922990586412652e+01
6.748699993321463353e+01
6.882758374791990263e+01
7.164201667733232171e+01
6.112969565451203380e+01
6.422627794879463181e+01
6.742764726229859207e+01
6.655933070658340966e+01
6.792494606474076591e+01
6.313443622392640009e+01
5.880201504055844453e+01
6.631720447434247490e+01
6.820268190940487329e+01
6.982487709693327815e+01
6.809130804841356621e+01
6.691558490201009590e+01
6.595990305673274179e+01
7.126843272304358834e+01
6.294967525051254142e+01
6.510156743088771236e+01
5.931883793663416782e+01
6.270337490524195800e+01
7.304370513317962832e+01
6.564937500052383257e+01
6.101407662130168319e+01
6.909159008127517154e+01
6.897358020109902554e+01
6.717927354000175910e+01
6.386615636629028359e+01
6.507555916845194588e+01
6.476766997874233311e+01
6.666797859527696346e+01
6.184859534987640473e+01
5.983527429865193881e+01
6.299667479643801471e+01
6.859653087937078908e+01
7.215334822120826175e+01
6.789836957640466153e+01
6.725272539850732301e+01
6.221185085007687121e+01
6.409729069518300548e+01
6.877707061188209536e+01
6.628712800587811671e+01
6.740777446221659375e+01
6.443385636168909514e+01
6.237953756963929663e+01
6.736509374063246014e+01
6.599011754764217130e+01
6.413073746228394612e+01
6.539354950484141682e+01
6.585248505021195342e+01
6.900764787090770369e+01
6.240757558204234101e+01
5.512152196544400340e+01
7.087485232130416080e+01
7.065262460925350751e+01
7.170232745895145854e+01
6.620570603067494631e+01
5.871701093842864339e+01
6.915436135292384279e+01
6.319157914136246745e+01
6.518869632764403832e+01
7.225535069421744083e+01
5.652262727866832392e+01
5.560100810140590966e+01
6.378897133447856049e+01
6.827936643239081604e+01
6.352299578709596517e+01
6.546625183837193163e+01
6.710845662531266953e+01
7.167242012057658940e+01
6.286143425608622692e+01
6.323912893118017564e+01
7.141186196380840556e+01
6.600050377848424432e+01
6.296978148883943049e+01
6.843830686723197232e+01
6.619442846855235985e+01
6.423825584148983125e+01
6.767020090958249057e+01
6.681202766125068138e+01
6.351119914931234689e+01
6.855399757812460848e+01
6.784833026512012566e+01
6.697306975336346113e+01
6.528606891651497790e+01
6.874637040977142988e+01
6.396303631052887795e+01
5.558820156857927941e+01
6.561889905264558820e+01
5.965104765933290309e+01
6.589441798636016756e+01
6.610685113017905223e+01
6.622139406263602268e+01
6.847323939770524248e+01
6.251145980273372516e+01
6.217072676622956351e+01
6.485216900177749721e+01
6.967999179179832936e+01
6.536085597196461094e+01
6.488376345912706711e+01
6.364497869911588168e+01
6.202693424219739882e+01
6.115648845101338793e+01
6.813656351862016436e+01
6.674731393193064832e+01
6.983558856533500148e+01
6.681754643758256407e+01
6.818174708961055330e+01
6.169523502688105054e+01
6.462790744619724137e+01
6.453774435180582714e+01
6.338617378084188658e+01
6.427483618600615500e+01
6.597392087059154164e+01
6.692511423567043494e+01
6.461638704035613046e+01
6.455558896479169562e+01
6.624800580499868374e+01
7.118349523994447736e+01
7.204870155320804770e+01
6.591749699849015087e+01
6.981049660208054775e+01
6.602752189320005982e+01
6.727904176389233726e+01
6.287814798605143096e+01
6.490294431309439460e+01
6.128555239986644665e+01
6.935078042253121566e+01
6.383654277884932071e+01
6.876567689456555854e+01
6.737036507024743059e+01
6.414855619438776557e+01
6.870175021396369175e+01
6.415298065315073472e+01
6.541211608638877806e+01
7.136236973284553642e+01
6.519168369782573791e+01
6.091300077400592272e+01
6.548470920346278490e+01
6.190749312816421934e+01
6.536127965787852645e+01
6.595723464077650533e+01
6.676259719235235934e+01
6.141217004999953133e+01
6.814700920943084839e+01
6.460308151366791662e+01
6.400298484020629530e+01
6.262999119502001122e+01
6.617412344741660490e+01
6.482134471415668031e+01
6.952421184446916413e+01
6.656725914703122271e+01
6.506982054054617493e+01
6.539348604759641148e+01
6.584692304017255537e+01
6.630651966059701863e+01
6.616516722645053505e+01
7.209405896690600457e+01
6.513821388415385627e+01
6.444487018634595188e+01
6.068915986967624576e+01
6.705458917663031571e+01
6.971123927259282027e+01
6.812531473327885578e+01
6.308548127470601230e+01
6.021532203460822075e+01
6.309380101725105305e+01
7.418384451671749957e+01
7.247371596338348354e+01
6.880892266320699946e+01
6.360615059129281690e+01
7.008834934057654209e+01
6.271730249466918394e+01
6.458750743690404761e+01
6.392298066808950807e+01
6.937178661295274651e+01
6.280768832383591871e+01
7.145092242800774329e+01
6.077128038961666334e+01
6.792716347268890331e+01
6.945136505714845043e+01
6.261073766285812781e+01
7.065066505850268186e+01
6.345790688886552289e+01
6.492591601018261827e+01
6.322623006932906264e+01
7.010517009214981954e+01
6.205458858927863730e+01
6.803186721129418402e+01
6.560903180065349716e+01
6.604387084806728581e+01
6.438445243436410692e+01
6.947951567835161768e+01
6.740591376983547889e+01
6.493452599457748420e+01
6.621213674437603913e+01
6.644639974092115153e+01
6.376163542484550817e+01
6.140557769604413352e+01
6.835802572446550585e+01
6.633061107826040370e+01
6.365370247272846882e+01
5.944545512163620060e+01
6.725786813908518980e+01
7.134902245135776866e+01
6.787396448822823913e+01
6.015619458391893204e+01
6.508547516700934921e+01
6.504949890928537570e+01
6.809260713382263930e+01
6.751252077604954138e+01
6.300386830785009806e+01
6.867162170477763539e+01
6.276466524370744082e+01
6.314827648782193137e+01
7.054864557818245885e+01
6.377529161338873109e+01
6.822810785704484715e+01
6.939811452283834114e+01
6.300681697221432387e+01
6.986545309115945201e+01
6.100831949000155419e+01
6.826096719640452193e+01
6.720350945416817012e+01
7.253314942934889586e+01
5.856850540731147703e+01
6.718449425185758628e+01
6.734626703023945993e+01
7.136000902362025045e+01
5.737271847795625490e+01
6.986835095111223382e+01
6.353000869967877406e+01
6.026739827859967136e+01
6.645491188271614647e+01
7.144290523932340875e+01
6.177183122413907768e+01
6.473508513640456385e+01
6.867767586642162314e+01
6.523749435691809140e+01
6.521184041125695785e+01
6.903406167497143997e+01
6.670094322058992020e+01
6.522191183106519929e+01
6.756494003104967305e+01
6.525007149083182867e+01
6.291872678779554917e+01
6.443506134743051916e+01
6.325210498153455774e+01
6.715989141275224483e+01
6.707204681794701173e+01
5.827942793398597132e+01
6.346560675674390950e+01
6.237835194383058024e+01
6.497134053153558853e+01
6.658906317813057285e+01
7.081345118912486214e+01
7.177101540872172336e+01
6.448216941836972183e+01
6.025940829522050990e+01
6.756266602159746526e+01
6.128841499577436025e+01
7.166001071644814147e+01
6.001153158047429770e+01
6.202309774793786801e+01
6.757383332204040016e+01
6.841718822469385941e+01
6.629080654580297960e+01
6.447656244360018718e+01
7.214103365946789381e+01
6.832391985278161428e+01
6.562535015763887714e+01
6.659885919110536179e+01
6.410646364279728004e+01
6.574720747793776354e+01
7.236315725453869163e+01
6.639713580987222485e+01
6.368792195839807846e+01
5.932151609417724103e+01
6.724246884477588537e+01
7.042436136270794123e+01
6.434355530839457060e+01
7.067345097099064333e+01
7.259221942562840013e+01
6.308722013818896812e+01
6.537418780491429970e+01
6.731215744283679214e+01
6.265190220950125877e+01
7.207156756144877363e+01
6.504225684709422239e+01
6.522824834335028754e+01
6.790912449378311067e+01
6.388984390673920188e+01
6.919302999027229362e+01
6.726974446390806861e+01
6.498290597203924790e+01
6.384766852751704391e+01
6.847580694672990376e+01
6.460321931300245524e+01
6.575466564746284348e+01
6.447585460052209783e+01
7.219702059012070094e+01
6.338138414545835531e+01
6.988690703644397217e+01
6.709465105179788225e+01
6.511813997996557646e+01
7.275218496073148344e+01
6.062373855431269476e+01
6.477058289502997468e+01
7.026400393458061444e+01
6.547634015352161896e+01
6.884109389858565464e+01
6.858289954788097020e+01
6.544950603272775425e+01
6.842092965377037217e+01
7.201908154408079099e+01
6.663817987897868989e+01
6.603856250932301464e+01
6.530490474526811795e+01
6.748407355712174649e+01
6.352404200025955561e+01
6.777392985572578255e+01
6.386876968180195036e+01
6.491555088400912155e+01
6.073542971954270797e+01
6.008880532639125249e+01
6.901758616262861779e+01
6.602722851873329546e+01
6.880317104060964084e+01
6.998453698986850213e+01
7.151727310486944589e+01
7.108350055926712230e+01
6.861541237742005706e+01
6.619640127910872707e+01
6.998786531701898639e+01
6.748857047730007253e+01
6.065703609636739202e+01
6.732818819704289126e+01
6.885234759268632843e+01
6.545999982083037594e+01
6.839187212289084528e+01
6.734518541465820363e+01
6.504280571531376154e+01
6.835527720919117201e+01
6.694065157820455170e+01
6.532108820844291586e+01
6.241730291479291282e+01
6.937775952662764212e+01
6.688664771362630290e+01
6.037665766365716991e+01
6.732406058416586347e+01
6.798867312317690903e+01
6.438077008182403915e+01
6.808444016373766772e+01
7.022193129452512039e+01
6.468618523176144208e+01
6.442504874571045548e+01
6.264475812558919188e+01
6.991163560272138966e+01
6.085711249593703087e+01
6.343987329549258902e+01
6.318119285300542742e+01
6.950723433928396844e+01
6.752453327819068818e+01
6.050992573235498639e+01
6.609872739903619276e+01
7.533706072501240669e+01
6.870235177677011507e+01
6.558076237277350629e+01
6.852560284196192697e+01
6.192499262110538893e+01
6.963047621503142182e+01
6.205462953607604959e+01
6.720108476196935499e+01
6.601263529948744235e+01
6.713338536668311463e+01
6.933172509262658423e+01
6.931848745165439141e+01
6.589670967532299528e+01
6.326859821703556008e+01
6.501381401507921964e+01
6.232650476161711595e+01
6.390941592341573596e+01
6.704345725620055418e+01
6.623262506808509897e+01
6.746637841653239320e+01
7.095809756854077932e+01
6.935807152944278187e+01
6.208477349873101048e+01
6.717405216487509279e+01
6.996721441430167943e+01
7.034668731542046771e+01
6.755352613343302437e+01
6.391680912396964231e+01
7.152826474834341752e+01
6.824899183752188492e+01
6.078921655049543915e+01
7.081778659795236308e+01
6.291412142155843412e+01
6.791377747121543962e+01
7.116673807687448061e+01
6.782637980671495370e+01
6.566533382147838438e+01
6.610620688670223899e+01
6.351558897452332531e+01
7.320986553374223149e+01
7.104795974760099853e+01
6.497945533749691549e+01
6.405105396947249119e+01
6.936770710497717118e+01
7.057653288750861975e+01
6.737331929064305314e+01
6.653346676002036020e+01
6.322822649834063213e+01
6.262914181314579309e+01
6.477593704441551381e+01
7.233311921832523694e+01
6.528766335507430085e+01
6.392342207863759995e+01
6.634687271871223402e+01
6.549164755807316851e+01
5.677024094165642509e+01
7.198763962000180072e+01
6.869426798832103032e+01
6.485991610380517614e+01
6.585118587339786700e+01
6.396027385323679937e+01
6.947703284360932230e+01
6.235060500517249693e+01
6.276393918058317922e+01
6.040387657289727485e+01
7.181528619492360122e+01
6.679362760050833003e+01
6.325092729410846459e+01
6.404674625839663804e+01
7.228310192798744538e+01
6.467364058791599746e+01
6.565437400103667187e+01
6.510576398465673265e+01
6.368278994771162616e+01
6.799634554863473568e+01
6.561399129451388035e+01
5.802713346470943634e+01
6.471647462127054951e+01
6.601460298650988534e+01
6.877133207481438149e+01
6.408391437358318399e+01
6.707927586394316677e+01
6.558560088706042279e+01
6.297989599298682606e+01
6.766741275403569489e+01
7.023311179276674920e+01
6.682429596249505721e+01
6.432331063865763099e+01
6.598052851174395528e+01
6.836283382740953130e+01
6.609261196752311207e+01
6.287298942128893486e+01
6.549590793267395838e+01
6.713839203186455507e+01
6.866202749129718086e+01
6.329386532390412867e+01
6.189224447623257674e+01
6.285479023161292389e+01
5.849498931922369138e+01
6.937263131346855971e+01
6.551050479832269957e+01
6.931554694528131222e+01
6.696633182987568489e+01
7.142075407971083223e+01
6.391608106868432060e+01
6.503168909464784520e+01
6.078275419573105864e+01
6.578626141895927049e+01
6.253159813400634448e+01
6.221702414898038569e+01
6.246342602102060937e+01
6.697463876403469385e+01
6.271991052756027329e+01
6.587396632213233261e+01
6.993589442789448185e+01
6.754114867917894571e+01
6.075946993664069851e+01
6.328908013470334026e+01
6.620794459729302162e+01
6.280802865089106035e+01
6.114916199564856925e+01
7.068805881665184643e+01
6.556573471815408993e+01
7.078411457843662902e+01
6.506624154280632411e+01
6.111432265067139724e+01
6.552536888683994221e+01
6.964588576442429257e+01
6.714967001065031127e+01
6.945424372404727364e+01
6.580630376049316510e+01
6.971825066124665682e+01
7.041809051112386442e+01
6.785296669664739966e+01
6.325020303472740579e+01
6.758534663489376726e+01
6.588036329645365186e+01
6.472801359507570851e+01
6.075590231564046917e+01
6.697582241074212561e+01
6.701377873002832075e+01
6.357163419220262313e+01
6.433137077280480298e+01
6.205320135199838205e+01
5.852666625093365838e+01
6.397526766122280151e+01
6.455454625811648839e+01
6.317211675173587082e+01
6.884884982250855501e+01
7.045040658939319655e+01
6.953249792216479364e+01
6.511064767090852001e+01
6.917504863663248216e+01
6.484167592465541929e+01
6.540561711258578725e+01
6.207690616844604392e+01
6.321930148626745449e+01
6.566008781207631273e+01
6.267447489863184273e+01
6.628756902055363298e+01
6.848854029858387094e+01
6.567433072833023289e+01
6.466274072548867480e+01
6.732182485995440402e+01
6.166886676139108658e+01
6.816553778817296916e+01
6.199305449758776376e+01
6.264528302596670528e+01
6.916890845166017243e+01
6.312684239720294954e+01
6.332373359631480980e+01
6.794429921496032421e+01
6.470400212960396402e+01
6.281081334740918010e+01
6.199087240493611262e+01
6.584021703034409256e+01
6.474841372420814878e+01
6.441316602920790046e+01
6.375102579174699713e+01
6.407925726576081615e+01
7.096204484990357741e+01
6.336426145801510756e+01
6.078445546212287809e+01
6.337506491039926004e+01
6.475314053635759137e+01
6.570995556786670022e+01
6.738153707997264519e+01
6.375515476191105790e+01
5.858590669841044019e+01
7.010854909072418195e+01
6.752331959464822830e+01
6.687451392732998556e+01
6.653163888205392595e+01
6.686035247843426532e+01
6.446965734366756351e+01
5.802724551093251648e+01
6.735248991674109220e+01
5.860680948497781628e+01
6.899726258146529290e+01
6.538204683821959406e+01
6.096386980127635979e+01
6.768390282387690604e+01
6.314095306240631089e+01
7.195951708030338523e+01
6.828384047996189565e+01
6.087932567938401007e+01
6.330636436298880199e+01
7.089028227904191226e+01
6.592424436606677318e+01
6.422622376295589675e+01
6.606778628975837364e+01
6.365666042160887628e+01
6.203739734923738069e+01
6.594126695145541817e+01
6.739368018520292480e+01
6.326148034021082367e+01
6.515590389999397303e+01
6.787023796095195394e+01
5.876355523096594879e+01
6.440649861954545941e+01
6.432950316294659387e+01
6.920017772644462184e+01
6.078661602010686238e+01
6.491586248784767577e+01
6.359864128935134886e+01
