1.687198734119332585e+03
1.708859901047078665e+03
1.702980675245637940e+03
1.778181220313837002e+03
1.735533880497917835e+03
1.775827800349841027e+03
1.693581662861390214e+03
1.649950468337471193e+03
1.794239632174699636e+03
1.722192403446857952e+03
1.746076638269823434e+03
1.784328719530542685e+03
1.810649496185957105e+03
1.755598388792223432e+03
1.729119073129889330e+03
1.802446624782748586e+03
1.753877114190967177e+03
1.858202672929751770e+03
1.752199138778141332e+03
1.743516529627987211e+03
1.794146686504280979e+03
1.839475706307753626e+03
1.781702368325222324e+03
1.790768293477771977e+03
1.721001301445498029e+03
1.797950698567474774e+03
1.767779785706279199e+03
1.773916522757013354e+03
1.821691852784127605e+03
1.725441506774969184e+03
1.733410720208403291e+03
1.752604800588038870e+03
1.681764197128677324e+03
1.718107643383775212e+03
1.690934120882704974e+03
1.836880604547481880e+03
1.812950963455029978e+03
1.736719985096161054e+03
1.719790306681389666e+03
1.768968757346155144e+03
1.850863378389638001e+03
1.728652682626064234e+03
1.751769818932369844e+03
1.675831550300429399e+03
1.726260167350882057e+03
1.702983456758861394e+03
1.627304651033630307e+03
1.742226253275767249e+03
1.729990037062886131e+03
1.807355039990208752e+03
1.752010639407633107e+03
1.693453797089852969e+03
1.747742968669367656e+03
1.741587502676581607e+03
1.768001991886083943e+03
1.760422491279967289e+03
1.724556674578378761e+03
1.686647084769998401e+03
1.757030538342739192e+03
1.794648116825775105e+03
1.706116055641685762e+03
1.677636054623486871e+03
1.821696257410151247e+03
1.785022915074970797e+03
1.702728454334694106e+03
1.746800265191563540e+03
1.734035318783289767e+03
1.722293823850077843e+03
1.733931870017910114e+03
1.757692397236039596e+03
1.798861868533503184e+03
1.728604420524879970e+03
1.729042815145661280e+03
1.731449736462367127e+03
1.793417756259812904e+03
1.788464612109441987e+03
1.874154088393205257e+03
1.740782037776936249e+03
1.783024255562581857e+03
1.732082839538500593e+03
1.786664232324220848e+03
1.778493376390232470e+03
1.707255960228361801e+03
1.708232560522625363e+03
1.787221196064349215e+03
1.732565395816036471e+03
1.848972637729451890e+03
1.675738586334716274e+03
1.882656208141679144e+03
1.750351878867001233e+03
1.748637450973769774e+03
1.664193813190470337e+03
1.740430958610194693e+03
1.735828373679543347e+03
1.803340586083585322e+03
1.753754713151395663e+03
1.778331369974312793e+03
1.660916220377504033e+03
1.693581913384178279e+03
1.749208884244179899e+03
1.721780050905675125e+03
1.722227707969288076e+03
1.771334268992410671e+03
1.728690352389726741e+03
1.859795055050529299e+03
1.776996428487889034e+03
1.805721511099543250e+03
1.805340898442364960e+03
1.805286078152089203e+03
1.830236231782894720e+03
1.759819794624762380e+03
1.789986395597401270e+03
1.689869990633006182e+03
1.622517112474878786e+03
1.720290705587280172e+03
1.828854705034414110e+03
1.830644335222183599e+03
1.769999983309860454e+03
1.803441925344292940e+03
1.844020635635109556e+03
1.717792355936516742e+03
1.768017329544020413e+03
1.694671641193685218e+03
1.759368303947260756e+03
1.667735524894767650e+03
1.778657087624810401e+03
1.679413802110513416e+03
1.799029216893797866e+03
1.751614539738396388e+03
1.808926393611099684e+03
1.731363023237647212e+03
1.735238366849137037e+03
1.745895999774639677e+03
1.734757389502497972e+03
1.827638008113466640e+03
1.813223519065209530e+03
1.719463999418364892e+03
1.848841288938630896e+03
1.713343839241382966e+03
1.682141667079522904e+03
1.771128635126632616e+03
1.762612959554257486e+03
1.755077207045633713e+03
1.699292248164650800e+03
1.731921492207624397e+03
1.770696513866932946e+03
1.828497435481204548e+03
1.730064214434763471e+03
1.713774381527903643e+03
1.700781834949843415e+03
1.737098285836797459e+03
1.675572431928679407e+03
1.857459669873544726e+03
1.811175560606562158e+03
1.718430311967731086e+03
1.740734832600275695e+03
1.835530972175767829e+03
1.754812311107819369e+03
1.816093172087753601e+03
1.737417790403655090e+03
1.722700424365883009e+03
1.890777718812380954e+03
1.693515291386070203e+03
1.804763646870027515e+03
1.731739402145328540e+03
1.786909160251089361e+03
1.774267861076821646e+03
1.738137024991257022e+03
1.755304449630425552e+03
1.724373818679826854e+03
1.769511374634171489e+03
1.876716199197860988e+03
1.781407624116396164e+03
1.703695783157689220e+03
1.719175727897980323e+03
1.721984104753862084e+03
1.707302310910303959e+03
1.730923634663700568e+03
1.752978129045905007e+03
1.821510795509959280e+03
1.761450783346779190e+03
1.737442343119687621e+03
1.707097163340841234e+03
1.758645662474692017e+03
1.727639535032174763e+03
1.622442046338218688e+03
1.724502784437574974e+03
1.668659195757603584e+03
1.807329146785646799e+03
1.780612735223692653e+03
1.788391668276534801e+03
1.748883280858525723e+03
1.792828167559245003e+03
1.728301116271103183e+03
1.784767903429054286e+03
1.819312798171009945e+03
1.697394352442671334e+03
1.647874176541637780e+03
1.768958765198066658e+03
1.751938577003754290e+03
1.807000816767455490e+03
1.706940362378201826e+03
1.665508435016381327e+03
1.736057079470702774e+03
1.741069817650515006e+03
1.672317403168322016e+03
1.813133515501423517e+03
1.721900625961318838e+03
1.844527555507120269e+03
1.723140431031151365e+03
1.707266293181686024e+03
1.856527736022260797e+03
1.808149050621073457e+03
1.766177866757984702e+03
1.739868611754749054e+03
1.783633993916581858e+03
1.711732206700269671e+03
1.834601553112853253e+03
1.753670190724509666e+03
1.745134328258123787e+03
1.741229503962549188e+03
1.792947634782932255e+03
1.863495930066587334e+03
1.716782318784645213e+03
1.803400050890273633e+03
1.749623121592918551e+03
1.702038083421964529e+03
1.729535769730367065e+03
1.800629793746914856e+03
1.740479900480219385e+03
1.691445523766491078e+03
1.733140130030904402e+03
1.765212721485019529e+03
1.778155974500075672e+03
1.726763548060683888e+03
1.807077117362612853e+03
1.714203160635110862e+03
1.685079137074112396e+03
1.755259292156178617e+03
1.700805842863561566e+03
1.706474169609174169e+03
1.724239514597679772e+03
1.783773948326502705e+03
1.750229335912761144e+03
1.680660094879841836e+03
1.803421441374750430e+03
1.710335031500321293e+03
1.684640514746932240e+03
1.687423369532727293e+03
1.658619911727214003e+03
1.792851492492144871e+03
1.795217412861839421e+03
1.843221403069318967e+03
1.802109843357103728e+03
1.673801808999571676e+03
1.752791044732779255e+03
1.727061296942694526e+03
1.707117316735228997e+03
1.779145827401210681e+03
1.724326600029951805e+03
1.681464504957364852e+03
1.688571051635797176e+03
1.717562163563441345e+03
1.713773472121399891e+03
1.753165347527273298e+03
1.816187668455472931e+03
1.696313193590062383e+03
1.745755218531005539e+03
1.838213948940417595e+03
1.795013079212921184e+03
1.767576607671497186e+03
1.744284300311791640e+03
1.778230262974431753e+03
1.740364867328863511e+03
1.778914940963450135e+03
1.727065192710773090e+03
1.734000120166791021e+03
1.770010292000305071e+03
1.683462157062193000e+03
1.636859611380091110e+03
1.734944803771808893e+03
1.764165315540178199e+03
1.728123105677421336e+03
1.710438955082070834e+03
1.741624583531596272e+03
1.790242830177804080e+03
1.713024990437369524e+03
1.664565716218581656e+03
1.781170191651142204e+03
1.838063872251275370e+03
1.710192341361972240e+03
1.756513859232697314e+03
1.775886275841077349e+03
1.688905337993371404e+03
1.888502298083131109e+03
1.859663137840504533e+03
1.750012234561033210e+03
1.754216354642484475e+03
1.752045145005545692e+03
1.726196904058364908e+03
1.713645706703829774e+03
1.792957483564391168e+03
1.765838489375468498e+03
1.698477404898331770e+03
1.735610914515419609e+03
1.859824457238872128e+03
1.836708364460893335e+03
1.717188550310371284e+03
1.684129464225993615e+03
1.657962112899726890e+03
1.673192136812884655e+03
1.843675749258229189e+03
1.710984425417175316e+03
1.713271336570724770e+03
1.836882639901904895e+03
1.736788862585870675e+03
1.717341780390046324e+03
1.757693965118596680e+03
1.663445184678081432e+03
1.737823585417043432e+03
1.803498521971466971e+03
1.774194610401381397e+03
1.703236604371077647e+03
1.748175469532663556e+03
1.812464966881320834e+03
1.762714972285345311e+03
1.822018925357935359e+03
1.696492794559549566e+03
1.734192831754483450e+03
1.808320237350636489e+03
1.764512093275816369e+03
1.812280918149647505e+03
1.702342532588756967e+03
1.844995309324565142e+03
1.732559326135323317e+03
1.773252388717218309e+03
1.707316952518804783e+03
1.809685615704431257e+03
1.801607393624862880e+03
1.873673307688116665e+03
1.796722755443454844e+03
1.819784425562232173e+03
1.765426326211297692e+03
1.686560925025928100e+03
1.754424521034157806e+03
1.748947634071153516e+03
1.753394839233994389e+03
1.747566055943473430e+03
1.747867442626541560e+03
1.714497383485045475e+03
1.805386210973977995e+03
1.841798997080220715e+03
1.748374346480098211e+03
1.758271199045228059e+03
1.859301373220299183e+03
1.749135952241703308e+03
1.714908733835506837e+03
1.664270704532675381e+03
1.740822945854175032e+03
1.825741751470075997e+03
1.715875709226982963e+03
1.685943607353295420e+03
1.807412048303411211e+03
1.720938796736738823e+03
1.842348981856692262e+03
1.787293069493766097e+03
1.698261585739061729e+03
1.779595580051116485e+03
1.665056244297689773e+03
1.711115997483474075e+03
1.760833248477818415e+03
1.754767908578107154e+03
1.697864161395702922e+03
1.772323240890736542e+03
1.750865015492632665e+03
1.691701988754174181e+03
1.611932083639499524e+03
1.704094625102579585e+03
1.752886146229470796e+03
1.657544345534730382e+03
1.911502915191082593e+03
1.715913798504060651e+03
1.625875163591385899e+03
1.755360797436576831e+03
1.737888170010228350e+03
1.847303571521410959e+03
1.744417343137826720e+03
1.787778720169239932e+03
1.782177997816239440e+03
1.701993230167311594e+03
1.608700957110701665e+03
1.776857750891840851e+03
1.811370413719581848e+03
1.816817083536295286e+03
1.715011668812309608e+03
1.759033707440983562e+03
1.694863867749847032e+03
1.712330477098258143e+03
1.764901558007392850e+03
1.790791181393162788e+03
1.787554118678363011e+03
1.678351594398312045e+03
1.772150940627978798e+03
1.832595453405210719e+03
1.765436689198039403e+03
1.768097774194148542e+03
1.746324055263901073e+03
1.814527066724097040e+03
1.793289728710721192e+03
1.814411844808905698e+03
1.718468881400342298e+03
1.869873123579334106e+03
1.732515387724253060e+03
1.806388274909952543e+03
1.699447551196884433e+03
1.724234116848929716e+03
1.763352562635509457e+03
1.794381961719599076e+03
1.769628670789574926e+03
1.878161879288987166e+03
1.694584531273643734e+03
1.756094672704578898e+03
1.754978447986003630e+03
1.747228634863753541e+03
1.737755705098017188e+03
1.747693691666033828e+03
1.679455207184644451e+03
1.770385576291005009e+03
1.803105012870752034e+03
1.696976160551582780e+03
1.763020237774244833e+03
1.731182108432810310e+03
1.875189547114413472e+03
1.788543428330006918e+03
1.808061672683976894e+03
1.722908505786928799e+03
1.742780909930278540e+03
1.631861510348963293e+03
1.741753316616354823e+03
1.704231356144403208e+03
1.745821420351368261e+03
1.705732555966338396e+03
1.808594794452373662e+03
1.757493910412169953e+03
1.675125079919894461e+03
1.763886090738727944e+03
1.672493515104754806e+03
1.660178852941887271e+03
1.846958303698590726e+03
1.735502459191631260e+03
1.654122423073107939e+03
1.714224719592235942e+03
1.773430061580727397e+03
1.626377929388540451e+03
1.809411079905842598e+03
1.746471024635771755e+03
1.758921797104177813e+03
1.747679768683546627e+03
1.734213665431912432e+03
1.721577008981210838e+03
1.752158493588744705e+03
1.680267740034515555e+03
1.703310054674042931e+03
1.856085714398314849e+03
1.702047140164580242e+03
1.684136528130364013e+03
1.805407400568666162e+03
1.756331989113618874e+03
1.667968985250133301e+03
1.687213187067123044e+03
1.771934625310195770e+03
1.793802142368284876e+03
1.798362986158567310e+03
1.668588799011734409e+03
1.772361083763646320e+03
1.673265603604140324e+03
1.731688782266156068e+03
1.687871373184240156e+03
1.766865524587296022e+03
1.734738037840503239e+03
1.892652124255955641e+03
1.638069902578741448e+03
1.767214889271337142e+03
1.718975731797910612e+03
1.760060861222795893e+03
1.670655360053753839e+03
1.640454922545144200e+03
1.693943081637792602e+03
1.769821262660226239e+03
1.747632683438851473e+03
1.670211911574369651e+03
1.804860226297619420e+03
1.643100123358742849e+03
1.697576559414086660e+03
1.814982275853202282e+03
1.752558887946951700e+03
1.749065667611975641e+03
1.748778974424817079e+03
1.768490585579415892e+03
1.749100206913731654e+03
1.851624901951570337e+03
1.746110752855646524e+03
1.788098061251171202e+03
1.782469535415529890e+03
1.683785400959496656e+03
1.665349248690312379e+03
1.809346903754838422e+03
1.800133204894229948e+03
1.759340203846824807e+03
1.799784926015598558e+03
1.738076835117603650e+03
1.700836469090163291e+03
1.776465728798502141e+03
1.658038695378829516e+03
1.743770553082726565e+03
1.745194167327364994e+03
1.788839571394637915e+03
1.759948209696727190e+03
1.834650144250488893e+03
1.694924092784078539e+03
1.725129522892318619e+03
1.725454180154571986e+03
1.893339264638055965e+03
1.918016267448364033e+03
1.829997625862852601e+03
1.711136833442360057e+03
1.779988282906773748e+03
1.781097458211042294e+03
1.806256638531564704e+03
1.891330951534401720e+03
1.728080779072328369e+03
1.733117967931702196e+03
1.743120424861184119e+03
1.688155405224508058e+03
1.755259382098155356e+03
1.928485430769856976e+03
1.674508934266672895e+03
1.744273139902496041e+03
1.623356611474923739e+03
1.743166223164405437e+03
1.830218358988745877e+03
1.836574312091384400e+03
1.683040929520990403e+03
1.690431360282724199e+03
1.694196423217689699e+03
1.696444861001042455e+03
1.755386222767044956e+03
1.742819891731454845e+03
1.711490898202764129e+03
1.697185913563216218e+03
1.796432368069246422e+03
1.862362458664830228e+03
1.805996191593108051e+03
1.700038905261313630e+03
1.759376028041376458e+03
1.796734718663296462e+03
1.753449763627210359e+03
1.826319193295239302e+03
1.721638295350179533e+03
1.705500494842289754e+03
1.722924432469541443e+03
1.616939731346548569e+03
1.806643367549397908e+03
1.847122669049437718e+03
1.663625907201830614e+03
1.739545410480905957e+03
1.742990850746033402e+03
1.712659882621121824e+03
1.740204194591477972e+03
1.718596582306377513e+03
1.674846837696295779e+03
1.766318738739382297e+03
1.747505161058715430e+03
1.723670160566824961e+03
1.728751578687350502e+03
1.684611487635182129e+03
1.738359148393582700e+03
1.819531245037694134e+03
1.887774236557497034e+03
1.853384776631613022e+03
1.741113060682711421e+03
1.704135113398181147e+03
1.722134767104032107e+03
1.776106571258735130e+03
1.746459228882154093e+03
1.785646182427625263e+03
1.743959586485133741e+03
1.658348577020670746e+03
1.766105932935345891e+03
1.828170978748214111e+03
1.854746887826492184e+03
1.781230546948368556e+03
1.683837011496169907e+03
1.733379178483102351e+03
1.704636585085547722e+03
1.710463482009977952e+03
1.768807304668796633e+03
1.690504848070231219e+03
1.799258739709191332e+03
1.716253111003610456e+03
1.758212349841729065e+03
1.686759762076692368e+03
1.714504147276380991e+03
1.765920167433393999e+03
1.775654358858473870e+03
1.823504496911078604e+03
1.768288716836241747e+03
1.763724934866002513e+03
1.769765602619627771e+03
1.782269862492755010e+03
1.786743969695487976e+03
1.792707493394660560e+03
1.755958257921711720e+03
1.713615327544679531e+03
1.811408603593057478e+03
1.715300883726280517e+03
1.783508896629155970e+03
1.747839565885029515e+03
1.750420755250013826e+03
1.750047050358833985e+03
1.815896703887797685e+03
1.654182311581226713e+03
1.743397063534727749e+03
1.814873964797582175e+03
1.803665256203470108e+03
1.734441403122925294e+03
1.674226281061480677e+03
1.676858563399263858e+03
1.762116622989022517e+03
1.651393870535866881e+03
1.780615357193424643e+03
1.762632704818637876e+03
1.686862012282471369e+03
1.670117123089142069e+03
1.678429738275110822e+03
1.684289950476352260e+03
1.792224897793100808e+03
1.773185147840812533e+03
1.707049612534389780e+03
1.726304153860301994e+03
1.675485092066050129e+03
1.792746678371760254e+03
1.733278810879846333e+03
1.847668219897729614e+03
1.762172984009069751e+03
1.779299760145507889e+03
1.705736108331320338e+03
1.707865319560354692e+03
1.732016326425858551e+03
1.833473845569223158e+03
1.788356644916882715e+03
1.668806754645691399e+03
1.770412876972648519e+03
1.789129718901572687e+03
1.644627598006121389e+03
1.823842578435041105e+03
1.754196261252120166e+03
1.748127373815078272e+03
1.906885351154679029e+03
1.764442975550794017e+03
1.688053333143587679e+03
1.785308572831412675e+03
1.706508299088273361e+03
1.700359670160395126e+03
1.767318706748231307e+03
1.772693998929595182e+03
1.634374546137692732e+03
1.785474444932244751e+03
1.705442342585486585e+03
1.608547081589896607e+03
1.821500488662476528e+03
1.778713346488600109e+03
1.853023763763853367e+03
1.727228425055963726e+03
1.827140393938025227e+03
1.721956649132297571e+03
1.736473099231051492e+03
1.765238090107821790e+03
1.739845424301993717e+03
1.731232821567091833e+03
1.740672298906726610e+03
1.786358470315225986e+03
1.735294178567168728e+03
1.793745803872979195e+03
1.726854649351652370e+03
1.798374235779888295e+03
1.798025166970272949e+03
1.670198976485021376e+03
1.789088380667794809e+03
1.793326769086285822e+03
1.735216485457905037e+03
1.735764413501129411e+03
1.740873045749264293e+03
1.782591009985521396e+03
1.699900548653401984e+03
1.720973893098937424e+03
1.731674791047183362e+03
1.728356948854919210e+03
1.724200440156878813e+03
1.799787920233863815e+03
1.745470547346724743e+03
1.693095918233583234e+03
1.741880281619938614e+03
1.753953077620054046e+03
1.715868798100119648e+03
1.780617368319760317e+03
1.733367218389404570e+03
1.646548768728969435e+03
1.750468756494903118e+03
1.724933553838267471e+03
1.744671183496697950e+03
1.800644681385070726e+03
1.745976630618327818e+03
1.721353588691223649e+03
1.738765393247216707e+03
1.779036944281203432e+03
1.811250065857297614e+03
1.740922753045010268e+03
1.762087986507119467e+03
1.766340759399295621e+03
1.723756746292460321e+03
1.769105951120466216e+03
1.769581192846054364e+03
1.692308882055940558e+03
1.785337047824649289e+03
1.808295031599514232e+03
1.825347478297483121e+03
1.703044777058619957e+03
1.696814792552118888e+03
1.793931022700644689e+03
1.667241427630059206e+03
1.800419384561817651e+03
1.744479787448527077e+03
1.855473478772376438e+03
1.673899262282892096e+03
1.748087346363614415e+03
1.784570100270314015e+03
1.872607685896377006e+03
1.812392045853542186e+03
1.881162580655301099e+03
1.758150435583280341e+03
1.753303407196526223e+03
1.680759205904147848e+03
1.734001485504522634e+03
1.833597055151491077e+03
1.758568539578249329e+03
1.708640779196638050e+03
1.750483325048014194e+03
1.645773264540910532e+03
1.781598876901907033e+03
1.727845364907453131e+03
1.675809329799612442e+03
1.789813081243097031e+03
1.723261002685351741e+03
1.750829641550563338e+03
1.748481606463818480e+03
1.723235610494798493e+03
1.848602978054599134e+03
1.856084650622538902e+03
1.693910887582188707e+03
1.729833978258913248e+03
1.778121048666085017e+03
1.723452351981251013e+03
1.661943922517391911e+03
1.750507638620446869e+03
1.713037953132996336e+03
1.697408755573357212e+03
1.695862246736866837e+03
1.809155733669626443e+03
1.806098140329128455e+03
1.743513974812917240e+03
1.714537058947946207e+03
1.733713042371379743e+03
1.760562781349043462e+03
1.796971669292227489e+03
1.759160280392284676e+03
1.729567149151573176e+03
1.850638986582633152e+03
1.877011931242261198e+03
1.777074685718241199e+03
1.851057413847459657e+03
1.784747814290064071e+03
1.654752855920031379e+03
1.820648662966732218e+03
1.730888504021707831e+03
1.769920055071137085e+03
1.815262281149404316e+03
1.742651810532600621e+03
1.741499732631109055e+03
1.782979924398843877e+03
1.875064483639353512e+03
1.799524917973071524e+03
1.738798421031722228e+03
1.805255352193898489e+03
1.779893922137916434e+03
1.803772079937505168e+03
1.749805470783740702e+03
1.800163940492111124e+03
1.755274727099795882e+03
1.698735311897475412e+03
1.814262059800808402e+03
1.711079848749073335e+03
1.787185348911683377e+03
1.773710036418333630e+03
1.758783035755475566e+03
1.711891874679643479e+03
1.772091255861398622e+03
1.706166208462146187e+03
1.862693311521791884e+03
1.705674263008781736e+03
1.601760325344314879e+03
1.778380041613818548e+03
1.740612249267077914e+03
1.708424583891046041e+03
1.725444834418012988e+03
1.781832715961342274e+03
1.735868799451002360e+03
1.713705092176895505e+03
1.714055893864926929e+03
1.738150327995288762e+03
1.825226979089116412e+03
1.722864601740896887e+03
1.726159262916490661e+03
1.703183062156308551e+03
1.764141499853691585e+03
1.686504365560542283e+03
1.811888173162183193e+03
1.731331848672179603e+03
1.697178776748861310e+03
1.723579706210318818e+03
1.677283903881351307e+03
1.762990521923901269e+03
1.705251745379420299e+03
1.663056299552754353e+03
1.721491826452924215e+03
1.798766544348434309e+03
1.697324882936143695e+03
1.762470486189888788e+03
1.763350075127787477e+03
1.746781161654469088e+03
1.718673815080655459e+03
1.757250992692910586e+03
1.739327690013649544e+03
1.728227759631121216e+03
1.723142614548991787e+03
1.807390884610364083e+03
1.691907859638691662e+03
1.778433277322128561e+03
1.736847439608020068e+03
1.786196752633277356e+03
1.755554812585912259e+03
1.782911483368791323e+03
1.902861092242996165e+03
1.794644986099868220e+03
1.711902232534489940e+03
1.695824510343941483e+03
1.738306370879358838e+03
1.722333944577518196e+03
1.808182652888381881e+03
1.763470852478076722e+03
1.735658965515302953e+03
1.793791539571193653e+03
1.820826008486836599e+03
1.689370307089094240e+03
1.718383344776111016e+03
1.757746563160227652e+03
1.748997670059286975e+03
1.630870213580489690e+03
1.598961736902463826e+03
1.686748735458134661e+03
1.723891718617794368e+03
1.883507677792131290e+03
1.725324363937651469e+03
1.688554561153045142e+03
1.676047230118963398e+03
1.751049674258031700e+03
1.780376704912857349e+03
1.707789177995824957e+03
1.731070826581954407e+03
1.771748706402216612e+03
1.776704241242079661e+03
1.745330505985011087e+03
1.765215663952314117e+03
1.742486516629310699e+03
1.723325493366407045e+03
1.691241220577407148e+03
1.706889990902456020e+03
1.772357393212350416e+03
1.862663587065484535e+03
1.692232112158056452e+03
1.696229662913709035e+03
1.713485560031324212e+03
1.688462919415955639e+03
1.784167010020494217e+03
1.713129202184083169e+03
1.779450168410151036e+03
1.767208863576031035e+03
1.757822933424307848e+03
1.697092968918252609e+03
1.733637760169710191e+03
1.663873636028388319e+03
1.790483159287480930e+03
1.727747682967369201e+03
1.852260708631910575e+03
1.705354122230336998e+03
1.665513374772101770e+03
1.719161478201422142e+03
1.727281143949797752e+03
1.684263882557581383e+03
1.676820237419405657e+03
1.761394933607038865e+03
1.766831953684094060e+03
1.687734880974635416e+03
1.691813680706378364e+03
1.722019703505899088e+03
1.689989564918483666e+03
1.692050396493349126e+03
1.770894594423788476e+03
1.845949040663669621e+03
1.761160503139056345e+03
1.834675419673273382e+03
1.720886733906764903e+03
1.677895720274020732e+03
1.716675544446571394e+03
1.731549283799420891e+03
1.818160746089268741e+03
1.835469784517551943e+03
1.738945774087207610e+03
1.755412792553609961e+03
1.697773701277314785e+03
1.848942701835853313e+03
1.704073544256865944e+03
1.665179257311649508e+03
1.859813070307735416e+03
1.690839276946969221e+03
1.759534439207466221e+03
1.700842021570751058e+03
1.761532294125487169e+03
1.728458708915208717e+03
1.795577911562105328e+03
1.778505202931758504e+03
1.801211757896489416e+03
1.744761794534156252e+03
1.705099870220439698e+03
1.784973621053120041e+03
1.767855180872585606e+03
1.788683985011455434e+03
1.694465468180098924e+03
1.780597419693239317e+03
1.737997758277135290e+03
1.692926941130657724e+03
1.798275261953300969e+03
1.793461206920999757e+03
1.660610769946645632e+03
1.704356907516792489e+03
1.739405562637308776e+03
1.754416529783345595e+03
1.744792106430212471e+03
1.724704742181351548e+03
1.690785182582823381e+03
1.697669435836781304e+03
1.707950731667294122e+03
1.714355258890300547e+03
1.704111826753174682e+03
1.668334232618694386e+03
1.701711083357040934e+03
1.700132432341737967e+03
1.774668214086359512e+03
1.762010642268555785e+03
1.768918154830710137e+03
1.684124517897033229e+03
1.789416604824058140e+03
1.752287975647544272e+03
1.853963981536783876e+03
1.784078367670872922e+03
1.738766622463728254e+03
1.624866636501481253e+03
1.716476634565410222e+03
1.683449820927078008e+03
1.715587945680545545e+03
1.742524221992060347e+03
1.786869568698292824e+03
1.823460147178278021e+03
1.659357609203500942e+03
1.724630020478778079e+03
1.730389090785023427e+03
1.708191039236333154e+03
1.729158268889585088e+03
1.689152178260593701e+03
1.658067512073222588e+03
1.794257249751921336e+03
1.731214969980234855e+03
1.761325537257402857e+03
1.694220742823601086e+03
1.809612743850082552e+03
1.720552775613456106e+03
1.819645292061214377e+03
1.898428110914602712e+03
1.845398972227286322e+03
1.786044600565744986e+03
1.800155309277074593e+03
1.717975582926078914e+03
1.717338991583201505e+03
1.639487866127507004e+03
1.780169047336206404e+03
1.769326303227415565e+03
1.747902508970210420e+03
1.712077307341775850e+03
1.827339036480542745e+03
1.741939304871972809e+03
1.712250557473696972e+03
1.846138946553832284e+03
1.739721436374238237e+03
1.740389574893198869e+03
1.824166253479439092e+03
1.712178705477385165e+03
1.741423601851730609e+03
1.718570672650960205e+03
1.609066286091259144e+03
1.694199156318579753e+03
1.704694826635766049e+03
1.747486805133549069e+03
1.755305181260036534e+03
1.770174905338024701e+03
1.781404367037251632e+03
1.881009387355230729e+03
1.867793149390422968e+03
1.769038526022195583e+03
1.635844529640045948e+03
1.709628402976330563e+03
1.776216393167775095e+03
1.726460201423864419e+03
1.756791320509969864e+03
1.800619314345631210e+03
1.825354614898264117e+03
1.721403567190511694e+03
1.700431846779424632e+03
1.865546759656666381e+03
1.641193771225964156e+03
1.729012892321536356e+03
1.764713993310268506e+03
1.702600230233555749e+03
1.719530551676298273e+03
1.652758188674312350e+03
1.729206169545014291e+03
1.751513043389593122e+03
1.727327154341360256e+03
1.623649580582836506e+03
1.742625992352000139e+03
1.800381271210090290e+03
1.679870499247496355e+03
1.656099907919293400e+03
1.850776733533038168e+03
1.844412013305825894e+03
1.696158627294146982e+03
1.652250475304548218e+03
1.777146057103970634e+03
1.652550853180466675e+03
1.704956851812404011e+03
1.660099453204973543e+03
1.714084391281766102e+03
1.697446407116950923e+03
1.828594600386166803e+03
1.753108832724735066e+03
1.682657056312183386e+03
1.769913059901138240e+03
1.814855298940897228e+03
1.810296577873806200e+03
1.760794975850335959e+03
1.582686446579225503e+03
1.748600370865877039e+03
1.803910629351909847e+03
1.685323961108866115e+03
1.785612331989967970e+03
1.712642585684963933e+03
1.799853401506061346e+03
1.785987545441972088e+03
1.679913423003606113e+03
1.780101823392701363e+03
1.764320514382284273e+03
1.738135066750885926e+03
1.726550252374288448e+03
1.792378192067328655e+03
1.727712438650519744e+03
1.775005914636312355e+03
1.783812510243512861e+03
1.731954845897974792e+03
1.640525572355451914e+03
1.716987228320346730e+03
1.676538603855113251e+03
1.732744470559080128e+03
1.752906501012160788e+03
1.720426495039265546e+03
1.695866999925209257e+03
1.721904808254594172e+03
1.760547792398280762e+03
1.642234414810339786e+03
1.864638219438711531e+03
1.697267600887679237e+03
1.736552068214891278e+03
1.730174882697325756e+03
1.782241011152957526e+03
1.625205124897160204e+03
1.676819299495922223e+03
1.803866329516389214e+03
1.739479601904801257e+03
1.716048986836220138e+03
1.747330184779490082e+03
1.786965883773095811e+03
1.757820942268389899e+03
1.667575161082689647e+03
1.822710580324479906e+03
1.733335041923717199e+03
1.626380077523241653e+03
1.722593441981547357e+03
1.753910967089757833e+03
1.654757140754704096e+03
1.819754733498772111e+03
1.737854533410204112e+03
1.733354362179888312e+03
1.676593308964721018e+03
1.758362348920919885e+03
1.778070156055131520e+03
1.752809186695807057e+03
1.652791797649359978e+03
1.730047778473973267e+03
1.814587101157334473e+03
1.823689601935916244e+03
1.712662979260818247e+03
1.708659099805664937e+03
1.792865165491646394e+03
1.750642214675951891e+03
1.678344272894039477e+03
1.712051515184798291e+03
1.651058792974237349e+03
1.824115943922613042e+03
1.830129247706019214e+03
1.858859737885437880e+03
1.680010021762236192e+03
1.676575634460693891e+03
1.730622618192922346e+03
1.736041031144133285e+03
1.757516871435834901e+03
1.738404842253189145e+03
1.704097550321629569e+03
1.691657923532985251e+03
1.668212050284381803e+03
1.691668792129192525e+03
1.715775719665487031e+03
1.728783164820405545e+03
1.714757898889130956e+03
1.797761734909072629e+03
1.767620996322770225e+03
1.748001902287497160e+03
1.719878349908597329e+03
1.746674931571968045e+03
1.767203031854387518e+03
1.720776310968311464e+03
1.603569000690394660e+03
1.760330502649786013e+03
1.631454519866044848e+03
1.725034737533607313e+03
1.823639287111313024e+03
1.713053252886561040e+03
1.709993666701971506e+03
1.666308200973778639e+03
1.754414195913984258e+03
1.641466032839994796e+03
1.852501244140276413e+03
1.760713297037014854e+03
1.809582617516347227e+03
1.669702855453914935e+03
1.740849217003220247e+03
1.823433499534894509e+03
1.752388199906037698e+03
1.631965329305013711e+03
1.860560568638486529e+03
1.708686309350468946e+03
1.742181147093986738e+03
1.879148997695059734e+03
1.803242799743826026e+03
1.843449362437540458e+03
1.774575932303388981e+03
1.748088293428296311e+03
1.693382980643381870e+03
1.815673771403022556e+03
1.790635299996109097e+03
1.784723419024640862e+03
1.826223638265772934e+03
1.723288529117851567e+03
1.702842298665870203e+03
1.922793847209978139e+03
1.743387332079598536e+03
1.770667565259393541e+03
1.682103878939051128e+03
1.738467755671213354e+03
1.606640054609588788e+03
1.698598424158107719e+03
1.704614247951789139e+03
1.752750043202487632e+03
1.708709343161282504e+03
1.728966478283047763e+03
1.690421226320799633e+03
1.727214479823540842e+03
1.749320156667034098e+03
1.825433072491049415e+03
1.834853723328772730e+03
1.668203754555025625e+03
1.722347857010894586e+03
1.762916946336324145e+03
1.659614537552282400e+03
1.694460693107236921e+03
1.843218965313566969e+03
1.772651271673084466e+03
1.696854001164991132e+03
1.760504441221792376e+03
1.749983364460054872e+03
1.701952656098862917e+03
1.691844673544666875e+03
1.729143254324327245e+03
1.780309397413052466e+03
1.670100671533111154e+03
1.674902928722854995e+03
1.778050332481249598e+03
1.824512306787981743e+03
1.794528519840470835e+03
1.762546878962681149e+03
1.728728349822227756e+03
1.726294684226737672e+03
1.687031569204266134e+03
1.630604779376699298e+03
1.682402425170942024e+03
1.832919877790429837e+03
1.803125847341063718e+03
1.687067789919308552e+03
1.607771169402138639e+03
1.793354532236337946e+03
1.704556254926684005e+03
1.844552308202320319e+03
1.794412274638061035e+03
1.832968228233241916e+03
1.742582875073840341e+03
1.791026364602775402e+03
1.722841552444320541e+03
1.824903219814322256e+03
1.741244462482208064e+03
1.683793569691142466e+03
1.729674162421139044e+03
1.689004964807141732e+03
1.722979725940764183e+03
1.818104778994324533e+03
1.803952711280439416e+03
1.715467876525585325e+03
1.658350496278461378e+03
1.738226444544406604e+03
1.796473073890295836e+03
1.783156787897914000e+03
1.697247235973799434e+03
1.697504576173787427e+03
1.704268166491500097e+03
1.828740442403047837e+03
1.747253767041088395e+03
1.864287401013059025e+03
1.634448610047599686e+03
1.841022923198004491e+03
1.881139310762758214e+03
1.782512190450225035e+03
1.696597752481241741e+03
1.834471911560647641e+03
1.755255348783726731e+03
1.711765480191875213e+03
1.763569021437375341e+03
1.804057576443224207e+03
1.774709067312150637e+03
1.711750019278044419e+03
1.784981701289007333e+03
1.750432649154151477e+03
1.718806816742746150e+03
1.803409303554112057e+03
1.618665870214038023e+03
1.678556376829326837e+03
1.809725204382448283e+03
1.741258054625306158e+03
1.786273765254614318e+03
1.683321902608303844e+03
1.771910650218286037e+03
1.694111871669870197e+03
1.730183731055894896e+03
1.723972821771465078e+03
1.757115662150373282e+03
1.813285870997442316e+03
1.753970719343748442e+03
1.662230804272016030e+03
1.699127083765392854e+03
1.730639219388107904e+03
1.717062730620080856e+03
1.828228489740074565e+03
1.732636878622623044e+03
1.816407093115146836e+03
1.762183898411449945e+03
1.785013865857142491e+03
1.808517442070638936e+03
1.691274870077028481e+03
1.749458113954599412e+03
1.782504933761323628e+03
1.740864432468859377e+03
1.725089484847469521e+03
1.712133916180493088e+03
1.626961978514201064e+03
1.792554305934895638e+03
1.703857935997827553e+03
1.809705234612534241e+03
1.723180151123724954e+03
1.747228528314380583e+03
1.696591056499665910e+03
1.843428431613255725e+03
1.774117918303539682e+03
1.808064681665847729e+03
1.762687810939485644e+03
1.751276321488214307e+03
1.663608597664439003e+03
1.782831885400177271e+03
1.687953826636764461e+03
1.764096071087273231e+03
1.697190011401160973e+03
1.743133521503673819e+03
1.644134796209929618e+03
1.770572473273390642e+03
1.739818167027307936e+03
1.855022857804194700e+03
1.687131030526189079e+03
1.764270704642978899e+03
1.698249452707078945e+03
1.761683685413807780e+03
1.661560979700225289e+03
1.764492200050523707e+03
1.755546315774194909e+03
1.799796379208109556e+03
1.822414656914174884e+03
1.697187379133249578e+03
1.705517775009268007e+03
1.718731760610956371e+03
1.716360949030472966e+03
1.690962974895346179e+03
1.738818106024108602e+03
1.724814587467493311e+03
1.704333612135580324e+03
1.817502086664173930e+03
1.750368207465041451e+03
1.821679890678476795e+03
1.845142918863012937e+03
1.704906129246971659e+03
1.741293857095931344e+03
1.781796663898984662e+03
1.832660907305762976e+03
1.717611987656077872e+03
1.761662038448809199e+03
1.744090755360771936e+03
1.705581165621322270e+03
1.781964229980841537e+03
1.754505302331846224e+03
1.770545066871463405e+03
1.826468600455543765e+03
1.714072424669505835e+03
1.843402265990277556e+03
1.751098720719567154e+03
1.675502761175262549e+03
1.826771548812912897e+03
1.844129062810028699e+03
1.774645377779697355e+03
1.793076187318879420e+03
1.707648654834044009e+03
1.803133971375442570e+03
1.634672708087205137e+03
1.753815495367086669e+03
1.731366457924982569e+03
1.749445120788903523e+03
1.711754728460567094e+03
1.763730471965550123e+03
1.852787088514868174e+03
1.706093065772208320e+03
1.861866418978010188e+03
1.822332521181280526e+03
1.799427272792599069e+03
1.711561529250491503e+03
1.739637647391874907e+03
1.750044338884779791e+03
1.682103851641870961e+03
1.733722705086800943e+03
1.671910807830733802e+03
1.762027192857834052e+03
1.729904108897669630e+03
1.826255471888630836e+03
1.708683814531639882e+03
1.762184554807342238e+03
1.803455483591874327e+03
1.690126641377471515e+03
1.757247878546777883e+03
1.763249031647569382e+03
1.676966650346314282e+03
1.853376149894580522e+03
1.695564931704348055e+03
1.745021230942657439e+03
1.852181778691985073e+03
1.822364809790334675e+03
1.669812385626533796e+03
1.731968540961009239e+03
1.737549724158455774e+03
1.791755744278596922e+03
1.866025958303086554e+03
1.865474754811561525e+03
1.679929910660438509e+03
1.785339636971368009e+03
1.734402258713289257e+03
1.824506168006137614e+03
1.779815726520507724e+03
1.685260304881975344e+03
1.680373573847978605e+03
1.775035210403350902e+03
1.743852858298492265e+03
1.740427973987415726e+03
1.705428145239753121e+03
1.781151847588359487e+03
1.748602305834059734e+03
1.812812450383009036e+03
1.722866670453052848e+03
1.758255644119333965e+03
1.738834491190008748e+03
1.867883129578060561e+03
1.817735066658762662e+03
1.825717120967135088e+03
1.775287843131769932e+03
1.700066116430195052e+03
1.698424915994924504e+03
1.712395662670827051e+03
1.843057694794855706e+03
1.757360485673141511e+03
1.766464051405389682e+03
1.825572966903037013e+03
1.806620836040082168e+03
1.722015670452237828e+03
1.781662461820680164e+03
1.862388245213004438e+03
1.703502977517360705e+03
1.800790387261415390e+03
1.743534312311337317e+03
1.609167945256348276e+03
1.774022874378632878e+03
1.707027445441785403e+03
1.735667247646548049e+03
1.751129661156495786e+03
1.798256657970418473e+03
1.722001223147538894e+03
1.784343804352279449e+03
1.756324522719590277e+03
1.693310022020612223e+03
1.744523128876048304e+03
1.685651795655094247e+03
1.736126681158262272e+03
1.775369175811154491e+03
1.767871470783049517e+03
1.793692059850523947e+03
1.838974058881596648e+03
1.806091419507621140e+03
1.806284438134536231e+03
1.663407611994690797e+03
1.711171391417069117e+03
1.744454099755328798e+03
1.615155962431160788e+03
1.697374467065335011e+03
1.756489504706998105e+03
1.698965840675803520e+03
1.669711355562301833e+03
1.779017818049026801e+03
1.720080859053760832e+03
1.758424361407311153e+03
1.647230543711132441e+03
1.648450224587315461e+03
1.758057314971559663e+03
1.725909342930177445e+03
1.748748637624041748e+03
1.821015209287774496e+03
1.717870390685836355e+03
1.710778672968252977e+03
1.799468754845141802e+03
1.829902225438967889e+03
1.727872508668253431e+03
1.621315657747519708e+03
1.731493070559444959e+03
1.732786473525024348e+03
1.844480595207754277e+03
1.694343047360058335e+03
1.681500574883162471e+03
1.591664346954228222e+03
1.764795752965431802e+03
1.776676137179738134e+03
1.815418716135047134e+03
1.750394353207061158e+03
1.856155500754697641e+03
1.721718848418433709e+03
1.786194320692682368e+03
1.776425600089705313e+03
1.734297190313764304e+03
1.729907788956018521e+03
1.758238456233264060e+03
1.730047387596992394e+03
1.848388041153016275e+03
1.784560693045362314e+03
1.770014722875946973e+03
1.716601755538923499e+03
1.750027869514619397e+03
1.689788773328699790e+03
1.736714909895741130e+03
1.707991728648658864e+03
1.754589266811415655e+03
1.640876553963842071e+03
1.799770569674493572e+03
1.778618956045867890e+03
1.669492325721758789e+03
1.684472660742317203e+03
1.794167492608444036e+03
1.733026821150202068e+03
1.730205310536518027e+03
1.821947398977255034e+03
1.674425524030097677e+03
1.715079731651894235e+03
1.653672944482211733e+03
1.706213808193640944e+03
1.716019767147892253e+03
1.784185324802162768e+03
1.795945679915483879e+03
1.728633469182280578e+03
1.633275376450255862e+03
1.736790658522705598e+03
1.818273092269797417e+03
1.677722495203862763e+03
1.822071753170831926e+03
1.713701489893385315e+03
1.769874006283241215e+03
1.746134011203423142e+03
1.672188650201324663e+03
1.765729022703992996e+03
1.774611763784869709e+03
1.730032875954188512e+03
1.700685645322483651e+03
1.732474849319226678e+03
1.664511952078625200e+03
1.822844402634555081e+03
1.815508267897092992e+03
1.716867365237974354e+03
1.732799452323672995e+03
1.811147868870316870e+03
1.689302008094402709e+03
1.741016186120810062e+03
1.747977743130227054e+03
1.750554766132815530e+03
1.778979464295353637e+03
1.734813703194637128e+03
1.751000522528066085e+03
1.813164842771043368e+03
1.704318942871223953e+03
1.758692254709515964e+03
1.749411636326783537e+03
1.785465260343044520e+03
1.718172545233479468e+03
1.818555188410033907e+03
1.731894958421700267e+03
1.790015072801280212e+03
1.754308072105404335e+03
1.754572797754035491e+03
1.685312953306915006e+03
1.677667533170830666e+03
1.692925962977089966e+03
1.737516419339365029e+03
1.723566266804135466e+03
1.699030269169602889e+03
1.676173155137482809e+03
1.742582071052188439e+03
1.754417738981449929e+03
1.778819164356014426e+03
1.755097732884743891e+03
1.775024017290831580e+03
1.680279884716465858e+03
1.721483466355073688e+03
1.730332198423823684e+03
1.753503132837649446e+03
1.773608342852441183e+03
1.751931595240340812e+03
1.716190907598150034e+03
1.770067466687845354e+03
1.796646092391323236e+03
1.686917389514115939e+03
1.774851086621103377e+03
1.713505721147933855e+03
1.703028440578046229e+03
1.743513852197410188e+03
1.750727699823501780e+03
1.762086473209954420e+03
1.769033511522651224e+03
1.761085667072502702e+03
1.763477931715323393e+03
1.787080851135241346e+03
1.700607670733812938e+03
1.667723583280581124e+03
1.735319619431111505e+03
1.762756228836330138e+03
1.772252527863555315e+03
1.767892430043969398e+03
1.724380869585909522e+03
1.712860412542818267e+03
1.773456790493388780e+03
1.806608753088974481e+03
1.735712913667317252e+03
1.601702568644722305e+03
1.711328812613927312e+03
1.703647437816602860e+03
1.774261103156130048e+03
1.770123505533893422e+03
1.703765501376081374e+03
1.726043478459113430e+03
1.743362785209700178e+03
1.744625183608894531e+03
1.835234898818453303e+03
1.795210869687734885e+03
1.792133232426010409e+03
1.800813862260370797e+03
1.774146322791710645e+03
1.790981590212086530e+03
1.697916344634988036e+03
1.713394382533593216e+03
1.801997374349656411e+03
1.845853605379951432e+03
1.641744402817632363e+03
1.660172186747952765e+03
1.765056543865232470e+03
1.723939433063254910e+03
1.721931382405543445e+03
1.698629298989253130e+03
1.674908130086506844e+03
1.705116179736924096e+03
1.748235148434683197e+03
1.760081624930210637e+03
1.794126048956474278e+03
1.796887581904163198e+03
1.689451387607800370e+03
1.726977886897763256e+03
1.769876066615382570e+03
1.798707062702375879e+03
1.751231298104173675e+03
1.727837916478292755e+03
1.741296945670888363e+03
1.764359535839772207e+03
1.830684657551663577e+03
1.754848736753862568e+03
1.766194957315031388e+03
1.791506700221314532e+03
1.784930364343966176e+03
1.790436278973093067e+03
1.698030245012736486e+03
1.687753070254402701e+03
1.693703645365070770e+03
1.860318213610169551e+03
1.687962472003983294e+03
1.701036737162224654e+03
1.796424267809249159e+03
1.684540915081990988e+03
1.729150505026997962e+03
1.771753019773423830e+03
1.751212820745228782e+03
1.677068943467118515e+03
1.795529279053686423e+03
1.695558117806303471e+03
1.779788213171957068e+03
1.812570952046110506e+03
1.664537807657562098e+03
1.800497294415669330e+03
1.724441722086764912e+03
1.696036992882931600e+03
1.714319524143842500e+03
1.762599489942841501e+03
1.761297924526801580e+03
1.760601831923768259e+03
1.797992079278105393e+03
1.691443624606951062e+03
1.687146213387763055e+03
1.819798350939358897e+03
1.678861071487522850e+03
1.813592614686115212e+03
1.672442312683343971e+03
1.781984833760217271e+03
1.803802991091938793e+03
1.692825996162542424e+03
1.615808931031791417e+03
1.740081124980609275e+03
1.800485421143213443e+03
1.799634781860376052e+03
1.820224983237441393e+03
1.624603109072380676e+03
1.821910322610675621e+03
1.821215650161683243e+03
1.820056189252858303e+03
1.666457404408430421e+03
1.808245763361396257e+03
1.746493658540844990e+03
1.785487005295900417e+03
1.836476071987220394e+03
1.733618455961586051e+03
1.743195532893884774e+03
1.726570773184404061e+03
1.637943309991177102e+03
1.768249184191389531e+03
1.711110142267281844e+03
1.689224778856916828e+03
1.684741297185537860e+03
1.713426812573768757e+03
1.598397136039040788e+03
1.674622605682137419e+03
1.746584255227596714e+03
1.703180922884758274e+03
1.757789960089975239e+03
1.752108056194191022e+03
1.689665745813083504e+03
1.786224896210960651e+03
1.715731506650686697e+03
1.764290936293036566e+03
1.719890174193252960e+03
1.770911727736078319e+03
1.698210699543639294e+03
1.775599691037997218e+03
1.745621255851768183e+03
1.774177821218539975e+03
1.758584771187934621e+03
1.809984641289568799e+03
1.780083378078832538e+03
1.756061077543654392e+03
1.748933115827041547e+03
1.784279766573250981e+03
1.775177278642564715e+03
1.721596139613909600e+03
1.746044998751124240e+03
1.743715214381500118e+03
1.743973191286578640e+03
1.764578062183950351e+03
1.757040963387948295e+03
1.742355334088140125e+03
1.641155096922490202e+03
1.708262754642727941e+03
1.767688723853322244e+03
1.692808869521120869e+03
1.761844472038082813e+03
1.790520170372747543e+03
1.712220698870532487e+03
1.739634163977508706e+03
1.886984800970996503e+03
1.658874937224690484e+03
1.871618663601608205e+03
1.709124558786924126e+03
1.812763902750428315e+03
1.741242245404149344e+03
1.717747682646514477e+03
1.758568264553845211e+03
1.692897875985132941e+03
1.724817423816225983e+03
1.630244862493658729e+03
1.808150127021021945e+03
1.669325881121222210e+03
1.704119971526679365e+03
1.648090225930606039e+03
1.760437235999888571e+03
1.756062427342229739e+03
1.688447314946562528e+03
1.672708046918623950e+03
1.795282189944169204e+03
1.709908248606644975e+03
1.756862310943419970e+03
1.721325776432368912e+03
1.711547031504215283e+03
1.613168670859869962e+03
1.711759613564310257e+03
1.780434492768292557e+03
1.796410515551575372e+03
1.651156266137264538e+03
1.733761723992640327e+03
1.646087287402382344e+03
1.763462786583788784e+03
1.657543447470688534e+03
1.762301146300759456e+03
1.726862975976139751e+03
1.696634153826346164e+03
1.594810886527957791e+03
1.862462021165197257e+03
1.725317745208946235e+03
1.826057309969643029e+03
1.739789339328766118e+03
1.771349656711406396e+03
1.719538214837978558e+03
1.666498188918234518e+03
1.727599666231983065e+03
1.706014166296217354e+03
1.810101818008663258e+03
1.736153326883200180e+03
1.689091522479183368e+03
1.709903432354337383e+03
1.769130520258067463e+03
1.807852549794567039e+03
1.814858802831776075e+03
1.768671702738686236e+03
1.743636330028119119e+03
1.720019592571065459e+03
1.724873431687798984e+03
1.740868138313562213e+03
1.738524623188037140e+03
1.823122517996035867e+03
1.743584399702226392e+03
1.813402571509759582e+03
1.766034066130120664e+03
1.654415573891335498e+03
1.697044806553380567e+03
1.827309329577939025e+03
1.757017369293868796e+03
1.752493048409426137e+03
1.765123649469708653e+03
1.685277890237961401e+03
1.812237252779816572e+03
1.772931066345408226e+03
1.629417807359066956e+03
1.760676452347383020e+03
1.700276404018673929e+03
1.721362894165547004e+03
1.859911175211112777e+03
1.748128267059327754e+03
1.800629370415117592e+03
1.743565368754730571e+03
1.777631904644568749e+03
1.777121874193457415e+03
1.649816992492976169e+03
1.728811436682831754e+03
1.733378856790742248e+03
1.706432591317284960e+03
1.653373631353621704e+03
1.735262064527549228e+03
1.822954298647141968e+03
1.686029655912366024e+03
1.742787544936169525e+03
1.751392017028349073e+03
1.711124591921773799e+03
1.709537014899871338e+03
1.712187874989445618e+03
1.777896141553885172e+03
1.671166991422127012e+03
1.706581847815986521e+03
1.631570834284883404e+03
1.757569200073511183e+03
1.736338705577061091e+03
1.675640043786035221e+03
1.714053846817326530e+03
1.724204274608232026e+03
1.680075756007509426e+03
1.798535708724933102e+03
1.693381005598622778e+03
1.719883033621236791e+03
1.674164142576058566e+03
1.805104217052162767e+03
1.768062743681709890e+03
1.773285149251297071e+03
1.668172767215368367e+03
1.756033746343444363e+03
1.735259452191090759e+03
1.661683531972041692e+03
1.860994953366313894e+03
1.781294160988937620e+03
1.755410094102359835e+03
1.703487918319993696e+03
1.779195536167859245e+03
1.806870731089611354e+03
1.737302449604445428e+03
1.725920526014773714e+03
1.792312833408280767e+03
1.710709134637310854e+03
1.773834313037923039e+03
1.708363845251715247e+03
1.842220869918928202e+03
1.866321236763412799e+03
1.812249747069566411e+03
1.729816945482332358e+03
1.710900419272624731e+03
1.776967194491213377e+03
1.800122900050523185e+03
1.797425626233489311e+03
1.731283363683401149e+03
1.838067979879500399e+03
1.778219811115112407e+03
1.762357284065652493e+03
1.694146823968840408e+03
1.765207463916980032e+03
1.840766873254842722e+03
1.783417101266601549e+03
1.682092397064985107e+03
1.769995593489693647e+03
1.730572129932453208e+03
1.688856735591470397e+03
1.809043142026537225e+03
1.729954657872729967e+03
1.754006718321321841e+03
1.713244757814856257e+03
1.678400028287079749e+03
1.758558725348210373e+03
1.710983585133469205e+03
1.745228442515355937e+03
1.649226055613986318e+03
1.732897338086118225e+03
1.710409092451053311e+03
1.772661157399099466e+03
1.696492905147249758e+03
1.658141983250069416e+03
1.711270088718843454e+03
1.754230395826841914e+03
1.787297487641779071e+03
1.709409729173498363e+03
1.776712552860204596e+03
1.675778209292231622e+03
1.735829113992079783e+03
1.806318100977777704e+03
1.813198992530871237e+03
1.783288359896815564e+03
1.719043109888530353e+03
1.778786286059041686e+03
1.811106772778103277e+03
1.743655846893842636e+03
1.714974500482669100e+03
1.793141033273652511e+03
1.827333733475279132e+03
1.793375019898621304e+03
1.816754926578185405e+03
1.687282342724537102e+03
1.669449086186588147e+03
1.658308458841201855e+03
1.670017792242435917e+03
1.832772688001720326e+03
1.735695612017090525e+03
1.732344340089166508e+03
1.820097260334832754e+03
1.654021524601138481e+03
1.733977130658495525e+03
1.777205704221672249e+03
1.723572863598474214e+03
1.797704023092876241e+03
1.808865562936130573e+03
1.811312921627848482e+03
1.790881985517624798e+03
1.700597072860799926e+03
1.718135384109398274e+03
1.761468183325200926e+03
1.732795666759736378e+03
1.834691110883954025e+03
1.759013442097358165e+03
1.808307543424087044e+03
1.805056683214677832e+03
1.723736974533249622e+03
1.769391974694302462e+03
1.753776306888324143e+03
1.778110780272609645e+03
1.704004156649507195e+03
1.824803612365639765e+03
1.813172056955525477e+03
1.705341976240772055e+03
1.791496590484768149e+03
1.765450136359243515e+03
1.728470677486385284e+03
1.736510830321502453e+03
1.787632144552303316e+03
1.710914726916983000e+03
1.844087365206672075e+03
1.790814024198431525e+03
1.820782340241881229e+03
1.761224543840803335e+03
1.771066928276025237e+03
1.736328026046111745e+03
1.658770703066317310e+03
1.750846934120231253e+03
1.682380188802684643e+03
1.888818035863777823e+03
1.675567989588357250e+03
1.787158734765968575e+03
1.689157203710310114e+03
1.783925080533497066e+03
1.695427067318442369e+03
1.754651752191377000e+03
1.867020229894747217e+03
1.721153799904476045e+03
1.715883319485839365e+03
1.831095893771163219e+03
1.637762779559493083e+03
1.723679944325248925e+03
1.757866637860473020e+03
1.747401918457041347e+03
1.745267248300077426e+03
1.770417854097112468e+03
1.823119905692913790e+03
1.658284513074928100e+03
