1.849913205657265962e+02
1.937843765046000613e+02
1.889553819454424115e+02
1.855679672451913405e+02
1.996969984360225396e+02
1.904356398276761126e+02
1.938200440295711076e+02
1.785063716225139672e+02
1.901333660815805331e+02
1.888940652167648011e+02
1.977205123001560594e+02
2.018830457930080513e+02
1.869881730090268093e+02
1.915543043536022196e+02
1.801104040495194454e+02
2.020304144219234672e+02
2.028953274784982170e+02
1.950243148604743055e+02
2.090549527702778505e+02
1.799478680372573365e+02
1.937708615519069042e+02
2.025776915465407058e+02
1.991226606609039038e+02
1.810225480190105714e+02
1.767099684098139392e+02
1.942512280942052598e+02
1.889209976602047618e+02
1.907490662882812273e+02
2.079098155292421666e+02
1.911172210087701728e+02
1.873789754810929367e+02
1.940546090269870945e+02
1.986001818873025400e+02
1.853294525696076391e+02
2.000082961777634978e+02
1.830203314746059391e+02
1.906500441942773705e+02
1.873947223994806279e+02
1.998682951784841748e+02
1.973626720832399997e+02
1.948444425858855311e+02
1.851613946921899867e+02
2.038364708045385782e+02
1.941631376349404547e+02
1.866798504973910724e+02
1.881653767760433311e+02
1.874012421325892319e+02
1.899719049971625111e+02
1.909596892546489926e+02
1.991491967912651546e+02
1.823667608056664449e+02
1.773801023257337590e+02
1.946595442248024028e+02
1.869676476186737375e+02
1.991182038752362189e+02
1.970374031926579903e+02
1.911108060340546047e+02
1.798581716647520636e+02
1.933454508712664222e+02
2.042317093202248088e+02
1.902182448269203405e+02
1.986534199602305932e+02
2.093465758388824725e+02
1.899168035722747447e+02
1.906699191373586757e+02
1.973942016004025959e+02
2.041351372017301742e+02
1.907048420443981911e+02
1.893825072246305581e+02
2.057152472969479788e+02
1.917198808074295471e+02
2.015282463694587420e+02
1.802396117722988151e+02
1.953002440073341006e+02
2.049251472800001466e+02
2.041002863733395998e+02
1.824669071508608624e+02
2.045216543009281054e+02
1.923651720900535622e+02
1.972622126077823452e+02
2.030232737356014638e+02
1.985165577820576743e+02
2.083988858869448393e+02
1.879786798450909657e+02
1.953574448202028861e+02
1.942844888503365155e+02
2.127173280719630384e+02
1.756165218206494956e+02
1.822836992249079060e+02
1.876762570956647380e+02
1.943217797851115449e+02
1.892605596555881107e+02
1.794228712788671203e+02
1.968052094599269424e+02
2.053716356673427015e+02
1.975761995988897866e+02
2.028726011791974315e+02
1.888376937663927606e+02
1.692168932777754833e+02
2.006264834206402270e+02
1.919104990060255034e+02
1.864154965680576765e+02
1.895437647917457014e+02
1.917930658932551751e+02
1.932264685783162577e+02
1.822564680200815133e+02
1.948207762858867511e+02
2.002736307845972590e+02
1.965189644460007514e+02
2.023209623193517359e+02
1.902588483752124091e+02
1.862080189927145852e+02
2.023960472337268186e+02
1.867332605286501348e+02
1.928256411980167115e+02
1.960363440007269276e+02
2.016831871570088026e+02
1.854299475783966500e+02
1.845128277815356910e+02
1.911396479896903031e+02
1.936560943504125021e+02
1.862960540909059262e+02
1.880582421646416265e+02
1.829251939993016549e+02
1.842600361758396161e+02
1.866662474171556596e+02
1.860360073302350941e+02
1.994988022090829816e+02
2.007609504802450431e+02
1.977582267211191436e+02
1.839687816034890773e+02
1.999763878902942054e+02
1.928877017236463587e+02
1.992899646870531001e+02
1.956183857056163333e+02
1.970283100785277668e+02
1.973689054514281338e+02
1.860874171604774858e+02
1.906483827019110322e+02
1.937587357094660376e+02
1.884545569418296225e+02
1.960092987950481529e+02
1.885806717363111602e+02
2.103483225648514860e+02
1.875504448719956088e+02
1.996113916610665626e+02
1.768083658314533579e+02
1.970879505698531773e+02
2.035682316923216035e+02
1.824441698681563082e+02
1.944000689687356385e+02
1.940546834771074316e+02
1.831755798396654313e+02
1.928625813748091389e+02
2.006880849287696265e+02
2.036896421750634829e+02
1.897084819664358974e+02
1.936246939816176962e+02
2.030743859439901939e+02
1.834535132765769845e+02
1.958321350978128521e+02
1.955869970507137339e+02
1.713178713051751174e+02
2.076483579875119005e+02
1.889262582552656511e+02
1.925603453425765110e+02
1.865178593005351786e+02
1.905657720993310136e+02
1.999037438594438072e+02
1.983821479610390952e+02
1.989600656219981545e+02
1.935102359267063434e+02
1.994191744159907103e+02
1.899783044579699549e+02
1.905252559008300182e+02
2.020516070571653415e+02
1.923433052994199102e+02
1.895628445148281855e+02
1.982342378178276192e+02
1.893607114155553290e+02
1.891595180528424578e+02
1.958430446852445641e+02
1.882884306692443772e+02
2.023235158528163993e+02
1.860529279272928704e+02
1.785818439607583059e+02
1.850786822675652843e+02
1.978547769092582200e+02
1.905823035780117038e+02
1.948601366739980847e+02
2.009508115034662126e+02
1.971376382045932019e+02
1.958375256095305019e+02
1.810207068902328729e+02
1.939030476727560028e+02
2.004312881909906991e+02
1.898785284495837971e+02
1.773847939064167463e+02
2.080833564914912017e+02
1.928197353333942488e+02
1.955431730306185898e+02
1.915461731243208021e+02
1.865763300754576903e+02
2.000905473760515463e+02
1.783794257419295661e+02
1.821423077052086512e+02
1.909227147861979859e+02
1.808362651438936552e+02
2.015959246862530847e+02
1.936966514989808275e+02
1.958678203864060379e+02
1.943657213652916198e+02
1.946404241335093843e+02
2.049145118862204242e+02
2.017686299032829709e+02
1.983152744610831064e+02
1.932725459534823926e+02
1.942843881960772023e+02
1.966753099915720497e+02
1.895323341499455410e+02
1.711072618996910819e+02
1.837984119012914732e+02
1.942028836663216396e+02
1.991994066217131945e+02
1.947856579447723959e+02
1.989554170677401146e+02
1.795691311658360121e+02
1.931405172578543556e+02
1.963125320857577094e+02
2.080768983209356691e+02
1.826207630107551836e+02
1.917999219548590588e+02
1.996871858976222711e+02
1.916589680888578187e+02
1.803461689210683119e+02
1.842027357872612754e+02
1.904180534006468974e+02
1.997571723480485275e+02
2.001770483610480937e+02
1.757033842154257002e+02
1.833781349547058426e+02
1.921037871649488693e+02
1.996403450566008644e+02
1.870965061962604636e+02
1.928485795733481609e+02
2.095825758316032648e+02
1.933491640570499044e+02
1.871955958258733119e+02
1.918628274663574871e+02
1.858769694779776103e+02
1.886945101913250937e+02
1.966513865470886344e+02
1.876299776024185064e+02
1.946652992682494130e+02
1.932365334752388435e+02
1.888454955855086439e+02
1.970540805483870201e+02
1.857603913149386585e+02
2.011453474003635336e+02
2.036721613065451493e+02
1.807861477618068591e+02
1.874059729733280903e+02
1.869000123372040605e+02
1.933269319902621248e+02
1.961612877313457375e+02
1.868147731000222223e+02
1.973397425776086607e+02
2.045229739524498598e+02
1.945034633907638408e+02
2.048581040255538994e+02
2.037393526426330084e+02
1.943347331884316986e+02
2.129179017484821372e+02
1.695022609504163142e+02
1.965026713782362719e+02
1.907088624051846466e+02
1.972177814975865147e+02
1.959533731203898697e+02
1.748075273572355570e+02
1.859094914136454406e+02
1.906274100370146414e+02
1.978813918802775333e+02
1.960537167615927672e+02
1.854327418526113149e+02
1.911435534656979200e+02
1.951591090500727432e+02
1.865842767417468053e+02
1.805890459160916635e+02
2.030684022384211289e+02
1.970567322067879275e+02
1.931482559305727591e+02
2.049893641915172395e+02
1.907147329918295213e+02
1.751140469241552182e+02
1.912856917624473567e+02
1.846818680882565786e+02
2.075192141065373903e+02
2.084833255075625971e+02
1.855989188281968154e+02
1.837230690308622911e+02
1.944359258511140922e+02
2.031891679981052903e+02
1.906265537940785180e+02
1.919554166535958757e+02
1.941670514023229543e+02
1.834152257028259214e+02
1.972637901960089835e+02
2.017228129365481379e+02
1.952049703956209044e+02
1.900281505651511225e+02
1.884491925371512764e+02
1.999941617075912745e+02
1.781267867710851078e+02
1.969846892658173942e+02
1.909167793094739238e+02
2.005913110497333207e+02
1.975437979786731262e+02
2.018556783727556478e+02
1.882788544979318885e+02
2.001273473197370834e+02
1.880685545769967177e+02
1.832516311373002793e+02
1.846702768542841113e+02
1.981366993138417740e+02
2.048203506043106188e+02
1.942666255797557540e+02
2.030038727973326900e+02
1.891052296389304104e+02
1.925603846253492009e+02
2.089991072581037770e+02
1.817266255706027209e+02
1.992422934097275231e+02
1.922600916869640457e+02
1.924698270854540283e+02
2.023144137441851171e+02
1.975556272904127866e+02
1.791095193628258926e+02
1.948566257129423320e+02
2.027715011154599551e+02
1.958471187518834995e+02
1.959162877822890891e+02
1.998401027414761586e+02
2.036976848268322726e+02
1.933103788787350084e+02
1.905998907012455277e+02
1.861334426935687532e+02
2.039767500814460277e+02
1.828994722050353801e+02
1.879937371760979374e+02
1.915208151809759443e+02
1.920357089724279831e+02
1.970046905669123021e+02
1.908749741717427924e+02
2.047686974834799685e+02
1.705334542875141040e+02
1.971047567393370059e+02
1.960918082740753903e+02
1.896741353308521241e+02
1.957927458316944467e+02
1.938430905930362655e+02
1.847330323900617657e+02
1.824434755963906696e+02
1.931310916298218103e+02
1.833400934344269331e+02
2.005691707076206853e+02
1.917481060256734509e+02
1.751770963526181788e+02
1.936778210836052949e+02
1.856022415350153949e+02
1.866213511044234110e+02
1.932096771418042351e+02
1.958604788199551479e+02
1.960314608922749642e+02
1.960519113707803172e+02
1.780195726868622046e+02
1.687681358053199858e+02
1.851345106646232352e+02
1.740845403617285285e+02
1.843401687074787958e+02
1.840954654287137089e+02
1.843775562253035503e+02
1.913186907561570536e+02
1.855346129948757721e+02
2.000904205016605601e+02
1.972311933285705834e+02
1.978723749199248800e+02
2.002823770027123373e+02
2.080864331041835271e+02
1.913534489408359036e+02
1.833594309140294740e+02
1.764221189299598223e+02
1.874060975685976587e+02
2.056177429921403643e+02
1.814801083335317742e+02
2.002748295706138038e+02
1.901588682237565422e+02
1.933127362339161266e+02
1.887419647583849667e+02
1.802413909276686468e+02
1.849658881117403553e+02
1.999786503778472593e+02
1.864408371063508127e+02
1.942053258697129650e+02
1.947065688658431100e+02
1.958720065446905778e+02
1.906468292167894560e+02
1.742243631120249745e+02
1.848901151322238263e+02
2.009638910012915858e+02
1.918485081105716574e+02
1.958635121921002735e+02
1.884161288413219211e+02
1.986799555984176777e+02
2.056091735631562756e+02
1.826348947261534761e+02
1.908786472517326445e+02
1.814541155242510229e+02
1.876728404343761554e+02
1.937345071580708122e+02
1.914056086274236463e+02
1.916888302769884547e+02
1.934430799969472048e+02
1.970694004448689611e+02
1.986976998466849409e+02
1.986703662478625745e+02
1.945055128754638076e+02
1.897797380389757507e+02
1.972053666956685447e+02
1.942307194353267619e+02
2.011781195599846512e+02
2.027940082370340917e+02
1.866510455180220447e+02
1.942371257638968416e+02
2.049084946133718006e+02
2.012477439553775014e+02
1.868054529962018080e+02
1.857548353618904855e+02
1.982885855260938399e+02
1.797761841918267294e+02
1.820452092568762623e+02
2.032662008641771934e+02
1.978482039574459179e+02
1.966356468316093071e+02
1.962442165559716614e+02
1.833558933994211202e+02
2.015931181698776697e+02
1.848792343915104937e+02
1.857920923398472439e+02
1.939877844482026887e+02
1.928403370983600666e+02
1.783580950119681745e+02
1.894757875136174334e+02
1.889482696122452694e+02
1.928001123258173379e+02
1.951776069482825733e+02
1.845753994878269850e+02
1.967576716524883977e+02
1.913702833970747861e+02
1.793039563616663088e+02
2.020698371552973924e+02
2.013982498214282089e+02
1.878972016003429815e+02
1.938114699524380171e+02
1.918309502868056313e+02
1.793413737804256414e+02
1.908216892296224785e+02
2.045955020060949039e+02
1.985134480146728322e+02
1.951571292245127154e+02
1.953319557549320109e+02
1.909876922883577777e+02
1.832777559883818128e+02
1.965376522534005233e+02
1.863530741539821065e+02
1.927314480301849642e+02
1.930639966081567138e+02
1.872712626985758675e+02
1.874345080218799353e+02
1.958113859123475891e+02
2.082627916791960558e+02
1.832615702398754536e+02
1.868991503358371631e+02
1.891520025775730574e+02
1.877681731843575790e+02
1.845729769336767561e+02
2.017870347507186182e+02
1.870747047581225502e+02
1.926673608387298771e+02
2.013031669700592659e+02
2.090597435861229769e+02
1.900918995984420121e+02
2.088895475673936346e+02
1.547128221871033418e+02
1.751097412310130892e+02
1.789335226721391052e+02
1.880222709469460085e+02
1.953777463879473544e+02
1.904185301120988925e+02
1.902218055734597044e+02
1.970812164705917269e+02
1.888149276683032554e+02
1.883526889962665791e+02
1.939862322389222697e+02
1.953550565657839115e+02
1.903974657115414857e+02
1.833233367531634883e+02
1.773971258812062501e+02
1.950004576581232243e+02
2.049420390672460144e+02
1.989032818178012860e+02
2.006096196561865384e+02
1.850111082396507243e+02
1.882319653361923883e+02
1.933852889035791236e+02
1.944031949407942648e+02
1.983344511725492794e+02
1.896401567883379755e+02
1.923659620276838496e+02
2.082020721710696876e+02
1.948982890410423181e+02
1.950118540159277529e+02
1.920874296640269563e+02
1.784424092594273361e+02
1.752549974056817632e+02
1.904751757166013135e+02
1.877425050200261296e+02
1.936598968667499605e+02
1.931495582932643629e+02
2.051099180037230383e+02
1.858542158336304055e+02
1.970598600446805335e+02
2.000502172189764565e+02
1.953181484346911247e+02
2.060307386388741406e+02
1.962181231126747889e+02
1.728155559309162186e+02
1.963730341257713690e+02
1.929003979693166855e+02
1.759470687664784521e+02
1.937229669010974362e+02
1.994032186486050477e+02
2.005555756500288851e+02
1.999290926264785355e+02
1.926312613450549520e+02
1.951316546155102571e+02
1.930736681095585254e+02
2.023674779158234571e+02
2.086762706495635200e+02
1.928135988060459454e+02
1.997352539330311174e+02
2.053942466837987411e+02
1.809245598127730261e+02
2.019076274155154920e+02
1.859433498255573340e+02
1.990347177675180035e+02
1.988107563676238101e+02
1.813522520189546015e+02
1.852335955423377527e+02
1.902107349924370681e+02
1.976901294256038852e+02
1.998276135437749303e+02
1.770023128272146096e+02
1.853650346444547097e+02
1.840361818450056148e+02
1.827574334877543265e+02
1.974203784004971283e+02
1.981145255417972919e+02
2.026631010631546417e+02
1.925756777430474642e+02
1.944208043100386760e+02
1.858440575316138563e+02
1.855893378509953493e+02
1.911014840051792589e+02
1.779030904562696946e+02
2.001424823590926962e+02
1.909309535296522142e+02
1.884098533166907714e+02
1.924847429673485522e+02
1.819731747017614509e+02
1.881064586243070664e+02
1.857435013036988778e+02
1.654359043300524377e+02
1.897667019988000447e+02
1.872641530091576385e+02
1.861516135168559742e+02
1.983658175873160303e+02
1.962381769031360648e+02
1.864623184269107981e+02
1.930532385391481114e+02
1.914205976317487625e+02
1.859117878304682563e+02
1.854794161551855609e+02
1.646437869116477657e+02
2.039821880515962960e+02
1.974034922209344813e+02
1.853270480772480369e+02
2.079187167830579028e+02
1.757563487889319731e+02
1.928736165522336989e+02
1.783535303063914057e+02
2.014385489908493980e+02
1.921316672644056496e+02
1.886504180594906188e+02
1.883869509241432070e+02
1.936195425773523766e+02
1.857881568038799003e+02
2.027489396273866191e+02
2.051110772005580429e+02
1.873685328936539634e+02
1.931159601468518474e+02
1.970356815281249681e+02
1.987873028447665149e+02
1.908331041569784361e+02
1.889882961641363863e+02
1.834150720736607809e+02
1.866330013651847821e+02
1.921673945024013506e+02
2.024197971809320222e+02
1.761894729816578433e+02
1.948643067431785028e+02
1.851934037878587844e+02
1.911940639706403147e+02
1.908828660885132820e+02
1.928454713965654435e+02
2.012180113735683165e+02
1.826594506012201293e+02
1.907622185292653683e+02
1.902096354048326532e+02
2.104675006419979013e+02
1.652827976877354104e+02
1.964639734611026824e+02
1.866372363716363907e+02
1.879944276803620085e+02
1.749660963732413848e+02
1.776177632757388096e+02
1.692371322896070751e+02
1.832518378893248610e+02
1.979197099808193627e+02
1.991827067110985467e+02
1.891429600723124906e+02
1.781825375617481768e+02
1.951491858937479549e+02
1.951906919560804852e+02
1.980959591485075748e+02
1.916572202768698219e+02
1.988780927207544380e+02
1.933601678593829263e+02
1.964559013128243521e+02
1.916980405479446006e+02
2.026585343004614117e+02
1.930935016589611735e+02
1.906809191183187124e+02
2.109339315730593967e+02
1.895061053159609514e+02
1.871132192344553857e+02
1.985090742542669204e+02
1.864786863082200341e+02
1.981793251766935100e+02
1.856454050195068248e+02
1.940557174920514285e+02
1.796722078472487567e+02
2.011874179062321844e+02
1.996751912713721424e+02
1.900144176725186469e+02
1.941579779007770128e+02
1.926330164115317132e+02
1.722445388872288277e+02
1.950866575041338820e+02
1.783433176251165548e+02
1.763190288612209145e+02
1.840239155478626571e+02
2.069321399822980254e+02
1.857265727761723042e+02
2.030507813485600082e+02
2.026567042990177754e+02
1.897017978957444484e+02
1.961316376755088697e+02
1.874127245187424080e+02
1.884863581932485204e+02
2.129553835129849517e+02
1.919506954828761423e+02
2.038127162496149651e+02
1.848295013603642474e+02
1.960807118101865001e+02
2.015837704347893578e+02
1.864331080559864517e+02
2.051117643758989857e+02
1.910020779895484395e+02
1.942715911414362608e+02
1.926154394747391336e+02
1.852973662556856880e+02
1.924673457255847779e+02
2.050737055186070563e+02
1.859664773157201694e+02
1.953725844338312641e+02
1.806388946749009108e+02
1.860331749560609467e+02
2.005071393121108372e+02
1.826108435672447001e+02
2.009530353261493190e+02
1.944140331367403292e+02
1.891259449134878707e+02
1.816505749141238653e+02
1.840205238160006616e+02
1.912200942360497891e+02
2.028577487216405473e+02
2.061019896230064319e+02
1.916417730327546565e+02
1.979120092771761108e+02
1.981317527108751335e+02
1.938496628987155930e+02
1.853054564486518530e+02
2.071212151156850041e+02
1.813691184295900030e+02
1.962798772836588341e+02
1.911866084301360047e+02
2.023265075200423553e+02
1.796954848420247401e+02
2.051467660872526437e+02
1.905984014809317841e+02
1.852518934905044716e+02
2.022038811802491409e+02
1.923929961040876719e+02
1.932849203429110219e+02
2.045187745013386120e+02
1.826114257092811215e+02
1.959512694561369699e+02
1.672792537561729489e+02
1.875693467292338710e+02
1.853639490355104158e+02
1.924681060934998129e+02
2.044295999455451920e+02
1.832929552741236989e+02
1.956326146797090644e+02
1.874503350921981166e+02
1.968199817657992128e+02
1.946034431210011348e+02
1.866605919984318405e+02
1.857311914149113079e+02
1.854227115975543825e+02
1.969563005617037277e+02
1.840189932874888257e+02
1.876148026800714490e+02
1.959397101073339513e+02
1.875257505360096673e+02
1.835632277593389290e+02
2.032348529907278589e+02
1.946869900992177520e+02
1.819728241644576201e+02
1.860637170029580716e+02
1.804106987388208552e+02
1.904719732244647901e+02
1.968491363006047834e+02
2.011314904829822581e+02
1.973620579513721225e+02
1.883972931003831377e+02
2.037874644412920020e+02
1.758786159200332975e+02
2.018633310290277052e+02
1.767589158265665219e+02
2.006639905465468701e+02
1.957014154582694232e+02
1.839475755866840530e+02
1.772638694446235945e+02
1.983578263591975031e+02
1.875847433050982715e+02
1.886369473368078502e+02
1.826554838736467161e+02
1.845349358093366163e+02
1.856584785755835583e+02
1.918910019353143923e+02
1.828091311750858949e+02
2.037711520398855214e+02
1.988479384830743015e+02
1.813426281451359330e+02
2.009519778111986739e+02
1.934805752542391417e+02
2.014010033999271627e+02
1.976508007859140719e+02
1.906426463263928781e+02
1.945172444941401579e+02
1.900274703396856921e+02
1.871812570998817762e+02
1.857616380188353276e+02
1.920653504446558770e+02
2.010725990085899753e+02
1.980840803006514932e+02
1.874453131981864544e+02
2.027009295445792247e+02
2.020090330616757228e+02
1.910478737686425461e+02
2.111360191053487370e+02
1.989269595813713920e+02
1.910733443028368015e+02
2.011421337849162398e+02
1.976637922529392029e+02
1.974255524598881664e+02
1.874815456283502328e+02
1.901897386849932445e+02
1.922300278529264119e+02
2.001128634329289184e+02
1.930514285707212991e+02
2.009574984504133397e+02
1.891617149342559401e+02
2.034243054504841552e+02
1.849576034856773958e+02
1.918169788882583475e+02
1.878604830636679992e+02
1.868034105828367046e+02
1.912201219668090459e+02
1.802400572334453557e+02
1.894122907037921379e+02
1.826880723455324755e+02
1.887323033995851915e+02
2.058789283256977853e+02
1.952792457231283265e+02
1.955134920415431168e+02
1.848771964581050042e+02
1.938739699124954541e+02
1.886803674359023546e+02
1.848245884017161984e+02
2.045158870247155392e+02
1.950397610575780334e+02
1.870741262297891012e+02
1.931809584091342913e+02
1.823260142089351916e+02
1.830816295841597139e+02
1.953081401259601080e+02
1.799374954567030045e+02
1.895769437357485288e+02
1.909233084983453068e+02
2.117769955278746750e+02
1.945458080974295854e+02
1.832031869533211079e+02
1.798316607938036213e+02
1.965388651114627692e+02
1.792016353658214314e+02
1.931143649740181729e+02
1.841186151240617050e+02
2.091873061459139080e+02
1.870790204091742623e+02
1.854378452373370578e+02
1.908841119064576901e+02
1.930361781979277680e+02
1.922184036050066425e+02
1.885843786229453940e+02
1.883969840032495426e+02
2.082938340660892322e+02
1.936088375171199516e+02
1.982024155552685158e+02
1.939012940355613921e+02
2.056179111509658526e+02
1.851646938181370388e+02
1.860754350219331741e+02
1.932755002646967739e+02
1.824446596780382208e+02
1.864265720984041650e+02
2.019014452264122781e+02
1.889352194924242667e+02
2.020079371609427028e+02
1.918630176409259320e+02
1.935029823887050213e+02
1.726833778163008333e+02
1.738092607885301106e+02
1.941859225413836612e+02
2.028158380462825221e+02
1.884377571846544868e+02
1.866346158370599255e+02
1.709230676790438679e+02
1.797202861065491959e+02
1.891381460271477692e+02
1.939869563647918369e+02
2.098857428642958496e+02
1.780422137968763820e+02
1.841277661765627442e+02
1.869681588922999822e+02
1.967027253090851104e+02
1.964646902624517679e+02
1.926639389319457223e+02
1.945491023821644490e+02
1.997161150085478880e+02
1.973505618732236258e+02
1.932959594992585437e+02
1.918477986977249259e+02
1.872478827238716121e+02
1.976621718153804466e+02
1.862499033785909432e+02
2.029800498794764394e+02
1.853429907582439569e+02
1.820625584089308973e+02
1.743801343908458819e+02
1.948073629090078214e+02
1.863453963894881440e+02
2.029015859518386549e+02
1.962645663071647277e+02
1.940081488658152580e+02
1.944108318655118239e+02
1.934515518501401061e+02
1.989337162746489014e+02
1.935741096083000343e+02
1.885886826733499788e+02
1.819716290722601002e+02
1.925843650147765800e+02
1.909742323588952502e+02
1.807652055794447676e+02
1.765863824834041225e+02
1.942212950920909691e+02
1.974272763768881589e+02
1.862012172748222838e+02
1.829868042114898685e+02
1.938471656554937397e+02
1.978678092814572267e+02
2.021522117776982554e+02
1.982518537568450085e+02
1.944530379546768870e+02
1.835675193436294705e+02
1.834217904709614686e+02
2.031525820722393689e+02
1.872233859386332426e+02
2.006514387390166405e+02
1.999076408989392348e+02
1.920193878425843934e+02
1.961834917431436338e+02
1.876881124210618452e+02
1.865128582413829861e+02
2.035868878443315566e+02
1.943008600310906786e+02
1.974279539525322491e+02
1.787540970542766274e+02
1.731935847203284595e+02
1.808267220204099885e+02
1.969399384911917252e+02
1.800427585293278128e+02
1.943833081394396629e+02
1.889387171033918946e+02
1.915156226492673284e+02
1.937684178955256868e+02
1.864738206059001300e+02
2.006774724981188740e+02
1.790912295514009998e+02
1.914217937043868005e+02
1.922603644344024474e+02
1.920439339281506932e+02
1.921629662154056177e+02
1.944186318120844703e+02
1.888985502114556709e+02
1.931568543533645652e+02
1.930992648725807612e+02
1.957791287916414547e+02
1.798607310534566750e+02
1.952775208513289726e+02
1.870213079758696324e+02
1.802772709572315080e+02
1.699012784093618507e+02
1.879078612108863808e+02
1.930763531346358377e+02
2.018855613308064676e+02
2.002422147616744041e+02
1.895515901131108478e+02
1.850121129455715447e+02
1.813395801224037882e+02
1.911598848195597498e+02
1.949293391067497510e+02
1.814024050343707302e+02
1.928984931273944596e+02
1.844148352467715881e+02
1.971348059146441472e+02
2.022287826416045391e+02
1.891171379438117128e+02
1.949470845406614217e+02
1.978093816552795374e+02
1.970759937468357350e+02
1.929373769949860957e+02
1.882565833044089345e+02
1.963091992685683067e+02
1.881486646018326212e+02
1.787641860963478564e+02
1.919073190312869883e+02
2.024200457747876669e+02
1.676877297905124635e+02
1.759006216381564798e+02
1.897221098746284724e+02
1.996716416274607298e+02
1.852145309825129686e+02
1.879449415541552071e+02
1.856438065692298096e+02
1.730244153381772207e+02
1.986440079835206234e+02
1.910140368665643109e+02
1.770461792326569537e+02
1.958448294253833524e+02
1.878830601464398171e+02
1.952788880321383544e+02
1.885233164829500083e+02
1.990661215253546743e+02
1.825926061610840350e+02
1.875654138470552823e+02
1.804088119868114575e+02
1.974055513510145374e+02
1.941340598733536922e+02
1.823031375714205069e+02
1.751536955104209596e+02
2.019914402135051716e+02
1.887693374115824838e+02
1.985598927399218212e+02
1.942266554373987049e+02
1.936160361326709278e+02
1.822332604003921119e+02
1.898201021399572426e+02
1.900877084571346529e+02
1.896963159783668686e+02
1.938771258648671107e+02
2.016585862908698630e+02
1.892500006423071000e+02
1.832271167031899211e+02
1.852877095401696863e+02
1.949862648059390438e+02
1.810881400913223729e+02
1.783282865495532690e+02
1.975157371186539592e+02
1.875890712018981503e+02
1.920572528687231113e+02
1.894301712868288234e+02
2.013641845968738266e+02
1.974588115804605195e+02
1.831029583460465062e+02
2.066068447490967799e+02
1.893983283731974723e+02
1.856152479083053777e+02
1.990077758765555984e+02
2.073357407158575825e+02
2.014017940940298104e+02
1.930354834507219550e+02
1.936970569614767896e+02
1.940382082206383245e+02
1.999215362789929031e+02
2.033554200902543982e+02
1.847430588286221109e+02
1.909911585550941595e+02
1.958048010927364260e+02
1.868781562991812848e+02
1.906233827155642189e+02
1.901074020007178262e+02
1.831880814947411409e+02
1.971613151525445176e+02
1.999934552771597964e+02
1.861953561795726557e+02
1.767429964703395910e+02
1.924687115785926608e+02
1.915838677501268705e+02
1.934691172575056441e+02
1.902064447509497427e+02
2.027942533742040325e+02
1.917279943352341718e+02
1.914064676806926855e+02
1.794542621773257736e+02
1.972581353664957078e+02
1.693623981044627840e+02
1.948033282228820156e+02
1.837727556909769646e+02
1.853218601520359528e+02
1.838935254964232513e+02
1.990872208749353831e+02
2.097202816339209619e+02
1.898637256542667728e+02
1.893486934709511615e+02
1.911273581476360448e+02
1.952461068943031250e+02
1.926316695300527044e+02
1.743488627149760646e+02
1.960854782527648013e+02
1.948721907140314613e+02
1.786323924859054273e+02
1.993788099596127950e+02
1.950361242556646459e+02
1.964534335325323013e+02
2.027687438355050915e+02
1.899812358355969195e+02
1.938533449046202009e+02
1.987395277464762273e+02
1.947890499493367997e+02
2.025909467848762802e+02
1.919825614462643841e+02
1.835410133296288677e+02
1.897060399418882923e+02
1.973947599662132575e+02
1.938161875520832780e+02
1.908758636051118458e+02
1.961579604810215471e+02
1.854709108768068120e+02
2.004443253206498810e+02
1.978317009047716795e+02
1.915879589562416072e+02
1.766836531612277099e+02
1.968032495901249490e+02
1.841689983758106735e+02
1.811898135689795026e+02
1.924523069876879333e+02
1.992179742716811575e+02
1.921222042990364116e+02
1.891989511899575689e+02
2.026777428737990476e+02
1.839515557565092934e+02
1.734028831360861602e+02
1.955232705078013282e+02
2.007357528909891755e+02
1.993915167924575371e+02
1.943475935189761117e+02
1.821209170936793100e+02
2.015565547451377029e+02
1.814148072851859013e+02
2.013522399620451040e+02
1.860913258808217847e+02
1.745148041913807333e+02
1.691023625287189986e+02
2.090638880948275187e+02
1.909798611636646228e+02
1.851594158784784270e+02
1.987730918388105863e+02
1.847962683246098550e+02
1.902494006645977436e+02
1.990074199455417556e+02
1.693590178373716810e+02
1.945842432382330287e+02
1.945717014161609200e+02
1.961356548509672280e+02
1.971192021839022743e+02
1.897797227260693944e+02
1.911592162191234650e+02
1.874449470807351190e+02
1.926035953918099324e+02
1.924294528484977889e+02
1.881232591300793047e+02
1.849095381464474031e+02
1.883161146232448573e+02
1.991856831444203806e+02
1.806575888824500282e+02
1.990419241288565217e+02
1.808605892291329837e+02
1.999104420563131441e+02
1.932610010935403295e+02
2.007215578630193988e+02
1.992203764530345893e+02
1.903319301009774165e+02
1.982873149344623016e+02
1.882008069057278306e+02
1.806080307749658687e+02
1.883702713558599271e+02
1.889490095094032540e+02
1.880404514065273247e+02
2.043465831833742641e+02
1.988120190635397933e+02
2.024845353731848263e+02
1.892229477056264955e+02
1.995283995362222242e+02
1.917211209360621922e+02
2.042144201436489936e+02
1.887950972149707241e+02
1.688094250593408958e+02
1.737123397752605456e+02
1.767058624559827251e+02
1.893504037391133465e+02
1.879849847751073639e+02
2.096282138418555121e+02
1.792047807247266178e+02
1.890832582490928360e+02
1.939543620491363072e+02
1.981921762407347671e+02
1.899722699818983642e+02
1.995401579837091219e+02
2.086975730115659644e+02
1.854407934048473976e+02
1.855678187870904878e+02
1.973272835905142131e+02
1.920730728799477163e+02
1.747237232647202916e+02
1.819446404099091978e+02
1.845883331176340505e+02
1.968640186793841451e+02
1.847915902203284304e+02
1.899152248392999240e+02
2.008228625439368216e+02
1.955889436217881610e+02
1.813972102116122755e+02
1.861610932118184962e+02
1.887327829954847687e+02
1.860712204240262508e+02
1.720822174599841219e+02
2.018338559255860787e+02
1.929421952046491242e+02
1.805985365566201608e+02
1.860818509646542509e+02
1.881025394694134718e+02
1.872477171145006878e+02
1.798531350799649999e+02
1.897382118265479676e+02
1.822553430081196097e+02
1.812709997325353299e+02
1.792815458409897929e+02
1.792036136940121764e+02
1.759552782117538072e+02
2.063651429477035890e+02
1.832777272104769963e+02
1.872810661026462924e+02
1.874689725294187781e+02
1.966434454958289848e+02
1.984484358820579928e+02
1.851660307244099783e+02
1.747984206590391807e+02
1.919693107801750216e+02
1.955352509462796036e+02
1.974875037209801292e+02
1.965073618390746333e+02
1.943535247902125036e+02
1.982876346590146284e+02
1.907906508228927862e+02
1.799982197638079526e+02
1.844984179955310992e+02
1.825735229538232147e+02
1.870819209346584842e+02
1.885230067520625994e+02
1.765505622259043150e+02
1.952692653491310750e+02
1.848269375460147899e+02
2.045862843938618880e+02
1.948040478012822518e+02
1.948715659246072107e+02
1.844767287651561105e+02
1.942074853143543010e+02
1.843196195174641900e+02
1.809391760562471916e+02
1.968077727180831005e+02
1.944344414869882200e+02
1.927382792916223480e+02
1.905568749349378095e+02
1.593227896971330040e+02
2.004473255357444259e+02
1.722651820119842796e+02
1.769287014691345519e+02
1.766860209348238868e+02
2.035679743210859556e+02
1.868146695336178027e+02
1.937039916334859981e+02
2.038990480678938297e+02
2.092348659207932542e+02
1.934984359491467387e+02
1.819768997172117224e+02
2.041540032929182189e+02
2.039968439723029690e+02
1.853426236410327306e+02
1.842237024228311952e+02
1.876805245661660990e+02
1.985849870214797477e+02
1.828468416753783856e+02
1.855688523500040219e+02
1.999217458805143792e+02
2.007343483784273133e+02
1.882281334947459470e+02
1.789435257625356428e+02
1.940910401045791787e+02
1.826867520657330886e+02
1.970955112636424644e+02
1.823175735714845302e+02
1.785711040911376415e+02
1.855419405220150963e+02
1.913635018644221191e+02
1.855841019013486743e+02
1.965194418762512498e+02
1.908661456903368219e+02
2.023838161866143253e+02
1.957464342291876562e+02
1.961553437925055619e+02
1.844111289379633831e+02
2.060149253029674412e+02
1.964675409295410020e+02
1.977718946466855812e+02
1.986099858508817988e+02
1.976626622309684649e+02
2.059713999888338094e+02
1.817480199283324112e+02
1.865959752567373187e+02
1.876922612216398250e+02
1.899432729517594112e+02
1.951279833367057108e+02
1.829865884028375262e+02
1.896126457932330709e+02
1.931507679656967582e+02
1.993936873345263336e+02
1.939763359781913437e+02
1.843086399233043267e+02
2.011421024549566141e+02
1.897966426362656023e+02
1.995378766424581443e+02
1.946763350275494133e+02
1.945381399733610408e+02
1.949163552072942309e+02
1.958007491450123609e+02
1.912618354449272147e+02
1.942914440569095404e+02
1.969138199410959942e+02
1.963643235197290835e+02
1.925082543989643398e+02
1.899384249597303551e+02
1.889266868422105858e+02
2.049122958400323853e+02
2.114110803794674496e+02
1.850611667863652201e+02
1.922294912004172716e+02
1.176616222192980388e+02
1.942775382353663360e+02
1.739275228394940598e+02
1.880104227487780122e+02
1.787569388449676353e+02
2.046032225786335630e+02
1.930712831126824085e+02
1.843553395367748919e+02
1.941113299387730535e+02
1.921606014825478326e+02
2.042539930843524587e+02
1.961938296501301124e+02
1.777852427924014762e+02
1.897924171303994854e+02
1.940560667877867900e+02
1.907035434645973169e+02
1.971523423558324453e+02
2.031256671686954860e+02
1.754589483019485954e+02
1.801689164817370568e+02
2.003372994349375347e+02
2.000421753991134324e+02
1.956309106923565366e+02
1.913724325757436588e+02
1.922089068294763479e+02
1.946474004153497503e+02
2.051257847792618065e+02
1.899447514001354591e+02
1.965575917646177118e+02
2.002809190988577939e+02
1.937904844970926774e+02
2.012882163898609633e+02
1.845414404779784263e+02
1.948490442481711398e+02
1.856488014555908705e+02
1.947173919529952002e+02
1.945952304491400753e+02
1.949545187858641100e+02
2.004497317431569172e+02
1.920121542805209742e+02
1.900721101060696014e+02
1.896073066456467018e+02
1.915154564878940562e+02
1.723281631305068800e+02
2.032273813823945829e+02
2.039214485128223942e+02
1.882139032783173036e+02
2.011260912781618515e+02
1.951633934069797363e+02
1.897794972063675516e+02
1.869261210615411528e+02
1.995134856433272432e+02
1.944919192470461269e+02
1.924790420165471687e+02
1.734008321352563939e+02
2.035424122990258127e+02
1.869725819921866048e+02
1.861642688266560413e+02
1.945329370581060573e+02
2.055446349214650752e+02
1.941374444357678328e+02
1.999779524598717728e+02
1.857038588029705011e+02
1.960119102600254166e+02
1.886862426256984406e+02
1.809790265564322453e+02
1.989356606766469895e+02
2.034602623678371174e+02
1.958996758086979355e+02
1.937825764698833098e+02
1.894015076951347396e+02
1.888660904015526114e+02
1.774995789387300533e+02
2.013581832539588277e+02
2.055224387151002929e+02
1.953630777089633170e+02
1.694217731880470978e+02
1.898593965987674892e+02
1.960634539185240897e+02
1.793431137039251553e+02
1.963320663685314287e+02
1.872906548717915882e+02
2.027180977363176737e+02
1.765376676974259453e+02
1.935385247891396148e+02
1.920822313729226494e+02
1.995900093247219900e+02
1.909567217284478318e+02
1.841104216270521192e+02
2.004120888212174236e+02
1.938014412554092587e+02
1.869363114700690005e+02
1.973518277878239644e+02
1.853168994574025135e+02
1.958214979959167579e+02
1.927849384481683330e+02
1.989713636874407428e+02
1.817153464262150351e+02
1.966535587781481524e+02
1.832129782120026675e+02
1.994824457963928523e+02
1.892374819301404045e+02
1.877780022591240652e+02
1.926342717110440219e+02
1.820279633537195707e+02
1.994069657228551762e+02
1.844253750679679342e+02
1.939200755472071478e+02
2.034310894586704705e+02
1.995013587492145462e+02
1.904667080277204434e+02
1.815951792645454361e+02
1.894728533143065761e+02
1.894831058260053283e+02
1.971567130223996855e+02
2.009786129419915426e+02
1.893069476055838152e+02
2.063590589347556374e+02
1.790538526456877548e+02
1.986834116311259493e+02
1.950646569251790652e+02
1.981983110166527240e+02
1.932578509416542829e+02
1.834583343180604231e+02
2.026349076864346728e+02
1.872141150561384961e+02
1.878511171999462022e+02
2.030868332433626051e+02
1.898790657580681227e+02
1.970373923924192923e+02
1.912737631643786926e+02
1.975482136901505328e+02
1.867064694939479352e+02
1.886951255590952883e+02
1.791998491479456561e+02
1.924383728844486257e+02
1.931913150625228752e+02
1.924872760100103903e+02
1.852059341468065838e+02
2.018297553324252362e+02
1.883355524900369460e+02
1.867884542988650480e+02
1.911688059711381698e+02
1.830320686528086753e+02
1.928803451118655516e+02
1.858595306496657429e+02
1.997646881952136653e+02
1.913456133417300862e+02
1.886077640634849786e+02
1.900161664016209500e+02
1.976735826604813440e+02
1.939183493647724390e+02
1.967650163609273761e+02
1.986117460805438384e+02
1.899628627387955646e+02
1.972707149392403778e+02
2.037326143492572044e+02
1.772114071696661313e+02
1.842165845515280864e+02
2.012198570768237005e+02
1.802886371254660105e+02
1.912941458636634025e+02
1.906811982139274448e+02
1.940971221327818910e+02
1.924520166150964826e+02
1.938460058439709144e+02
1.824456294503770835e+02
1.817290910169147082e+02
1.667019072981551346e+02
1.780388670909628388e+02
1.970847170300111202e+02
1.848734449780508839e+02
1.872383671930208777e+02
1.978780767382755812e+02
1.826432439446225828e+02
1.846778047898150987e+02
1.939524565392248405e+02
1.916735852142274439e+02
1.854162213320992976e+02
1.852005079020857750e+02
1.986414783084541682e+02
2.057394409166164735e+02
1.925998643074073016e+02
1.837810991627983697e+02
1.835684535437226259e+02
1.763807842177711507e+02
1.793241236775815537e+02
1.911615987575538327e+02
1.931205333095043954e+02
1.857232001592963968e+02
1.930917482037507114e+02
2.033882089377865157e+02
2.096175567402131890e+02
1.960406851631477423e+02
1.886600071851797509e+02
2.012696763950139314e+02
2.095598503762558096e+02
1.807962976687587684e+02
1.870114659054204935e+02
1.964648857979848913e+02
1.851826084621660300e+02
1.841645158882811586e+02
1.944020456974133708e+02
1.759358959325328442e+02
2.022477712523639184e+02
1.938367891524806623e+02
2.018049833838306313e+02
1.945704680892526994e+02
2.010533242466263459e+02
1.957719943818599120e+02
1.855309326213821635e+02
1.937979220650084358e+02
1.920542436103485500e+02
1.977045738106854174e+02
1.951725445926748250e+02
1.912736619042493373e+02
1.928353431480079792e+02
1.936839348642006655e+02
1.758272043640613447e+02
1.739822732862718340e+02
1.895266189451441221e+02
1.868642055043466428e+02
1.951336531133092933e+02
1.995902716333009437e+02
1.867834801107905776e+02
2.014803534719050049e+02
2.011758664239123391e+02
1.895035333540849365e+02
1.919706748026162302e+02
1.908840635784193864e+02
2.034700485039018076e+02
2.087660737198106915e+02
1.693382011877894513e+02
1.855546891388297013e+02
2.041931135507524004e+02
1.985993216420747274e+02
1.990545196697190420e+02
1.841672389393821447e+02
1.879613467867672512e+02
2.003070430164709705e+02
1.866890127186551638e+02
1.976308489437662104e+02
1.935589231870882259e+02
1.942632412513569022e+02
1.834193398797400221e+02
1.938352144793160221e+02
1.778104263566546024e+02
2.016211235151104688e+02
1.956548249766044307e+02
1.788519404247924740e+02
1.931916906354315699e+02
1.837867674938551943e+02
1.803009909005276938e+02
1.865632958448380236e+02
1.980352725685462474e+02
2.022094016839228630e+02
1.822941922420039873e+02
1.904540558832325132e+02
1.930559449075609564e+02
1.757123259922042564e+02
2.114480735243633376e+02
2.125098786891363432e+02
1.921160371783152243e+02
1.995744987885616695e+02
2.045903169306516531e+02
1.947974945768714008e+02
1.908451569494754096e+02
1.905983804750591446e+02
1.764915212012380437e+02
1.801097853136584206e+02
1.965706236231364414e+02
2.049675471672117624e+02
2.020608391804210839e+02
1.704959304823465516e+02
1.954254963139556480e+02
1.919594243204370230e+02
1.924712475716918618e+02
1.955032795484364101e+02
1.982824123362377406e+02
1.891275838258638942e+02
1.849103009456843267e+02
1.974276405222527728e+02
1.863267294958420166e+02
1.888484477462284303e+02
1.783251828557513647e+02
1.797308615282140636e+02
1.984424402656815971e+02
1.956120018311068520e+02
1.967840465354286152e+02
2.044821306677758628e+02
1.990744892771206764e+02
2.036905827969126506e+02
1.994209596459381260e+02
1.937703799797780846e+02
1.905693139802329199e+02
1.840602782990820572e+02
2.061651344063803606e+02
1.909876406814642280e+02
1.926719911579564268e+02
2.042276381060667347e+02
2.002011643339954219e+02
1.963938510025553512e+02
1.834255021094568008e+02
1.853687068882174742e+02
1.854051918423771781e+02
1.598641749464050008e+02
1.735394831915795919e+02
1.910133574267215977e+02
1.919024016376137638e+02
1.965887511905580709e+02
1.961307449521571300e+02
1.873597904031313988e+02
1.923744394638314930e+02
1.911016542589180176e+02
1.933258703255541491e+02
1.908608558735512304e+02
1.949713549939542929e+02
1.859270011132471154e+02
1.980442928385064079e+02
1.982557226371541503e+02
1.959636274594962515e+02
1.943844818846061742e+02
2.014145351502224912e+02
1.903177562108226084e+02
1.828649695773906956e+02
1.968853168057538596e+02
1.877911483479514629e+02
1.902716965060122334e+02
2.008948103120177962e+02
1.941627697501815817e+02
1.812362013827599583e+02
1.862432580791190162e+02
1.855269573141522699e+02
1.926205801187493023e+02
1.995542933129183893e+02
1.862483079566881088e+02
1.920394401980340433e+02
1.903407747188136057e+02
1.868267950815297525e+02
1.957163174280114504e+02
1.820102047349289194e+02
2.062100627603270198e+02
1.840698860620334756e+02
1.826847983232736681e+02
1.868573669430166433e+02
1.924156543580405412e+02
2.037114260832778996e+02
1.935841999878920490e+02
1.878477630242332737e+02
1.929704315912946981e+02
1.815666777382195107e+02
1.751835858842395339e+02
1.921736264449507132e+02
1.931164457775578001e+02
1.890961037219874470e+02
1.903083956302553474e+02
1.940791312111653326e+02
1.850781053659319753e+02
1.864983768218718581e+02
1.907455888611972341e+02
1.954533315342403910e+02
1.912877501887492713e+02
1.801142866447344488e+02
1.983960253852941094e+02
1.960110440407954115e+02
1.950006170626953121e+02
1.876482618114799266e+02
1.955521100203692981e+02
1.897761156464703447e+02
1.872868749912306612e+02
1.884290903187207959e+02
1.805120750404968817e+02
1.896043959033265764e+02
1.785838293339870972e+02
2.075723159529566715e+02
1.993974493777267583e+02
1.844433410150632255e+02
1.918474549089223160e+02
1.860135144362114374e+02
1.961539300532787991e+02
1.802406822311170345e+02
2.007585282150618866e+02
2.016081446476839574e+02
1.744382507391609352e+02
1.800348697360381607e+02
2.034557810291089197e+02
1.980505444183461350e+02
1.963435569459609553e+02
2.019961093428544814e+02
1.825874320104308310e+02
2.035290507375523532e+02
2.012248796177283054e+02
2.005099768633209294e+02
1.830279271023571539e+02
1.856060591492615686e+02
1.992391368105597849e+02
1.919001551862433530e+02
2.071908763627894245e+02
2.038524608565531651e+02
1.954683039656877384e+02
1.920635634542703656e+02
1.661122617579810310e+02
1.890386937667243217e+02
1.929265167697332686e+02
1.758858905668258785e+02
1.813773709206022318e+02
2.035526516618393487e+02
1.765445261516422022e+02
1.916270336257889824e+02
1.730806209396235715e+02
1.985716160429939521e+02
1.986840373284481416e+02
1.945994539921060209e+02
2.025952399790994889e+02
1.937256126180924412e+02
1.982890813712552074e+02
1.906603084070384568e+02
1.884638296985551733e+02
1.820569835970550798e+02
1.809689973144307658e+02
1.996142424241863296e+02
1.829108899090587954e+02
1.908312699964866113e+02
1.941992909127175722e+02
1.974599137506298803e+02
1.907088459820300272e+02
1.944084794434457990e+02
1.849485972781665737e+02
2.037379425204917709e+02
2.114195942799262582e+02
1.901634934327267104e+02
1.987510740530640021e+02
1.935756750168465032e+02
2.008492274194396998e+02
1.898694623096808698e+02
1.877430745487995409e+02
1.831540870028920551e+02
1.865423611184023400e+02
1.799723764611892420e+02
1.906365602622181257e+02
1.861254510176330825e+02
2.132684507894143451e+02
1.662770896264836153e+02
1.842343897267915338e+02
1.879818923228829988e+02
1.888666728997677637e+02
1.989302182872928597e+02
1.934434616627097228e+02
1.859211532534137348e+02
2.024255583963580420e+02
1.924489475226923787e+02
1.941093777429908585e+02
1.872316862377785185e+02
1.826175682041235291e+02
1.733511176557950648e+02
1.704482369913421564e+02
1.879639821247756402e+02
1.949090257890298972e+02
1.981915642271935951e+02
1.842886566291861357e+02
1.918682658701911521e+02
1.919184619674086605e+02
1.859227057068459601e+02
1.868140086651667957e+02
1.928639394256919672e+02
1.903950938513800395e+02
1.931790333173125873e+02
1.888923554718904256e+02
1.897765372798703538e+02
1.816559225120879830e+02
1.942779440599158534e+02
1.875852940626666054e+02
1.911721948629580368e+02
1.748607118653096393e+02
1.922408585283272089e+02
1.742503161757476562e+02
1.942742036671750157e+02
2.051331801208779098e+02
1.946252658246345959e+02
1.814419050436615919e+02
1.965733171158582024e+02
1.755054945133551882e+02
1.960578754169903561e+02
1.883811260416433129e+02
1.954524963172636944e+02
2.045368449092321157e+02
2.091982268401347085e+02
1.994951162601262240e+02
1.828115812296047693e+02
1.779293467097058965e+02
2.069070693310424645e+02
1.964261831860616780e+02
2.009755898120477866e+02
1.912639985919184937e+02
1.808845797974206562e+02
1.824082334638312375e+02
1.959836527124382428e+02
2.039863501354456048e+02
1.897881473209522767e+02
1.965041581557504742e+02
1.864382426374889974e+02
1.750217574862427909e+02
1.985940238249227434e+02
1.995559310997500972e+02
1.952312703911848359e+02
1.877993636567182705e+02
1.873589119476675933e+02
2.039302775828093388e+02
1.848293628925532062e+02
1.826372278498858179e+02
1.845014857361763632e+02
1.933478696080297254e+02
2.010519260278157958e+02
1.843911062687859044e+02
1.913723407967798380e+02
1.912383641248904098e+02
1.909290422820001822e+02
1.812259411745853583e+02
1.958816290970034970e+02
1.949823941554539033e+02
1.869779035545848274e+02
1.793417765318155261e+02
2.108140304802432752e+02
1.934346895804964106e+02
1.940627107320688651e+02
1.902583080733604675e+02
1.909956790519021581e+02
1.945218898259773823e+02
1.850369971122890718e+02
1.941649749974831991e+02
1.874850752643570218e+02
1.873695888778157439e+02
1.799602575323619078e+02
1.925858892452977500e+02
1.901693263470269812e+02
1.924184245672449549e+02
1.990222033380754283e+02
1.956909179875403595e+02
1.939598791888654148e+02
1.863309748059585615e+02
2.019697908134572231e+02
1.981231007512472502e+02
1.970910516382120647e+02
1.704455206810757488e+02
1.809407886077910632e+02
1.835159181390255583e+02
1.899623595015816306e+02
1.956063198877461389e+02
1.919098431580997897e+02
1.819193148557543793e+02
1.936958364834524673e+02
1.886721075350046135e+02
1.827721677965782590e+02
1.870307919323071815e+02
1.928680433936491738e+02
2.045866553630121132e+02
1.950687852028273142e+02
1.974950985244996957e+02
1.860756230855062654e+02
1.951048702572472280e+02
1.895983386466130582e+02
1.815508154710307736e+02
2.034511907035559375e+02
1.979701995050459971e+02
1.874697094058841458e+02
1.817581953547634157e+02
1.833452014927454172e+02
2.030962923788726471e+02
1.867439102831222044e+02
1.828912118273898955e+02
1.879431469868160889e+02
1.905477072574868771e+02
2.056252098019793664e+02
1.921786613310054008e+02
1.968259259918183091e+02
1.871914353351891123e+02
1.847043331374935917e+02
1.967791451485902030e+02
1.996876593350097551e+02
1.967493187687173588e+02
1.927395140161029872e+02
1.935802310302853471e+02
1.885828084383867633e+02
1.984511851595602820e+02
1.854793468750677903e+02
1.870242213374823450e+02
2.001052568246908550e+02
1.784778920632637949e+02
1.969988915079757703e+02
1.906808078945092859e+02
1.986118098297268091e+02
1.953000269119441441e+02
1.898487131666243215e+02
1.970897060679607193e+02
1.909576540657058388e+02
2.056116895813606789e+02
1.901709696545079282e+02
1.857279477182775622e+02
1.964359230491779726e+02
1.758770587413534656e+02
1.879408555130362402e+02
1.877292926129437944e+02
2.110237346582710813e+02
1.973427780850678630e+02
1.874481747578829527e+02
1.930722423326261321e+02
1.892541837528012820e+02
1.959640454646572607e+02
1.955142614558637035e+02
1.812531666585542212e+02
1.880009741769805487e+02
1.925190873231142632e+02
1.734428564074374606e+02
1.920286604193933329e+02
1.762667778753675520e+02
1.928481615972667953e+02
1.781866165698580460e+02
1.874674005138613211e+02
1.937301594747342222e+02
2.069701012376733047e+02
1.840698704939931645e+02
1.923013933704718852e+02
1.938659955786205842e+02
1.804651615892201733e+02
1.870967631750665703e+02
1.946360122667849168e+02
1.875356012329757220e+02
1.848679224329590909e+02
1.783004165428318117e+02
1.921075333128757734e+02
2.050231333348341423e+02
2.024345532785579564e+02
1.926208244360201149e+02
1.921139927476085631e+02
1.928115158995092031e+02
2.012281710964366823e+02
1.889215558691099375e+02
1.723217450609393495e+02
2.007905058899410164e+02
1.870469381573125816e+02
1.982170132909454310e+02
2.069337179099395883e+02
1.888702482883334142e+02
1.832302425965741293e+02
1.968388827478699454e+02
1.928505773120820663e+02
1.800166113101169572e+02
1.985326384758539575e+02
1.908287193831876039e+02
1.981381841282993435e+02
1.982590705676562948e+02
1.945096781547851776e+02
1.839584695431254886e+02
1.872512235832326155e+02
2.011445796804800636e+02
1.947777378535456876e+02
1.949307750686742224e+02
2.025225090101882870e+02
1.918183076334223074e+02
1.946455954283028973e+02
1.891718955903463097e+02
1.967131660904437354e+02
1.945382801547162330e+02
1.873017599052451487e+02
1.803448067030459754e+02
2.056214370086863710e+02
1.891852883266024321e+02
2.008395957339666893e+02
2.020198831900693506e+02
1.958931296655796359e+02
1.814969620023593393e+02
1.896716661597564837e+02
2.015033735838197231e+02
1.903105585852228216e+02
1.937118906791880590e+02
1.760574267353638902e+02
1.762807379304021538e+02
1.949153320852555282e+02
1.859887270798087116e+02
1.897607666039504011e+02
1.910058918988555661e+02
1.929851259549446354e+02
1.810131792458109601e+02
1.879542695188745824e+02
1.857429471426196415e+02
2.038250964342616385e+02
1.945247211729027299e+02
2.007245456317029948e+02
1.848359320305585811e+02
1.978569716985560945e+02
2.017902561026737089e+02
1.953696082847192770e+02
