5.620186335479387781e+05
5.143041045098309405e+05
5.121366343366677756e+05
5.447830375985816354e+05
5.579220374415927799e+05
5.474244829327721382e+05
5.573376891428462695e+05
5.314207941696946509e+05
4.738627129535216955e+05
5.003405574336276040e+05
4.899301706751347519e+05
5.181887228663624264e+05
5.765386382399072172e+05
5.216832508276984445e+05
5.067259481592748780e+05
5.302838912336361827e+05
5.162515121858962812e+05
5.636522980977911502e+05
5.209672081184128765e+05
4.896670794077289174e+05
5.385031941582120489e+05
5.684426556089350488e+05
5.396123902708520181e+05
4.871558972031713347e+05
4.971146852286658832e+05
5.535689140217838576e+05
5.528444437088712584e+05
5.561892425835423637e+05
5.568020742869112873e+05
4.922051862480807467e+05
5.346111867406046949e+05
4.958395762098066043e+05
5.008251862261845381e+05
6.232541700376427034e+05
5.469557209864513716e+05
5.623992338432953693e+05
5.390887238516609650e+05
4.944099578002478811e+05
4.996594492020735051e+05
5.362979197865959723e+05
5.250151882049898850e+05
4.821168132175494102e+05
4.690436499319769791e+05
5.388871652151566232e+05
5.047240031497909804e+05
4.885841295885023428e+05
5.052652842609460931e+05
5.646172090328322956e+05
4.963207938990773982e+05
5.251938596051140921e+05
5.281048207430490293e+05
4.816194987288219854e+05
5.302091586831373861e+05
5.157932858103764011e+05
5.152154392745121731e+05
5.456583807409874862e+05
5.580639021909405710e+05
5.664511728531999979e+05
5.269441170486133778e+05
5.128595716238988680e+05
5.359738919283597497e+05
5.229238334716385580e+05
5.389776444026251556e+05
5.221231529056804138e+05
4.905038300110852579e+05
4.951568887856453075e+05
4.710321237510112114e+05
5.253528900403744774e+05
5.086066861149515025e+05
5.115764209301619558e+05
5.735373941064740065e+05
5.356507356117905583e+05
4.868611915974651929e+05
5.685416955638058716e+05
5.470939889270152198e+05
5.204661456834494020e+05
5.305419851078009233e+05
5.601428291356938425e+05
5.277962716888682917e+05
5.330652321249039378e+05
5.739819446041015908e+05
5.373817439189115539e+05
5.325003884416058427e+05
5.191775026976977824e+05
5.343293307413839502e+05
5.198044966944573098e+05
5.329652683554645628e+05
5.672534041247298010e+05
5.351185503504233202e+05
5.000576293791415519e+05
5.090254763885156135e+05
5.183512769950158545e+05
4.810059670897324686e+05
5.529864781094973441e+05
4.762595170942781260e+05
5.245978816768203396e+05
5.279907007337390678e+05
5.704323746472995263e+05
5.229954084501010366e+05
5.276932837318965467e+05
4.869376037134148064e+05
5.263739108701884979e+05
4.933883927292585140e+05
5.403501647146954201e+05
5.334121194331729785e+05
5.318510899974475615e+05
4.997778310812458512e+05
5.863994573099925183e+05
5.400548512060185894e+05
5.287038602417387301e+05
5.102909479771541664e+05
5.174788948069497128e+05
5.226446322410434368e+05
5.236082003097685520e+05
5.454104482188092079e+05
4.888418138451497070e+05
5.793956391441513551e+05
5.057178815086651011e+05
4.685866281842908356e+05
5.180309109811334638e+05
4.719473002992825350e+05
4.959764793431059225e+05
5.051676306248313049e+05
5.303930291612071451e+05
5.662471658969648415e+05
5.434858687099285889e+05
5.756959974577868124e+05
5.101007413854028564e+05
5.333712711556720315e+05
4.816088544107609778e+05
5.213144499047512072e+05
5.209844166527265334e+05
5.306274534450581996e+05
5.265840562727957731e+05
5.456360875897392398e+05
5.072908295029670116e+05
5.320345953780721175e+05
5.005211859044348821e+05
5.370496511991177686e+05
4.709143091553060221e+05
4.604885793439246481e+05
4.998734527389048017e+05
5.514664502767410595e+05
5.232289935494447709e+05
4.972674563765620114e+05
5.072548659191048355e+05
4.947078860148421372e+05
5.631663571502934210e+05
5.146064540497220587e+05
5.146458550182922045e+05
5.401214523535100743e+05
4.990315581496550585e+05
5.603080275665496010e+05
5.349084019525159383e+05
5.658404280414978275e+05
4.921264380723853828e+05
5.067358613802585169e+05
5.453069944848631276e+05
5.390821728507834487e+05
5.538335829475689679e+05
5.742806944361714413e+05
5.489212438191614347e+05
5.039929285707990639e+05
5.058222660899635521e+05
5.068040222716128337e+05
5.078530802083634189e+05
5.618716270553637296e+05
5.477817022937519941e+05
5.526907491726444568e+05
5.167541416314839153e+05
5.187192459401107044e+05
5.545190322481263429e+05
5.254711215452987235e+05
5.189528170116465189e+05
5.268061596948774531e+05
5.051054384931401000e+05
5.041296970005322946e+05
5.168091497618626454e+05
4.861869144440654200e+05
5.372640380564389052e+05
5.063018450589175336e+05
5.028766620752150775e+05
5.904997391817792086e+05
5.593657840655593900e+05
4.974202820578127285e+05
5.403316401426249649e+05
5.805231291726508643e+05
4.992069009759632172e+05
5.404532840334731154e+05
5.567860048316690372e+05
5.215659369124542573e+05
5.159786319287788938e+05
5.054150297683788813e+05
5.061164142877002596e+05
5.130774489622682449e+05
5.276117497206036933e+05
5.123560948035137844e+05
5.274750672621895792e+05
5.279125191227368778e+05
6.144594525331755867e+05
5.455527628602177138e+05
5.583041575551815331e+05
5.059438683848298388e+05
5.286797107954146340e+05
5.289541840250397800e+05
5.574620000176453032e+05
4.842759219333261717e+05
5.256319012441289378e+05
5.911906057825922035e+05
5.337072294569707010e+05
5.943832645137484651e+05
5.061963114085230627e+05
5.126368753350742045e+05
5.368464009950121399e+05
5.412327882398198126e+05
4.974180025660154060e+05
5.666637218141804915e+05
4.734564224935981911e+05
5.417604056020578137e+05
5.506863806855808944e+05
4.978381095599207911e+05
5.061399457229937543e+05
5.005921181859585922e+05
5.305602454978612950e+05
5.208650357396400068e+05
5.347357578320027096e+05
5.241672301609707065e+05
5.874537809994160198e+05
5.021695667228712118e+05
5.708935654719683807e+05
4.791566713280446129e+05
5.221903287833268405e+05
5.591477409159205854e+05
5.130763869672766887e+05
5.198995092676256900e+05
5.236244635730973678e+05
5.291664967768079368e+05
5.529723273271478247e+05
5.001617504339491134e+05
5.610103762067764765e+05
5.617550976357781328e+05
5.174269293251695344e+05
4.990656204172053840e+05
4.970705306995861465e+05
4.919182911069911206e+05
4.959577291039449628e+05
5.320256668826119276e+05
5.147672569282409968e+05
4.994895582625672687e+05
5.132952727969584521e+05
5.020716862915674574e+05
6.108795923203424318e+05
5.304253017404908314e+05
4.813520923807272920e+05
5.774359063771923538e+05
5.114132724486109219e+05
5.003548552786225337e+05
5.168028839437688584e+05
4.931084826326429611e+05
5.372730848008401226e+05
5.236022645514821052e+05
5.277707427219862584e+05
5.565835158236229327e+05
4.621624654068978271e+05
5.290532325861414429e+05
4.994690708015998243e+05
5.117368927392562618e+05
5.223895983153184643e+05
5.606541714956937358e+05
5.461363516275661532e+05
5.009954856859559077e+05
5.854607238095827634e+05
5.361105793386731530e+05
5.172138345180692850e+05
5.760811097413660027e+05
4.834696705646116170e+05
5.462378248341094004e+05
5.483819888623554725e+05
5.013476026921345619e+05
5.100918514079702436e+05
5.814556875454862602e+05
5.457922399397270055e+05
4.984726966520007700e+05
5.250950699945333181e+05
4.743077023443314247e+05
5.220978873185119592e+05
5.596096666920931311e+05
5.431611066645544488e+05
5.437704555873880163e+05
5.435017970559336245e+05
5.450195413422436686e+05
5.301231701736876275e+05
5.565955630365128163e+05
5.282508164445069851e+05
5.459673953947193222e+05
5.403944619415433845e+05
5.860141841064810287e+05
5.294269678192371503e+05
5.324437558048935607e+05
4.893204351489002584e+05
5.369666021642342675e+05
5.362082946753620636e+05
4.917095282776040258e+05
4.748968046963958186e+05
4.729230244064379949e+05
5.489289739514255198e+05
5.932999034296609461e+05
5.844106274738125503e+05
5.171876961705254507e+05
5.167719116226374172e+05
5.352463483467544429e+05
5.398842947758430382e+05
5.359226435398575850e+05
5.314733767949811881e+05
5.617503420544035034e+05
6.120234839578234823e+05
5.531031722944946960e+05
5.242493906677174382e+05
4.998397863957046065e+05
4.980552305154883652e+05
5.738972906128921313e+05
5.272698762808275642e+05
4.975124515636487049e+05
5.764311328658544226e+05
5.041757653650075081e+05
5.698093632801203057e+05
5.880943988674955908e+05
5.369698857266380219e+05
5.310053914302685298e+05
4.916590916894017719e+05
5.036238657474424108e+05
5.218049902180106728e+05
5.237816939182324568e+05
5.336630143220494501e+05
5.694694038727930747e+05
5.642943585527158575e+05
5.686293278768494492e+05
5.540307356666262494e+05
5.367555002302053617e+05
5.491909887191877933e+05
4.893076998411470558e+05
4.847677425785246887e+05
5.606744535171766765e+05
4.873319145447399351e+05
5.480899665389196016e+05
5.253827277931318386e+05
5.791568556573435199e+05
5.116328854454638786e+05
6.329502814344373764e+05
5.090697720595624414e+05
5.367843234584628372e+05
5.503479780586448032e+05
4.927838847649915260e+05
5.367082164474766469e+05
3.701051967170874705e+05
4.692752735245557269e+05
5.406138132388083031e+05
5.440768168723823037e+05
4.786149110230599763e+05
5.241777665085638873e+05
5.085540872951630736e+05
5.270079064724558266e+05
5.434371998505201191e+05
4.815953890757242916e+05
5.757123977950329427e+05
5.048838903847621405e+05
4.855971990471252939e+05
4.983330515155392350e+05
5.259214031189923408e+05
5.037905139533625916e+05
5.424127314084301470e+05
5.261177042981404811e+05
5.015897377452785149e+05
5.152299917651742580e+05
5.041290648267975193e+05
5.239163093054284109e+05
4.999056610592402867e+05
4.759887481702654622e+05
5.129279397985178512e+05
4.993949439444016316e+05
5.543049211013077293e+05
5.110406939757514629e+05
4.883200991559172398e+05
4.985202347232673783e+05
5.095945010472004069e+05
5.437172251094367821e+05
5.397416186501126504e+05
5.138724665159723954e+05
5.577875495179124409e+05
5.674870563750882866e+05
5.162675151021851343e+05
5.203441914539785357e+05
5.407217330338808242e+05
4.931141464980476885e+05
5.790708106395601062e+05
4.816813313194565126e+05
5.344777901429978665e+05
4.871987885694624274e+05
4.970653808485629270e+05
5.072067855242848746e+05
5.574918212704873877e+05
5.301437220177861163e+05
5.149124243551833788e+05
5.241820454317373224e+05
5.523151178879129002e+05
4.984608993414306315e+05
5.166291460711663822e+05
5.451770649469277123e+05
5.358963281888497295e+05
5.340043040794573026e+05
5.340770471610338427e+05
5.139668213933954248e+05
4.878436925783715560e+05
5.167733229374283692e+05
5.409365923583117547e+05
5.340369463620522292e+05
5.583974907672480913e+05
5.051418771069358918e+05
5.507072551242769696e+05
4.959860400957199745e+05
5.350287355542231817e+05
5.417913331485711969e+05
5.222163839445207268e+05
5.037454286733711488e+05
5.365589115311775822e+05
5.069619773396993987e+05
4.616289927145984839e+05
5.411006996454405598e+05
4.928057268487093388e+05
5.274200327926928876e+05
5.249779761674591573e+05
5.136385709066057461e+05
5.653829482302240795e+05
5.245609936726466985e+05
5.238775097469592001e+05
5.217942148890555836e+05
5.228538513114933739e+05
5.341432087452342967e+05
5.334345878302487545e+05
4.805658952544571366e+05
5.338819996142965974e+05
5.238977705792981433e+05
4.904726349428495159e+05
4.739942365497300634e+05
5.764540927791141439e+05
5.099503887187837972e+05
5.412785921346565010e+05
5.122981059563108720e+05
5.092565818858299754e+05
4.884227033816985204e+05
5.228707102660672390e+05
5.966908648807938443e+05
5.809109549996992573e+05
5.505672406355610583e+05
5.210884197050277144e+05
5.596550576714238850e+05
4.895331715506730252e+05
5.177440498361674836e+05
5.274006222935462138e+05
4.920852728926499840e+05
5.406514786103070946e+05
5.275498416830659844e+05
5.562431847732183523e+05
5.268881369275792968e+05
4.893937645189138129e+05
5.416879918568179710e+05
5.441436390564535977e+05
5.322070147562851198e+05
5.208914322439322714e+05
5.136527578164236620e+05
4.816166435600329423e+05
5.673801582958596991e+05
5.422966532503606286e+05
5.408494612399489852e+05
5.194328967740045628e+05
5.634774142989765387e+05
4.949487962831198820e+05
5.142965902265354525e+05
5.303786190004054224e+05
5.254282952021982055e+05
5.967277917781588621e+05
5.761329411546874326e+05
5.355137054884897079e+05
6.051976277063867310e+05
5.821273444248996675e+05
5.399743655938263983e+05
5.315879112753295340e+05
5.088794856356919627e+05
5.170688693887990667e+05
5.532500158222055761e+05
5.299312753007712308e+05
5.225817954506701208e+05
5.204215446915660868e+05
5.024488098861709004e+05
5.547421952988225967e+05
5.286982634668239625e+05
5.203401232542434009e+05
5.725126850989612285e+05
5.549198409793593455e+05
5.157375448781739688e+05
5.207635975524891401e+05
5.250643784112040885e+05
5.410188109803124098e+05
5.409138870433390839e+05
4.607903879648863222e+05
5.461335021930257790e+05
4.970222931216344587e+05
5.111558851108142990e+05
5.201080489177033887e+05
5.308954707205452723e+05
5.023167205794368056e+05
5.663028103462975705e+05
5.433276188692536671e+05
5.661287234504950466e+05
5.369182968846742297e+05
5.750055520864047576e+05
4.958677094922213582e+05
5.366081172912764596e+05
5.935421289075965760e+05
5.007356364735284587e+05
5.281997947431313805e+05
5.397357918842651416e+05
5.843799304073678795e+05
3.275748619778978755e+05
5.283951124429519987e+05
5.268987280686770100e+05
5.238510180352918105e+05
5.218318490346287726e+05
5.365375102117781062e+05
5.025202651539644576e+05
5.208475247377493652e+05
5.495187525151993614e+05
5.245524352632313967e+05
5.635709311779701384e+05
4.877958887965765316e+05
4.040997285639080219e+05
5.561427231975789182e+05
5.030609446392069221e+05
5.331932903794035083e+05
5.163744268103186041e+05
5.902860752556535881e+05
5.083925244294251897e+05
5.365462144798419904e+05
5.201283659007499227e+05
5.486772553065068787e+05
5.212579144439690281e+05
5.140348055219131638e+05
5.356226863200251246e+05
5.707950239762716228e+05
5.141944221143472241e+05
5.476109993106152397e+05
5.289811402555309469e+05
5.000099732929276070e+05
5.512822527307156706e+05
4.718200915935534867e+05
5.128644458408247447e+05
5.337297228487625252e+05
5.078403719529620139e+05
4.836749443079303601e+05
5.002960416540542501e+05
4.776786041616976145e+05
4.935765715096384520e+05
5.413594882726469077e+05
5.244283494084586855e+05
5.141983223338976968e+05
5.286119474318852881e+05
5.810110990548231639e+05
5.710721564725429052e+05
5.646940147231996525e+05
5.133390638256113743e+05
5.143626549365445389e+05
4.914436728012753883e+05
5.309853289852071321e+05
5.501726007254256401e+05
5.493487462105603190e+05
5.243942547642659629e+05
5.466926062446871074e+05
4.881940272091518855e+05
5.797907244258587016e+05
5.388373965379402507e+05
5.471688119563767686e+05
5.166018493345914176e+05
5.401171707185540581e+05
5.479739368436245713e+05
5.207355105372834369e+05
5.477770927190536167e+05
5.467405471285828389e+05
5.242184736294465256e+05
5.251790281172520481e+05
4.836624149505857495e+05
5.132751802436698927e+05
5.388743241163938073e+05
5.101641025133328512e+05
5.427345047545838170e+05
5.462529975420419360e+05
5.865910500101220096e+05
5.266837227447519545e+05
5.247364736795081990e+05
4.996939635454988456e+05
5.325774284769817023e+05
4.859920389025291079e+05
4.737428287264353712e+05
5.480132075680339476e+05
5.508152365084489575e+05
5.313631270588764455e+05
5.107181713410626980e+05
5.411326880509973271e+05
4.895629911019556457e+05
5.761045378926231060e+05
5.200066399366207188e+05
4.956219481324388180e+05
5.121517181222492363e+05
5.034978854952522670e+05
4.926355386041607708e+05
5.012558595570218167e+05
5.105099898032869678e+05
4.939817916809049202e+05
5.236175410311186570e+05
5.763570636985435849e+05
5.318177305636195233e+05
5.684335349419802660e+05
5.075141035977081629e+05
5.140688366380866501e+05
5.198677431281724130e+05
5.508075779853417771e+05
4.960643940027541248e+05
5.469079945498285815e+05
5.022073819062818075e+05
5.329362367116084788e+05
5.116168453522287891e+05
5.069037810294731171e+05
5.114294046846563579e+05
4.757733443761514500e+05
5.588994551911465824e+05
5.026732045386598329e+05
5.466295186750077410e+05
5.240352496373051545e+05
5.453741516556820134e+05
4.973172867404270801e+05
5.030607515711708111e+05
5.442781456430455437e+05
4.730002248500304995e+05
5.402832416370444698e+05
5.366448228946788004e+05
5.900527581548542948e+05
4.873178835900664562e+05
5.202694690726594999e+05
5.214484832959031919e+05
5.366754201731472276e+05
5.271851829762482084e+05
4.926326559748514555e+05
5.416833634280207334e+05
5.151500966457438190e+05
5.404786653697628062e+05
4.947857623369505163e+05
5.240392056942535564e+05
5.024949381440994330e+05
5.307303783123256871e+05
5.676636449611473363e+05
5.065494599909150274e+05
5.045401775575866923e+05
5.211043654633022379e+05
5.530755176172341453e+05
5.272607766573369736e+05
5.428812631393281044e+05
5.020911912604137906e+05
5.318586114854207262e+05
5.107265910704329726e+05
5.125462443004689412e+05
4.905213519928690512e+05
5.526601888815006241e+05
5.127532664091316401e+05
6.051376981933785137e+05
5.071274521748896223e+05
5.006642104539163993e+05
5.654749660937751178e+05
5.086079875755792600e+05
5.541978346553926822e+05
5.089357773664235137e+05
5.180678715252951370e+05
6.176932350109100807e+05
5.351943852831397671e+05
5.299330392504431074e+05
5.503298205546608660e+05
5.121346212387029082e+05
5.692925475159942871e+05
5.482264682752660010e+05
5.161626878600623459e+05
5.431286786582806380e+05
5.136711884996769368e+05
5.341304215928621124e+05
5.479274860216975212e+05
5.473812711920960573e+05
5.384860344459026819e+05
5.474423451108020963e+05
5.109732935294143972e+05
5.174050824788169703e+05
5.292019078765246086e+05
5.831554962479616515e+05
5.231855410537079442e+05
5.380571588770346716e+05
5.092952357363527408e+05
5.011405128092260566e+05
5.151384322395874187e+05
5.608077383478502743e+05
4.899972895678585046e+05
5.247208783415182261e+05
5.313180290081250714e+05
5.244959232419717591e+05
5.618651989976738114e+05
5.340770749448098941e+05
5.448542570600976469e+05
5.267345140501530841e+05
6.126078425003436860e+05
5.528270709145235596e+05
5.151518896422194084e+05
5.357951773312942823e+05
4.671553258180479170e+05
5.817073396690908121e+05
5.370342596479990752e+05
5.567416745246963110e+05
5.771095788721782155e+05
5.649471024871390546e+05
5.203811036713536014e+05
5.487675248020807048e+05
4.824149659157101414e+05
5.562123872469472699e+05
5.048897481912752264e+05
5.440797783877248876e+05
4.573813730463417014e+05
5.262739455361209111e+05
4.821441705890040030e+05
5.115949914914373076e+05
5.264533088759896345e+05
4.927063700429440942e+05
5.253345234382766066e+05
5.331177126469921786e+05
4.713445852910796530e+05
5.426106886799583444e+05
5.542234659206351498e+05
5.700246457929100143e+05
5.408836494759197813e+05
4.777877274471046985e+05
5.417087025543248747e+05
5.306978723819493316e+05
5.794477506305610295e+05
5.985675518786172615e+05
5.328486408636342967e+05
5.489069396971362876e+05
5.355546028762537753e+05
5.845916412865767488e+05
5.048514154551716638e+05
5.337770826075620716e+05
5.387345029868094716e+05
5.250256820448443759e+05
5.093607755778336432e+05
4.935177426539839362e+05
5.675066791321678320e+05
5.461990872040672693e+05
5.189673602124048630e+05
5.079051796596375061e+05
5.689125119920655852e+05
4.870771347249030368e+05
4.921936357646112447e+05
5.106553585102931247e+05
5.420458896258954192e+05
5.073007965551943635e+05
5.187958945228413213e+05
4.853395530694964691e+05
5.214878499737194506e+05
5.625743121204174822e+05
5.359623122361976421e+05
5.243096953034051694e+05
5.452120583401606418e+05
5.161752810409856029e+05
5.717232117757673841e+05
5.264696186936824815e+05
5.066709112175560440e+05
5.530182900736179436e+05
5.430080689240678912e+05
5.495894865765614668e+05
4.852847095937652630e+05
5.272084600270675728e+05
5.160166634827384842e+05
5.118016266582910903e+05
5.471133214259458473e+05
5.455591813653437421e+05
5.380391499163323315e+05
5.306862783307445934e+05
5.676738350768019445e+05
5.297530805198415183e+05
5.360471170584195061e+05
6.372570787371565821e+05
5.372962979835995939e+05
5.508396116669886978e+05
5.252928023829166777e+05
5.263962473847010406e+05
5.035462904539831798e+05
5.376812515448773047e+05
4.946254741893743630e+05
4.937759219608121202e+05
5.270292953911187360e+05
5.494629150070704054e+05
5.351253782118969830e+05
5.016669751606266946e+05
5.102674713731048396e+05
5.422834952098046197e+05
5.147561911708738771e+05
5.459368561931709992e+05
5.213348801286051166e+05
5.601772800518086879e+05
5.156613158661043853e+05
5.670670957120978273e+05
5.766061185122280149e+05
5.075869830517739756e+05
5.801263522084355354e+05
5.239709010274890461e+05
4.764692059710610774e+05
5.451142337142162723e+05
5.470712317695926176e+05
4.652573114337935694e+05
4.986744219304414000e+05
5.593002391027407721e+05
5.811781330650433665e+05
5.790611257012698334e+05
5.221968579833749682e+05
5.189772197784848395e+05
5.066397101998623693e+05
5.320826709103817120e+05
5.504693958293641917e+05
5.080348832031705533e+05
6.258143888561051572e+05
5.485015809682169929e+05
5.482987627289949451e+05
5.119056089527875301e+05
5.023254178233529674e+05
5.131422837506430224e+05
5.271650992298438214e+05
4.979850549699905096e+05
5.119143309581562062e+05
5.283921862611038378e+05
4.926348257505089277e+05
5.336544137532759923e+05
4.683592043540125596e+05
5.067860240639034892e+05
5.056530805027759634e+05
5.650415847713612020e+05
5.157539357952046557e+05
5.219406102323061205e+05
4.973364765661715064e+05
5.029834388384411577e+05
5.203820047675534734e+05
5.118793410931780236e+05
5.477861785072271014e+05
4.985395737991655478e+05
5.418195153663657838e+05
5.375821670762755675e+05
5.760434613256000448e+05
5.156477026027654647e+05
5.673660220463930164e+05
5.258654920076011913e+05
5.375561191187384538e+05
5.603292752642985433e+05
5.254319799259911524e+05
5.175369117746939883e+05
5.420500416135262931e+05
5.250571693494244246e+05
5.016011201343880384e+05
5.308214240642082877e+05
4.489714268064847565e+05
5.034933829840138787e+05
5.680603293551433599e+05
5.234851039619516232e+05
5.199345715513197356e+05
5.186725051268629031e+05
4.962887547296209377e+05
5.146404411556763807e+05
6.009451542188376188e+05
5.561645761160880793e+05
5.312902126613793662e+05
5.160873016902641975e+05
4.939738676789413439e+05
5.819292755500940839e+05
5.382732982239096891e+05
5.270385689929752843e+05
5.477279633589898003e+05
4.835053836416369886e+05
5.301438669836681802e+05
5.121073072226972436e+05
4.879939017379020806e+05
5.180731400679023354e+05
5.547637912995819934e+05
5.151962367845450644e+05
5.221635365759351407e+05
5.399698500888455892e+05
4.983454124875715934e+05
5.391635677907556528e+05
4.937406898083881824e+05
5.441446081000857521e+05
4.911821932908478775e+05
5.523146904802120989e+05
4.934313551519119064e+05
5.686704931630407227e+05
5.163346657584102359e+05
4.991300740114664659e+05
5.533492043387326412e+05
5.256125464035469340e+05
4.926318607638031826e+05
5.711869084079428576e+05
5.428788855589970481e+05
4.695153608240580652e+05
5.543289413714382099e+05
5.040708102299016900e+05
5.286754498321288265e+05
5.269187870320898946e+05
5.190694601810916793e+05
5.162139085562929977e+05
5.634397080453870585e+05
4.837165054762853542e+05
5.228333399835840682e+05
5.056722427206911962e+05
5.244090561379502760e+05
4.950560240082442178e+05
5.404050601572012529e+05
6.130885530528627569e+05
5.029661861852873117e+05
4.884738511269785231e+05
4.939560578131281072e+05
5.134270596475657076e+05
5.342542313373055076e+05
5.315809853048605146e+05
4.945708584659768967e+05
5.307380531627914170e+05
5.353819722459160257e+05
4.935354095653641853e+05
5.556379369226458948e+05
5.127854448618179304e+05
5.212783278347878368e+05
5.663431321447410155e+05
5.124785797709989711e+05
5.249198058499104809e+05
5.156780351667770301e+05
5.537013140333547490e+05
4.925922860794803710e+05
5.273534886698059272e+05
5.029625179575208458e+05
5.155272761342487065e+05
5.060791517718198011e+05
4.646323294281417620e+05
5.098533803875823505e+05
4.994465052127509261e+05
5.727156640786816133e+05
4.972783675825668033e+05
4.958353330702214153e+05
5.453181905702465447e+05
4.974687563311372069e+05
5.130306590050812811e+05
5.587357631822080584e+05
4.906924278716722620e+05
5.536960584728318499e+05
5.086190103251137771e+05
4.941576742442245595e+05
5.653861112751230830e+05
5.087985128767210990e+05
4.829806994554261910e+05
5.369839086499020923e+05
5.335203212947413558e+05
5.809300574619480176e+05
5.259024537150502438e+05
5.471884463523400482e+05
4.676256662680227892e+05
5.474715202919099247e+05
4.964609272129964666e+05
5.239893250095507829e+05
5.737432707440109225e+05
5.391348593346216949e+05
4.950528638983314740e+05
5.208279442484459723e+05
5.436406231758542126e+05
4.803371420284560299e+05
5.190892347489509848e+05
5.633707084105382673e+05
5.206760290642994805e+05
5.279360243447755929e+05
5.171306199605235015e+05
5.044780876886927872e+05
4.980893854185049422e+05
4.991975713022551499e+05
5.039316101064666291e+05
5.521101815515639028e+05
4.696732383731602458e+05
5.562090880084970267e+05
5.389254557772758417e+05
5.307952051097960211e+05
5.250688282044797670e+05
5.717702853452183772e+05
5.127884772204261972e+05
5.724915910174763994e+05
4.960559283685020637e+05
5.463239232057773042e+05
5.469697361077353125e+05
5.197850993908177479e+05
4.895615672803437337e+05
5.338062383368328447e+05
5.323355418131998740e+05
5.154359924748350168e+05
5.094108835423950222e+05
5.238367770115693565e+05
5.361004509207935771e+05
5.114082657669869950e+05
5.402810512159001082e+05
5.392035032544943970e+05
5.260714894154015929e+05
5.519650211958130822e+05
5.431977061788154533e+05
5.677232377285752445e+05
5.069065011154933018e+05
5.279880012228693813e+05
5.095803846677000402e+05
4.747248568727714010e+05
5.434669306709205266e+05
4.884142371211489080e+05
5.108805516203346197e+05
5.313542578428488923e+05
5.249345995059056440e+05
5.264287528578138445e+05
5.475674219143938972e+05
4.879125096551116440e+05
5.380005016820882447e+05
5.192560152543950244e+05
5.198441970981812337e+05
5.001735136082199751e+05
4.886919067274978734e+05
4.918680554571383400e+05
4.988769346574568190e+05
5.408260146073134383e+05
5.284836584047423676e+05
5.155615687296909164e+05
5.210909884065032238e+05
5.523803399738916196e+05
5.085316293088340317e+05
5.118544372574260342e+05
5.784309631329406984e+05
5.186516945927537745e+05
5.213963007513250341e+05
5.444443398532206193e+05
5.824863197611768264e+05
5.457422934135375544e+05
5.087801910904632532e+05
5.483371825785688125e+05
5.397010351604296593e+05
5.229728105370897101e+05
5.382638753253173782e+05
5.050610027137575089e+05
4.544766129204755998e+05
5.502278827945970697e+05
4.975075202412676299e+05
5.115822217010915047e+05
5.246648416188569972e+05
5.452808999519158388e+05
5.127153013494908810e+05
5.506843248079810292e+05
4.989094590266168234e+05
4.764251222041277797e+05
5.146567918183461297e+05
5.435155205286726123e+05
4.991229322553863749e+05
5.289976481768635567e+05
5.052801522998193395e+05
5.226375756392308394e+05
4.859071230719900923e+05
5.958242136179186637e+05
4.943330775240542716e+05
5.409267224630346755e+05
5.447435583471177379e+05
5.112954254615441314e+05
6.025246952527897665e+05
5.294500274850308197e+05
4.961762033829596476e+05
5.035393261987061123e+05
4.964652983046254958e+05
4.918824643004647223e+05
5.477139845439756755e+05
5.449353893901992124e+05
5.022990779256742680e+05
5.629913923798335018e+05
5.026720578150121146e+05
5.114149092796408222e+05
6.012034798271679319e+05
5.843373947369337548e+05
6.078388901497557526e+05
5.947921148679995677e+05
5.438449067176132230e+05
5.059688512865817174e+05
5.999253608378771460e+05
5.247351393226403743e+05
4.733513331086108228e+05
5.637207603072822094e+05
5.532563255342371995e+05
5.508951249226885848e+05
5.584677962348151486e+05
5.385624154146001674e+05
4.821354881669888855e+05
5.716994103232517373e+05
5.037487244785877410e+05
5.287580761623077560e+05
5.413098209532294422e+05
5.763566857540244237e+05
5.320922138945996994e+05
5.566349111439087428e+05
5.718541896517305868e+05
5.165069921313642408e+05
5.071160265663570608e+05
5.751354149964229437e+05
4.906092727593915188e+05
5.071476248835743754e+05
5.558832178016040707e+05
5.286025849614330800e+05
5.372762938274148619e+05
5.305212134995503584e+05
5.914548603161559440e+05
4.946732358586099581e+05
4.863200112046461436e+05
5.172118703630454256e+05
5.005623998873358942e+05
5.910130917893400183e+05
5.775703507276768796e+05
5.148021137047226657e+05
4.960461557816747809e+05
5.076919177861076314e+05
5.505044544907422969e+05
5.093324443216412910e+05
5.766633315159555059e+05
5.700849215723369271e+05
4.759807569135375088e+05
5.140802221722658724e+05
5.470266925191800110e+05
5.231842440729317605e+05
5.423550174056666438e+05
5.636035666991084581e+05
5.495598470773975132e+05
5.546351741685032612e+05
5.557451826597745530e+05
5.404202715532791335e+05
5.187241436354304315e+05
5.003622890557281789e+05
5.223542054857270559e+05
5.352568901357533177e+05
5.688388517431360669e+05
5.358768761742385104e+05
5.256195333676169394e+05
5.077872990131714032e+05
5.507837860547638265e+05
5.177829793284140760e+05
5.268183826180233154e+05
5.074460047383375349e+05
5.161076064634797513e+05
5.228585451949718990e+05
5.705714087223284878e+05
5.354009735667601926e+05
5.684313882103660144e+05
5.596443914474636549e+05
5.479226568630449474e+05
4.731536903879008023e+05
5.210035382151838276e+05
5.334651634401411284e+05
5.858741551312758820e+05
5.475262320016947342e+05
4.763534015062570688e+05
5.445382885842225514e+05
5.304113722684710519e+05
5.596018245308046462e+05
5.289185208936532727e+05
4.991012293062740355e+05
5.096273348260881030e+05
5.246862935656694463e+05
5.247645412383802468e+05
5.212416422357784468e+05
5.962259901256095618e+05
5.406212405580338091e+05
5.059984340602136799e+05
5.311976344395806082e+05
5.126660866582575836e+05
5.201106799068085966e+05
5.372321077524783323e+05
4.710011275474404683e+05
5.622098600728210295e+05
5.365132173185661668e+05
5.303162514326631790e+05
5.713487874713238562e+05
5.366480494316987460e+05
5.648842205644216156e+05
5.126330331620009965e+05
4.925433889421150088e+05
4.902432828380175633e+05
5.289317651146303397e+05
4.970696909117337782e+05
5.383835074959995691e+05
5.496674958642045967e+05
4.834682040189679246e+05
5.402164564769426361e+05
5.155983679784446722e+05
5.684018960315912263e+05
5.155350712775728898e+05
5.213910374399286229e+05
4.889075318593283882e+05
4.951312919397021178e+05
4.949661664883878548e+05
5.175153230805120547e+05
5.144693271728561958e+05
5.083539507076801965e+05
5.699759779361118563e+05
5.525897289895049762e+05
5.711345696407950018e+05
5.337866125156331109e+05
5.171309887407133356e+05
4.820938776929219021e+05
5.828833113531904528e+05
5.285041255166146439e+05
5.045202281530572800e+05
5.239516880184340407e+05
4.806473487901175977e+05
4.591743621993419947e+05
5.165314350936998380e+05
5.289246604557643877e+05
5.079449640397305484e+05
5.365639878097175388e+05
5.639556376080311602e+05
5.277832094259195728e+05
5.255568967217111494e+05
4.671754972342729452e+05
5.166080425807839492e+05
5.936229955176103394e+05
5.112615234388278914e+05
5.378598015730719781e+05
4.672596096175221610e+05
5.835537192748470698e+05
4.845059758168683038e+05
4.864037509253079188e+05
4.876610988824611995e+05
5.607126134429812664e+05
5.099598599817209179e+05
4.823317866928261938e+05
4.831446373332663206e+05
5.256064515716995811e+05
5.002206756855752901e+05
5.267748160689902725e+05
5.320721560447424417e+05
5.126446337155458750e+05
4.871251465212896001e+05
4.979028516840619850e+05
5.160604470446932246e+05
5.095096751878529321e+05
5.071814430511930259e+05
6.004991832569087856e+05
5.577037179098280612e+05
4.889391188609502278e+05
5.033295552061451599e+05
5.324377572955981595e+05
4.870682928396925563e+05
5.396123534805353265e+05
5.115973318989037070e+05
5.051223267501079245e+05
6.806105195431449683e+05
5.168104293312832015e+05
5.372248807952636853e+05
4.880357335504223593e+05
5.530361757847166155e+05
5.294089461491403636e+05
5.529203130408324068e+05
5.055694920768410666e+05
5.612395857329448918e+05
5.340439983149162726e+05
4.824085389938797452e+05
5.377645231118303491e+05
4.999999223319193698e+05
4.812833553861124092e+05
5.163948042324765702e+05
5.136298228955958039e+05
5.201321239647045149e+05
5.278774252601905027e+05
5.207251661237566732e+05
5.115957452595162322e+05
5.504761670594154857e+05
5.391163061755385716e+05
5.260453853335804306e+05
4.948407631700944621e+05
5.115150837584665860e+05
5.115821778765011113e+05
5.502504275003880030e+05
5.664007097097267397e+05
5.273076107742541935e+05
5.055811398635449586e+05
4.513213449748925632e+05
5.434334676593655022e+05
5.331928822849142598e+05
5.144601058537858771e+05
5.130791253031953820e+05
5.595926683364345226e+05
5.240949785153990961e+05
4.939374459620746784e+05
5.635882864278056659e+05
5.363608900830144994e+05
5.069918846404819051e+05
5.397849391106364783e+05
4.950218406141274609e+05
4.955094340832471498e+05
5.208634968660380691e+05
1.490532397859929479e+05
5.754794837593007833e+05
5.287066765109109692e+05
4.707150601789578213e+05
4.933196258428898873e+05
5.498133482827135595e+05
5.035086807353389449e+05
5.454036916402231436e+05
5.461212610534640262e+05
5.193088163960020756e+05
5.750014331094569061e+05
5.308992443866078975e+05
5.126735903758701170e+05
4.877557783829367836e+05
5.800401531238280004e+05
4.744100725716887391e+05
5.341914025499760173e+05
5.321427619707479607e+05
5.089631243558918941e+05
4.873578937240995001e+05
5.272649204830416711e+05
5.108337761624676059e+05
5.189681276503400877e+05
5.453512057741674362e+05
5.325648500937954523e+05
5.471987708691951120e+05
4.891937486041077063e+05
5.307575250640690792e+05
4.930514871106868959e+05
4.990234469428067096e+05
5.010782601831973880e+05
5.561173134772905614e+05
5.411928261537062936e+05
5.147311383416770841e+05
5.040667801483745570e+05
5.477888239761067089e+05
4.924983652665656409e+05
5.053889815025430289e+05
5.031049320899959421e+05
5.291114004538425943e+05
4.814429956118924893e+05
5.436857386426815065e+05
4.819638364693244221e+05
5.676667720878960099e+05
5.077321423607606557e+05
5.049918159656196949e+05
4.783093016035144101e+05
4.961370138687055442e+05
5.354063086283572484e+05
5.189487645842690254e+05
5.005495261378854048e+05
5.239253641811263515e+05
4.926106297670426429e+05
5.008372435193839483e+05
5.396605821906728670e+05
5.269635663691174705e+05
4.995082491190548171e+05
5.543135834646790754e+05
5.944125571983171394e+05
5.349190474676155718e+05
5.343041963786241831e+05
5.052483426083300146e+05
5.079986029053902021e+05
5.280597772599479649e+05
5.199084392712567933e+05
4.947343586770847905e+05
5.131758886668584310e+05
5.100077254971560324e+05
5.019475681823553168e+05
5.077011449512157706e+05
4.750044757443023846e+05
5.540710128248478286e+05
5.135860604869774543e+05
5.775582928134176182e+05
5.366727738056366798e+05
4.905414340503922431e+05
4.777880484349898761e+05
5.305418114279694855e+05
4.929282344621740049e+05
5.074101582417004975e+05
5.066357914983085939e+05
5.646842380225765519e+05
5.155350566823169938e+05
5.089618405922044767e+05
5.486468833491173573e+05
5.405566217425063951e+05
5.210642907062750892e+05
5.087539677435091580e+05
4.947630721068893326e+05
5.314032424138970673e+05
5.196740152989858179e+05
5.480144319858541712e+05
5.566134317291172920e+05
5.466141381972421659e+05
4.880754256612528116e+05
5.129055981896229787e+05
5.043546008109834511e+05
5.434209609593461500e+05
5.155560308416693006e+05
5.417313651450470788e+05
5.304353559406811837e+05
5.802886616658280836e+05
5.109892884302982129e+05
4.989570441045893822e+05
4.782590724107289570e+05
5.691777513538739877e+05
5.409442340267074760e+05
5.105270395580512122e+05
5.165511570320823230e+05
5.054139979272915516e+05
5.504549784827098483e+05
5.976286679580921773e+05
5.209310759158185683e+05
5.046458534301340696e+05
4.901662214050683542e+05
5.037812684109580587e+05
5.156904172592536197e+05
5.213907571644847631e+05
4.815689036831712001e+05
5.508781982049162034e+05
5.310130479204769945e+05
5.888457122732426506e+05
5.542319851174590876e+05
4.675640819983412512e+05
5.247840686548835365e+05
5.725159612318407744e+05
4.975290093635609956e+05
4.961396081014157389e+05
5.133081350266821100e+05
5.422716840398499044e+05
5.318738820593537530e+05
5.336924252892732620e+05
5.182747617422651965e+05
5.636183562671151012e+05
5.865622361701374175e+05
5.514736549227305222e+05
5.007804650995379197e+05
4.728390388386058621e+05
5.078850973429057049e+05
5.107772479412626126e+05
5.599919916474238271e+05
5.417764265842444729e+05
4.996009211673078826e+05
5.222350765389356529e+05
5.108622039688787190e+05
5.387449209350852761e+05
5.563499761866978370e+05
5.114721054833224043e+05
5.239903896873994963e+05
5.409215071578796487e+05
5.279126169829550199e+05
5.243674448169044917e+05
4.968385559898396605e+05
5.562664597059729276e+05
6.404485311872890452e+05
4.818778120910040452e+05
4.826318033742442494e+05
4.785167227923768805e+05
5.227701372264362290e+05
5.950291634540170198e+05
4.981828114902885864e+05
5.497560479677249677e+05
5.309296569484459469e+05
4.718374315875503817e+05
6.224205746814886807e+05
6.335958126634601504e+05
5.454501315260729752e+05
5.052145868359917076e+05
5.506630686680731596e+05
5.304505526184935588e+05
5.127760407389770844e+05
4.776034001604663208e+05
5.536886957179505844e+05
5.481811961666177958e+05
4.799281417556625092e+05
5.245325357130647171e+05
5.514817956873906078e+05
5.023323635310495738e+05
5.226774227805932751e+05
5.407019585695508868e+05
5.077086105428539449e+05
5.139713578958548023e+05
5.464278001512308838e+05
5.025983673038975685e+05
5.085674602353388327e+05
5.172489999144755420e+05
5.318922731505580014e+05
4.998555678132361500e+05
5.420004161055135773e+05
6.353147526873190654e+05
5.266107418976466870e+05
5.842603613811300602e+05
5.214491730085352901e+05
5.217453588108837721e+05
5.219142211802155944e+05
5.005459430781325791e+05
5.533616484468211420e+05
5.617007915864768438e+05
5.346415125186642399e+05
4.914330694609844359e+05
5.302494521673079580e+05
5.348161528580721933e+05
5.448342257186829811e+05
5.639964042512674350e+05
5.684033700852694456e+05
5.045197992682199110e+05
5.151644702763594105e+05
4.904758130040462711e+05
5.146714046088560717e+05
5.038374601457504905e+05
5.657353627369224560e+05
5.356126972967217444e+05
5.367442395531240618e+05
5.467808857688748976e+05
5.387005682512902422e+05
5.237046266034127329e+05
5.150447674693260342e+05
5.357391401251567295e+05
5.392587606232947437e+05
5.240414546334138140e+05
4.806541410603370750e+05
4.744580511469732155e+05
5.235864631219545845e+05
4.899092217331966967e+05
5.239497787499787519e+05
5.106062196604451747e+05
5.511595389085555216e+05
5.337603951637966093e+05
5.688511188607976073e+05
4.949481875785515876e+05
5.414801734252945753e+05
4.969644831330446759e+05
5.149130473119480885e+05
5.414942570644173538e+05
4.982004476981172338e+05
5.392833435677757952e+05
5.275182679439833155e+05
4.800802542458252865e+05
5.313472936083715176e+05
5.712869106379478471e+05
5.288724322817216162e+05
5.614782486588199390e+05
5.288783816461249953e+05
5.233707833450275939e+05
5.179691485501449206e+05
5.672143559824703261e+05
5.069418485263690818e+05
5.345530814545375761e+05
5.411973230629136087e+05
5.574144132569951471e+05
5.216050460575401667e+05
5.354588384903020924e+05
4.951683494924221886e+05
5.191848877049411531e+05
5.308183697182340547e+05
5.271733621843716828e+05
5.263009445044111926e+05
5.208681056377001805e+05
5.217067537935190485e+05
4.757683405345615465e+05
5.279934962523474824e+05
5.342307011017787736e+05
5.750837424905344378e+05
5.128465489314905135e+05
4.899384383796154871e+05
5.044638756661480293e+05
5.508709369825047906e+05
5.804127219808943337e+05
5.532160248582344502e+05
4.598119850409048377e+05
4.698459756111042807e+05
4.971982801359659643e+05
5.439242261297896039e+05
4.921280305510497419e+05
5.537252190723032691e+05
5.362939240251634037e+05
5.424910172864234773e+05
4.940670634992743144e+05
5.523454068240883062e+05
4.786596414833415765e+05
5.754791457193582319e+05
5.057209986645984463e+05
4.948330590844290564e+05
5.559037276399249677e+05
4.864856988594479626e+05
5.491070162538136356e+05
5.320788583848824492e+05
5.486891324864244089e+05
4.879907146436517360e+05
5.588089097354568075e+05
5.045795670560934232e+05
5.249770022170681041e+05
5.217618365195794031e+05
5.378998574785308447e+05
4.939532350184968673e+05
5.122744666457668645e+05
5.307308565119294217e+05
5.216216410935851163e+05
5.192721583396184724e+05
5.420695436685449677e+05
5.661771733966915635e+05
5.022654638228408876e+05
5.217848122730251634e+05
5.462639310635497095e+05
5.897411252529588528e+05
5.173919113203271409e+05
4.817732471474686172e+05
5.071791304229910602e+05
5.808188864228448365e+05
5.309113860085732304e+05
5.313177548798534553e+05
5.059045041718129651e+05
5.100438989611683064e+05
5.516292022419021232e+05
5.001374771712928778e+05
5.540316499080846552e+05
5.495586314422832802e+05
4.861373911343223299e+05
5.429728503948183497e+05
5.030603945057626115e+05
4.937829880232659634e+05
5.510445259830167051e+05
4.891916123274405254e+05
5.720339180910267169e+05
5.051915171582502662e+05
5.119861080447363784e+05
4.706973469546023989e+05
5.987027885854861233e+05
5.115136041578404838e+05
5.111877909684681799e+05
4.805369195090589346e+05
6.133454688131301664e+05
4.915953904190766625e+05
5.462423984153413912e+05
5.782681294461570214e+05
5.202282697435177397e+05
4.782859117173400009e+05
5.641191570553211495e+05
5.357619992122610565e+05
4.997159570654833224e+05
5.318996501308949664e+05
5.281770975877124583e+05
4.985849927290234482e+05
5.186283636870339978e+05
5.312500743947990704e+05
5.095888468393302173e+05
5.282361462980696233e+05
5.520469020380533766e+05
5.384044037589507643e+05
5.488822468320804182e+05
5.147966897236348595e+05
5.165757601944750641e+05
6.016615566419217503e+05
5.467823992576781893e+05
5.581857091618792620e+05
5.329947099220950622e+05
5.177883341757807648e+05
4.841926267706520739e+05
4.766119316449805629e+05
5.374819696815862553e+05
5.790793557082685875e+05
5.097864234454366378e+05
5.708844417402640684e+05
4.756834623120373581e+05
5.816529094875954324e+05
5.607571545096590417e+05
5.102656473034579540e+05
5.019035148985492415e+05
5.211168163319248124e+05
5.381068590810477035e+05
4.735319505113775958e+05
5.050308522240275634e+05
5.271191982809941983e+05
5.201847893388540833e+05
5.382313650296847336e+05
5.244271120715497527e+05
4.724572196697246400e+05
5.198404381839084672e+05
5.458258755853199400e+05
5.891834352234384278e+05
5.142913361377900583e+05
4.848677489103057305e+05
5.369858169458045159e+05
4.868941017641744111e+05
4.713997366529983701e+05
5.487221837996466784e+05
5.280276201361923013e+05
5.111356681067993050e+05
5.532559068846384762e+05
4.749194711582438904e+05
5.301712873897108948e+05
5.288422294070569333e+05
5.053891564278583392e+05
5.443843213370912708e+05
4.970460483441508841e+05
5.110416376956783351e+05
5.326264351335259853e+05
5.407525307063325308e+05
5.001221948199705803e+05
5.355675947551907739e+05
5.255497000182783231e+05
5.416176282355340663e+05
4.730217220373866148e+05
5.476313308689468540e+05
4.929194498776802211e+05
5.153935670224789646e+05
5.294702856170117157e+05
4.707256677548378357e+05
5.758636991253700107e+05
5.376954698723882902e+05
4.864620279928148375e+05
5.269944261464528972e+05
4.985411195152108558e+05
4.994304489067901159e+05
5.280465335101576056e+05
5.014455107364692376e+05
4.741184890648199362e+05
5.182555717150989803e+05
5.246144811596272048e+05
5.314504792339778505e+05
5.091429739933388773e+05
5.479304933128008852e+05
5.080569172098702402e+05
5.427206453594509512e+05
5.323361196322003379e+05
5.748408896899065003e+05
5.811018356440140633e+05
4.985843808650803403e+05
5.212131015105585102e+05
4.962450942005511024e+05
4.899589891748401569e+05
4.767159389119302505e+05
4.808181300495563773e+05
4.994330178588581621e+05
5.219420370132180396e+05
4.903015820470390609e+05
5.117069630377571448e+05
5.764041220051679993e+05
5.135924158833330730e+05
4.990627233904852765e+05
5.291896089489419246e+05
4.993508521228343598e+05
5.156162360104355612e+05
5.333305829162630253e+05
5.036016203109839116e+05
5.155419951704338891e+05
5.283685407412383938e+05
5.570521479092549998e+05
4.954927199312372250e+05
5.138504868412579526e+05
5.783533426310266368e+05
5.113873262887223973e+05
5.068020929568651482e+05
5.397824644965900807e+05
5.081694252190135303e+05
4.910695322720968397e+05
5.360309046310604317e+05
5.373295166396788554e+05
5.539743536144929240e+05
4.914379134273353848e+05
5.733524399409653852e+05
5.472331936206767568e+05
5.507643935954769840e+05
4.943057300707260729e+05
5.098636981805737014e+05
5.772917746565942653e+05
5.222797116641085013e+05
4.504841114410701557e+05
5.004346269391785609e+05
5.288169942389045609e+05
5.012000941097979667e+05
5.630302672940186458e+05
4.926422101434806827e+05
5.638991774566051317e+05
5.127444305813767714e+05
5.261092540164303500e+05
5.130070021438473486e+05
4.929097992724975920e+05
4.946345138606592081e+05
5.259898999512599548e+05
5.481141052083953982e+05
5.350313131769604515e+05
5.575154265879327431e+05
5.433032437333120033e+05
5.135989436505404883e+05
5.192569437138229841e+05
5.077789622143207816e+05
4.808979460381701356e+05
4.961312579695189488e+05
5.630651334780515172e+05
5.106489339684011647e+05
4.891418501200790633e+05
4.854454510034351260e+05
5.098683619688021718e+05
5.444837000442565186e+05
4.790712835103815887e+05
5.032408325074767927e+05
5.719434138727873797e+05
4.834488266949179233e+05
5.515973340645448770e+05
5.075607770883384510e+05
4.829593838429577299e+05
5.063901806432569283e+05
5.251401176067388151e+05
5.218817268716200488e+05
5.471914758919298183e+05
4.657791851740131387e+05
4.795372557398234494e+05
5.338191932033817284e+05
5.429080234084341209e+05
4.957928435806139023e+05
4.847960131123852334e+05
5.098642508266715449e+05
5.198315267184176482e+05
5.493847917845966294e+05
5.553134053381417179e+05
5.347056119750811486e+05
4.731566767047632602e+05
5.291719696511641378e+05
5.420678073596396716e+05
5.210689212297043996e+05
5.300061889456487261e+05
6.159628257546556415e+05
4.739439184124806779e+05
4.998356767974819522e+05
5.340354963961662725e+05
5.248526229690363398e+05
5.417930764236975228e+05
4.948232199806261342e+05
5.575973863128375961e+05
5.546124923049559584e+05
5.789587264224803075e+05
4.772481414478122024e+05
5.162325383386429748e+05
5.493660629801918985e+05
5.413200171493882081e+05
4.709027591740171192e+05
5.348736176746173296e+05
5.261483630173843121e+05
5.324054758014359977e+05
5.432030010402565822e+05
5.050280308174698730e+05
5.260050174658646574e+05
6.085651768205342814e+05
5.369059623332000338e+05
5.245937702342037810e+05
4.998355112853182363e+05
5.404360093891805736e+05
5.138518189514453406e+05
5.287301095512661850e+05
5.514257595738711534e+05
5.093043530470413971e+05
4.891070953463116311e+05
5.168513603546868544e+05
5.386254596733847866e+05
5.214929982241504476e+05
5.024321720570027828e+05
5.216376816933958326e+05
5.537716903249241877e+05
5.273995641756359255e+05
5.137067717347907019e+05
5.020471378972944221e+05
5.467093396057699574e+05
5.615748737254110165e+05
5.537151550669674762e+05
6.010923074155256618e+05
4.959307273093319382e+05
5.259657027810644358e+05
4.958718895680921851e+05
5.162703562434990308e+05
4.790676631743792095e+05
5.428779219191916054e+05
5.299247403847770765e+05
5.740825593512956984e+05
5.244923400655146688e+05
5.569759655270426301e+05
5.605622476543473313e+05
5.560211229897711892e+05
5.135220209894512664e+05
5.534742808731824625e+05
5.243651625151805347e+05
4.898257274154533516e+05
5.103978755257601151e+05
5.732279120960965520e+05
5.497843000461559277e+05
5.222976824041719665e+05
5.520325636660164455e+05
5.726247125199682778e+05
4.833723376627566176e+05
5.274852171676929574e+05
4.823806958208964788e+05
5.312997104791549500e+05
5.710056476927309996e+05
5.268087154082203051e+05
4.925510124006987899e+05
5.110648581851025228e+05
4.942189700607561390e+05
5.261110610743815778e+05
4.911304281434352743e+05
4.886886625400587218e+05
5.078403661198886111e+05
5.497846024041873170e+05
5.064771179180529434e+05
5.235622451371299103e+05
5.357255528407132952e+05
5.742095047684499295e+05
5.151737809220065828e+05
5.137751173143005581e+05
5.453547137185743777e+05
5.404754689367887331e+05
5.616550577995266067e+05
5.987699996735365130e+05
5.451650778660514625e+05
5.365910556448246352e+05
5.524838422753729392e+05
4.987487311656408710e+05
4.880832360561900423e+05
4.940010797613957548e+05
5.311481326038484694e+05
4.938972235518230009e+05
5.352230293494024081e+05
5.286788290250578430e+05
5.604070494893030263e+05
5.513122613257113844e+05
5.272117730639325455e+05
5.542844084659396904e+05
5.215062222466813400e+05
5.029744477417385206e+05
5.285118081750099082e+05
5.355663585135459434e+05
5.096770600641863421e+05
5.630834864887603326e+05
5.044667477255967096e+05
5.615584093147544190e+05
5.548849850616469048e+05
4.948328470117745455e+05
5.507904431719167624e+05
5.516628771235344466e+05
5.050482033741141204e+05
5.360157631282719085e+05
5.523256448792190058e+05
5.590315499593428103e+05
5.252958077812867705e+05
5.362303049318058183e+05
5.371216351104261121e+05
5.440743121812385507e+05
5.430754370836074231e+05
4.810121629708118853e+05
5.481508030396285467e+05
5.730192401936725946e+05
5.467953471409474732e+05
5.343279631758002797e+05
5.272695909349169815e+05
5.119790664682062925e+05
5.426472428016040940e+05
5.976848681224753382e+05
4.882460304489452974e+05
5.083479672730009188e+05
5.156482546562114730e+05
5.182031718080617138e+05
5.161942174624131876e+05
5.366121554701445857e+05
6.041371884171722922e+05
5.122212264190250426e+05
6.000729769420034718e+05
4.955539850208242424e+05
5.294023947919803904e+05
5.706603580376956379e+05
5.070595150440457510e+05
5.494745721911448054e+05
4.759269342393793631e+05
5.039356397545532091e+05
5.714310248585399240e+05
5.488016258494103095e+05
4.822939182424271712e+05
5.266133647901229560e+05
5.422976863745035371e+05
5.222758214386604959e+05
5.461314879191515502e+05
5.615129386829147115e+05
5.240409937476261985e+05
5.109666944926439901e+05
5.508069244287896436e+05
5.316776070211493643e+05
5.080393962439203169e+05
5.940315091137079289e+05
5.375675183981813025e+05
5.372644683690371457e+05
4.971064576285396470e+05
5.730457793295527808e+05
5.316217546116980957e+05
5.451184973252033815e+05
