3.042312403259570146e+03 3.086065381160415654e+03 3.125977209532804409e+03 3.161318616542905602e+03 3.191458726778482742e+03 3.216021123921473645e+03 3.234493281470105103e+03 3.246792386402133616e+03 3.253076966074619577e+03 3.253614588439090767e+03 3.248574577013820544e+03
3.689674270529413661e+03 3.769927550595621597e+03 3.846881947707025120e+03 3.919153874304140118e+03 3.985823040597463205e+03 4.044709624517940028e+03 4.095564402484952552e+03 4.138402264319014648e+03 4.171119044836117610e+03 4.194817170207616073e+03 4.209401568399715870e+03
5.328608028009441114e+03 5.510499577003475679e+03 5.692886290456633105e+03 5.872637108237515349e+03 6.046882853538643758e+03 6.212948708595727112e+03 6.365106842936564135e+03 6.505319402330559569e+03 6.627208149844623222e+03 6.722984346704814016e+03 6.805027447081825812e+03
7.733580354470566817e+03 8.078948753452795245e+03 8.430888230716742328e+03 8.783747510150107701e+03 9.131737868260723189e+03 9.467802400751095774e+03 9.782920689810967815e+03 1.007691343684420463e+04 1.034554055536930173e+04 1.058057666204069756e+04 1.078953151553371390e+04
1.086617572600006497e+04 1.144464591394844319e+04 1.203517094866857224e+04 1.263087131685907116e+04 1.321973576276660606e+04 1.378668512236314564e+04 1.432286464639567203e+04 1.483178719965020173e+04 1.530318511477297579e+04 1.572525919067952418e+04 1.612056594873729773e+04
1.472145469831945775e+04 1.560786997927619450e+04 1.651156809613691803e+04 1.741729527911475088e+04 1.831752587356818913e+04 1.919223830707563684e+04 2.003251955364902824e+04 2.085985637170701375e+04 2.167523435054735819e+04 2.251994425381714245e+04 2.357933343031700133e+04
1.929924326112028939e+04 2.057248967296493356e+04 2.187009738541641855e+04 2.316730340492766481e+04 2.443323343457628653e+04 2.565648748621283085e+04 2.690965359020705000e+04 2.829696412511842573e+04 2.954114476367758471e+04 3.017892105067819284e+04 3.070313255616380047e+04
2.459957369380463933e+04 2.634193571409234573e+04 2.811140142776116772e+04 2.986702054289804073e+04 3.157752383003908471e+04 3.321677459664747585e+04 3.476519620095442951e+04 3.663288008089756477e+04 3.733304872786397755e+04 3.831493242801753513e+04 3.914358376229019632e+04
3.062151254333532779e+04 3.291894529798428266e+04 3.524268800079830544e+04 3.754732201848436671e+04 3.979039739519103750e+04 4.195665169564035023e+04 4.404472654888085526e+04 4.579802293019864737e+04 4.686709272551591130e+04 4.800002553546963463e+04 4.904809075035944988e+04
3.736544655404605874e+04 4.030521819578187569e+04 4.326916611128313525e+04 4.617061872865552141e+04 4.901149373012671276e+04 5.174774254824769741e+04 5.441052234447100636e+04 5.755173308896297385e+04 5.983806542723077291e+04 6.065358392978935444e+04 6.200228605310039711e+04
4.482903889333335246e+04 4.850170214235413732e+04 5.219292090083752555e+04 5.581405027078144485e+04 5.929900498455847264e+04 6.268233024304058199e+04 6.611884084563543729e+04 6.931634217931590683e+04 7.125850423456841963e+04 7.258890587453921034e+04 7.525972374551233952e+04
5.301392586167195986e+04 5.751000616067087685e+04 6.201372265054853779e+04 6.639595925290398009e+04 7.058662720421220001e+04 7.453464970692056522e+04 7.861460859274271934e+04 8.219722026399502647e+04 8.503588028647542524e+04 8.749253234974321094e+04 8.978524449981848011e+04
6.191669875340486033e+04 6.733103585420445597e+04 7.273459323235377087e+04 7.797728759314985655e+04 8.299130244732258143e+04 8.777895252579894441e+04 9.251391523472142580e+04 9.694799245135103411e+04 9.873944023658847436e+04 1.032507090932869469e+05 1.064771862861085683e+05
7.153745364035134844e+04 7.796457998158845294e+04 8.435711538702691905e+04 9.053425460576529440e+04 9.642286447080240760e+04 1.020232379072455369e+05 1.073600217345130077e+05 1.123484844361046999e+05 1.170694353066432086e+05 1.215997187946594786e+05 1.259129062799845124e+05
8.187499439162244380e+04 8.941029100848324015e+04 9.688135738935117843e+04 1.040747125693019916e+05 1.109331324260964611e+05 1.175823250965774205e+05 1.243426324480211915e+05 1.289496711708243092e+05 1.351066427373379120e+05 1.370787825173998426e+05 1.408298167790519365e+05
9.292851761161495233e+04 1.016694723179606954e+05 1.103111136029925838e+05 1.186026079264296277e+05 1.265076700109159283e+05 1.344679913059047831e+05 1.411029439973542467e+05 1.465937538653775991e+05 1.526078335161503928e+05 1.550126716745603480e+05 1.587827742094723217e+05
1.046984484809850255e+05 1.147434914813204960e+05 1.246437410833702161e+05 1.341111984043105913e+05 1.431101113680551061e+05 1.524863727570596384e+05 1.593976951216534071e+05 1.657214743379440915e+05 1.724577393091813719e+05 1.754240326871324214e+05 1.797490907577608305e+05
