8.593386175324070619e-02 9.133919246151557536e-02 9.805630670640089197e-02 1.062293750375096213e-01 1.159788146224339095e-01 1.274227772887472632e-01 1.406693075521158742e-01 1.558289943282107626e-01 1.730210511536288409e-01 1.923397371491300523e-01 2.139385667164856175e-01
1.297249131057818250e-01 1.393218666885700230e-01 1.511407106842138637e-01 1.654485332064063730e-01 1.825234256646218745e-01 2.025934349941180823e-01 2.259191349149739514e-01 2.527306039698201112e-01 2.833062668855697575e-01 3.179186113126084567e-01 3.568055569401594185e-01
2.768852880597400534e-01 3.037998954913387339e-01 3.367569390196307744e-01 3.766657757033829990e-01 4.243961366336275187e-01 4.808234642493130484e-01 5.468407360696273534e-01 6.233766704532310854e-01 7.114126145402692725e-01 8.119034829484873539e-01 9.259520922327589831e-01
5.531046110622656053e-01 6.202110082503039523e-01 7.028253868213919509e-01 8.033156942951148460e-01 9.240840022863364700e-01 1.067663100723954983e+00 1.236471681859783400e+00 1.433227182666189981e+00 1.660413116000547307e+00 1.920969704268999934e+00 2.217564513932931636e+00
9.756346258823248574e-01 1.115292757972653259e+00 1.288726994626957278e+00 1.500864213793112301e+00 1.757007011527339735e+00 2.062324020864148899e+00 2.422182596161123858e+00 2.841984808069864865e+00 3.326635128793823171e+00 3.881790840544025123e+00 4.512113222797079715e+00
1.554600921946072578e+00 1.807021485595286858e+00 2.123210187295085927e+00 2.512281850202151556e+00 2.983274208796346638e+00 3.545166472321238604e+00 4.206812311299230167e+00 4.977313333791598460e+00 5.864945363379415966e+00 6.876618599792549524e+00 8.046730465929396559e+00
2.296249128037622267e+00 2.707907395252918903e+00 3.228138016263348398e+00 3.871075632812075895e+00 4.650552220537932158e+00 5.579340123373685678e+00 6.671607850537094819e+00 7.937942862056080351e+00 9.416159389428147009e+00 1.107963220858679243e+01 1.299020158693407723e+01
3.204754180171441647e+00 3.827570221988416233e+00 4.620846654845007784e+00 5.604718047594120733e+00 6.797413595432717059e+00 8.216697966353613936e+00 9.879013399956734887e+00 1.186402925430249944e+01 1.410696727682743479e+01 1.662304219132614591e+01 1.940743617931130416e+01
4.283240116239353412e+00 5.173646484716638128e+00 6.315656057852556238e+00 7.735256156848106635e+00 9.456522633485670681e+00 1.149704584226280701e+01 1.395008579404039040e+01 1.676594136561133297e+01 1.994718647044835080e+01 2.348171200682164539e+01 2.750908347636533691e+01
5.534140406196760509e+00 6.752418265151918675e+00 8.324699778451130072e+00 1.028349602864531498e+01 1.265391219072231266e+01 1.545415141712859963e+01 1.883435585506757448e+01 2.268213243595035067e+01 2.698938815881010456e+01 3.190295075387318846e+01 3.734071172343512046e+01
6.959303298339502675e+00 8.569375266288709270e+00 1.065880701811201803e+01 1.326321371395036053e+01 1.641007366460060624e+01 2.024602348334541091e+01 2.466839247369247445e+01 2.966095214203888375e+01 3.536583794065240482e+01 4.183758721770943367e+01 4.888719581803081127e+01
8.560160314538066473e+00 1.062903688673746849e+01 1.332695934962798745e+01 1.669284771206383056e+01 2.075737837957244025e+01 2.569460333650439310e+01 3.140013316712418501e+01 3.778443636789651805e+01 4.525383316980901327e+01 5.348054108631043846e+01 6.202102927456701309e+01
1.033835258292552162e+01 1.293578789689621900e+01 1.633839539286142184e+01 2.057923473315230112e+01 2.580515053704526096e+01 3.200504137358907997e+01 3.904194932108008231e+01 4.719349796036688360e+01 5.649302303008675352e+01 6.644745840740306164e+01 7.686280819800778374e+01
1.229537057935825928e+01 1.549341204080190870e+01 1.969435688822492381e+01 2.494227668181960667e+01 3.144291262387498520e+01 3.899663079525488030e+01 4.771996162550433951e+01 5.787510330783622692e+01 6.918212429796031415e+01 8.102618753055983802e+01 9.339120603670166076e+01
1.443161258082577802e+01 1.830530038028608075e+01 2.341448431484944948e+01 2.979025773578410607e+01 3.761486743634109331e+01 4.692716342693750420e+01 5.729714326407646752e+01 6.968195449898770732e+01 8.311371847102797972e+01 9.714476872222084580e+01 1.118408947680597976e+02
1.674818498119437393e+01 2.137408770674490199e+01 2.749181073340479031e+01 3.514346183663784018e+01 4.465484293131142124e+01 5.560504668407731543e+01 6.830510124988454379e+01 8.297514607849774393e+01 9.852170618146973879e+01 1.148097275649604683e+02 1.320057442287583171e+02
1.924660714440179987e+01 2.470290443334348041e+01 3.193499607736647405e+01 4.101582235326754500e+01 5.228952995628571188e+01 6.513413654446597434e+01 8.030997687360139992e+01 9.737752397650646685e+01 1.153359179602413889e+02 1.342553443218955636e+02 1.537473912720998612e+02
