-2.695824541741239955e+01 -2.711018498712655855e+01 -2.727251533962044050e+01 -2.744601752751623280e+01 -2.763136981125717284e+01 -2.782932464433542918e+01 -2.804070595556913759e+01 -2.826633964885695605e+01 -2.850713321052171523e+01 -2.876395120424058405e+01 -2.903790082411433104e+01
-2.908878217134406441e+01 -2.927712009854440112e+01 -2.948097902087465627e+01 -2.970153175302402815e+01 -2.994014417971266084e+01 -3.019794056399769033e+01 -3.047641696903156117e+01 -3.077683598809016985e+01 -3.110076277744519757e+01 -3.144991595776082249e+01 -3.182558739054002217e+01
-3.254939645080958144e+01 -3.282214596844642074e+01 -3.312565085969981737e+01 -3.346305568535535713e+01 -3.383732496434458881e+01 -3.425160468156536808e+01 -3.470908543423865922e+01 -3.521294023705559084e+01 -3.576638032397386269e+01 -3.637266718380851671e+01 -3.703551540097032557e+01
-3.502014168339519529e+01 -3.539118361244982225e+01 -3.581673759726618300e+01 -3.630318166789948009e+01 -3.685681326007397729e+01 -3.748368564929114655e+01 -3.818973084177196142e+01 -3.898036537094594678e+01 -3.986106490259408019e+01 -4.083747751754344790e+01 -4.191458162757771788e+01
-3.654293480485284817e+01 -3.701014154357471853e+01 -3.756095152986745234e+01 -3.820646915636098129e+01 -3.895697247348653036e+01 -3.982180964801955270e+01 -4.080930076029835618e+01 -4.192717171062759007e+01 -4.318192833897410310e+01 -4.457951539571513422e+01 -4.612491096707162797e+01
-3.749427520878089126e+01 -3.805052041124145035e+01 -3.872251743618835462e+01 -3.952667608579213265e+01 -4.047756118327015429e+01 -4.158726430864771828e+01 -4.286595918464081478e+01 -4.432182722550714971e+01 -4.596084602558039478e+01 -4.778566931968089193e+01 -4.979653344194593956e+01
-3.811823554754300858e+01 -3.875575644079799531e+01 -3.954247496667812811e+01 -4.050050201622070745e+01 -4.164840368973091245e+01 -4.300026915084526991e+01 -4.456677269853753387e+01 -4.635366745551436907e+01 -4.836301944841761724e+01 -5.059688701445702463e+01 -5.304915896197417169e+01
-3.854884045677681570e+01 -3.926041501367217279e+01 -4.015499261740478687e+01 -4.126054365135496482e+01 -4.259892306642723270e+01 -4.418475591079550213e+01 -4.602656885833130218e+01 -4.812934760713324067e+01 -5.049304418245810666e+01 -5.310712518079162692e+01 -5.595739003418202628e+01
-3.885970448630541796e+01 -3.963895527005661279e+01 -4.063492588790541049e+01 -4.188112262682625442e+01 -4.340197291969161597e+01 -4.521040248889039503e+01 -4.731559790278333821e+01 -4.971945447232064907e+01 -5.240906752789305756e+01 -5.537131466416394687e+01 -5.858283076737643569e+01
-3.909282646673455019e+01 -3.993433597247712896e+01 -4.102568966389662819e+01 -4.240579679828806547e+01 -4.410000058197329054e+01 -4.612056439186926582e+01 -4.847737353571210406e+01 -5.115868860289992881e+01 -5.415225567290326580e+01 -5.743510818446884514e+01 -6.097016978751344141e+01
-3.927337308303322061e+01 -4.017241012689191848e+01 -4.135379861692854320e+01 -4.286014881812297972e+01 -4.471883437217547907e+01 -4.694410319982489455e+01 -4.953440320159279509e+01 -5.247784686321028857e+01 -5.575442141744861146e+01 -5.932845185438418412e+01 -6.315491646324881003e+01
-3.941697071159796906e+01 -4.036949688871754915e+01 -4.163598184643706190e+01 -4.326379784636083059e+01 -4.527914502456042101e+01 -4.769759159264503978e+01 -5.050833950490414281e+01 -5.369780131294464809e+01 -5.723570413712877780e+01 -6.107429103308095364e+01 -6.516072692381203524e+01
-3.953385482506200788e+01 -4.053625811842721305e+01 -4.188367533904965967e+01 -4.362475331919995369e+01 -4.579240385497905663e+01 -4.839220574048522394e+01 -5.141318798949941993e+01 -5.483373201774156769e+01 -5.861261332079811837e+01 -6.269398652033487451e+01 -6.701257828003508621e+01
-3.963086715571625973e+01 -4.068007545710861450e+01 -4.210287832326139323e+01 -4.395494998114372720e+01 -4.626744939203854301e+01 -4.903869986437348416e+01 -5.225953038304578513e+01 -5.589608730874169851e+01 -5.989832528062106576e+01 -6.420045235117868287e+01 -6.873079823062289506e+01
-3.971265994462737581e+01 -4.080594609812760609e+01 -4.230249216467200313e+01 -4.425872561215510359e+01 -4.670768881034746300e+01 -4.964479570418552612e+01 -5.305458897128119133e+01 -5.689352978045644704e+01 -6.110183104846146307e+01 -6.560804004711462767e+01 -7.033168826461769640e+01
-3.978266816904579173e+01 -4.091761084088284406e+01 -4.248282347466010833e+01 -4.454104361336430884e+01 -4.712075789555456140e+01 -5.021619279548758641e+01 -5.380444430605712114e+01 -5.783355438583748764e+01 -6.223504746695107315e+01 -6.692917899833992124e+01 -7.182892542886838783e+01
-3.984336483708102605e+01 -4.101768407279450912e+01 -4.264849100681385607e+01 -4.480530326175357914e+01 -4.750930170536958030e+01 -5.075710031142807566e+01 -5.451439843615298741e+01 -5.872228028349854867e+01 -6.330398080669328920e+01 -6.817133043635112699e+01 -7.323159563534500194e+01
