6.653625899727947345e-03 7.037048284125183191e-03 7.444797888430963739e-03 7.878171444075944205e-03 8.337651170349874574e-03 8.824418782210248502e-03 9.339506863775413198e-03 9.884374322429140269e-03 1.046094869870501515e-02 1.106939234541273742e-02 1.171299975606488429e-02
1.004424826338072736e-02 1.073377896717230343e-02 1.147516239956791577e-02 1.226997625949243637e-02 1.312150549704390809e-02 1.403021775976048303e-02 1.499952866701138518e-02 1.603093123420776256e-02 1.712885399869690239e-02 1.829661355832809880e-02 1.953487613545201035e-02
2.143847706016125537e-02 2.340566492511403363e-02 2.556783375529852673e-02 2.793424659666220514e-02 3.050959743652078768e-02 3.329850203495553218e-02 3.630658952395948019e-02 3.954134711061148277e-02 4.301240117718055367e-02 4.672606052484967742e-02 5.069528508538116707e-02
4.282539025175437913e-02 4.778293625972496877e-02 5.336110579210726068e-02 5.957541180242437173e-02 6.643187454749122089e-02 7.393894968834051340e-02 8.209349971609834762e-02 9.091089898658535895e-02 1.003894977479702216e-01 1.105542081702965140e-01 1.214102394411949448e-01
7.554074357885140478e-02 8.592553511019375423e-02 9.784492533550073756e-02 1.113069298051062583e-01 1.263102370347922720e-01 1.428222741015714725e-01 1.608168219196149384e-01 1.802696717817034167e-01 2.011302046172562252e-01 2.234019160767354573e-01 2.470353143386129213e-01
1.203685339744580279e-01 1.392184132779955286e-01 1.612019792505374194e-01 1.863155753739889897e-01 2.144658899939657082e-01 2.455136692988741653e-01 2.793043709370495176e-01 3.157154952023410455e-01 3.545978489781769771e-01 3.957579979005955706e-01 4.405533487071273124e-01
1.777923435398580110e-01 2.086253948146440385e-01 2.450921913569511223e-01 2.870862931981837951e-01 3.343255601514059649e-01 3.863864438103555843e-01 4.429504089897106645e-01 5.035109091018011851e-01 5.693062182599707421e-01 6.376466858984359831e-01 7.112052322040161023e-01
2.481354262500134189e-01 2.948876132702926145e-01 3.508317881251361015e-01 4.156564948166359130e-01 4.886622061435445530e-01 5.690315766523693641e-01 6.559008149097653728e-01 7.525461267803733589e-01 8.529150643419096678e-01 9.566768610454602362e-01 1.062544723576487549e+00
3.316396678878353876e-01 3.985934092124269190e-01 4.795079935484421463e-01 5.736612320836451673e-01 6.798240459621903709e-01 7.962057446016417295e-01 9.261929577312146833e-01 1.063478854112066108e+00 1.206017955384999896e+00 1.351401883969318485e+00 1.506104733679168861e+00
4.284934854334424559e-01 5.202267732605965200e-01 6.320420319113350116e-01 7.626435223735001934e-01 9.096825668545218679e-01 1.070247462268066441e+00 1.250476019568252939e+00 1.438748214954350013e+00 1.631793374599594726e+00 1.836054702503791436e+00 2.044380094812432436e+00
5.388399837407239490e-01 6.602106487756563835e-01 8.092560962879253861e-01 9.836250236907144728e-01 1.179710883755828332e+00 1.402099323943086340e+00 1.637817266861858245e+00 1.881421073115996156e+00 2.138238173431192823e+00 2.407805451762547122e+00 2.676542717284487782e+00
6.627900016664374228e-01 8.188932239272184166e-01 1.011832100941643109e+00 1.237973170029982972e+00 1.492236152811658556e+00 1.779430217333011655e+00 2.084760096861706824e+00 2.396701039061261973e+00 2.736071848209891577e+00 3.077872003486898045e+00 3.395611702524870879e+00
8.004706073118899035e-01 9.966123147192799125e-01 1.240471476101238535e+00 1.526194984752656802e+00 1.855117628824536569e+00 2.216447437670601150e+00 2.592125887335503975e+00 2.993526342360619541e+00 3.415599499668765304e+00 3.824134307185547588e+00 4.208189610182860640e+00
9.519972041811094465e-01 1.193659432262955455e+00 1.495268499296758424e+00 1.849766430759556712e+00 2.260413146065645584e+00 2.700636483952664424e+00 3.168288213655839236e+00 3.671070249218355563e+00 4.182789598855223723e+00 4.663158395258381717e+00 5.113108825189670803e+00
1.117400629781436727e+00 1.410295834241830359e+00 1.777714348428668378e+00 2.209301878344354542e+00 2.704111475221966376e+00 3.249850232051776810e+00 3.804149406161743574e+00 4.419989519638313880e+00 5.025101508093570146e+00 5.590802895071472101e+00 6.123217488281967213e+00
1.296766549189872331e+00 1.646724512972496779e+00 2.087280067665808314e+00 2.606305622993748017e+00 3.210211318680100234e+00 3.850820306896433287e+00 4.535004636443707327e+00 5.263188707813097444e+00 5.956676989311123549e+00 6.607443362060576142e+00 7.227230104797484067e+00
1.490212602636252548e+00 1.903186644975114250e+00 2.424623151223676665e+00 3.041810989707009583e+00 3.759064636557682970e+00 4.510739054004205606e+00 5.332048570458487902e+00 6.176744589314582257e+00 6.973273557498154140e+00 7.726562918276631109e+00 8.417571380910580103e+00
