-2.695824541741239955e+01 -2.681602029617715743e+01 -2.668287367783705122e+01 -2.655816715103355818e+01 -2.644130039054653025e+01 -2.633170578398858197e+01 -2.622880551185517106e+01 -2.613208929902248201e+01 -2.604108441168864374e+01 -2.595534142254109611e+01 -2.587440472645539558e+01
-2.908878217134406441e+01 -2.891473437723470852e+01 -2.875391148590642842e+01 -2.860518034077176708e+01 -2.846751656653214013e+01 -2.833991306027019164e+01 -2.822147084259631811e+01 -2.811131689702233416e+01 -2.800861983512731967e+01 -2.791271927787965978e+01 -2.782290149149412173e+01
-3.254939645080958144e+01 -3.230445337540004402e+01 -3.208438111618306721e+01 -3.188637783266676706e+01 -3.170781481903031818e+01 -3.154627954717943794e+01 -3.139956085329686175e+01 -3.126579283698083600e+01 -3.114318841317799524e+01 -3.103028018152690493e+01 -3.092582853838757728e+01
-3.502014168339519529e+01 -3.469710180182664772e+01 -3.441569066256488441e+01 -3.416984577066978090e+01 -3.395400065801368328e+01 -3.376328117852608557e+01 -3.359345361543091713e+01 -3.344108844254515134e+01 -3.330329222372165532e+01 -3.317772365956625436e+01 -3.306250686105340719e+01
-3.654293480485284817e+01 -3.614788134543414344e+01 -3.581349519900686573e+01 -3.552907277832491673e+01 -3.528508616983890533e+01 -3.507350249116643681e+01 -3.488794248195699765e+01 -3.472332400994491763e+01 -3.457569144414810580e+01 -3.444202505178691354e+01 -3.431995145026303362e+01
-3.749427520878089126e+01 -3.703607424673464266e+01 -3.665803803160451935e+01 -3.634387954834164702e+01 -3.607950296597846318e+01 -3.585362800679649808e+01 -3.565763254836201668e+01 -3.548508275433050585e+01 -3.533117160731490003e+01 -3.519236485382498358e+01 -3.506598704034331604e+01
-3.811823554754300858e+01 -3.760519627386020147e+01 -3.719157580394312390e+01 -3.685456886570318602e+01 -3.657526549893373158e+01 -3.633940556212837691e+01 -3.613634390585866640e+01 -3.595852650253800675e+01 -3.580050513844253146e+01 -3.565833149434183724e+01 -3.552915438342097332e+01
-3.854884045677681570e+01 -3.798800873800428235e+01 -3.754494569262897130e+01 -3.719009878710858175e+01 -3.689986037928611040e+01 -3.665687031774359639e+01 -3.644888939634984126e+01 -3.626745124339868198e+01 -3.610660896906119888e+01 -3.596220790823645075e+01 -3.583115076845933800e+01
-3.885970448630541796e+01 -3.825689770473400131e+01 -3.778929128862364450e+01 -3.742035638015659060e+01 -3.712180531876583700e+01 -3.687359499311787658e+01 -3.666203792529267957e+01 -3.647804968431955785e+01 -3.631524883369274903e+01 -3.616927258974828874e+01 -3.603691063107180526e+01
-3.909282646673455019e+01 -3.845291092976913205e+01 -3.796449850241697277e+01 -3.758416722657784703e+01 -3.727919135660704342e+01 -3.702705827365571167e+01 -3.681296128863687045e+01 -3.662710205977418809e+01 -3.646290619389037602e+01 -3.631580426167056430e+01 -3.618249141763953958e+01
-3.927337308303322061e+01 -3.860022275303708739e+01 -3.809410182782085030e+01 -3.770453415137308184e+01 -3.739438585822063033e+01 -3.713925374807149637e+01 -3.692319998807215597e+01 -3.673594405420590192e+01 -3.657070105176535435e+01 -3.642274070112398476e+01 -3.628870873348205350e+01
-3.941697071159796906e+01 -3.871390760682334076e+01 -3.819238233449505060e+01 -3.779507031658431515e+01 -3.748095263206778327e+01 -3.722346933156950399e+01 -3.700589559504078352e+01 -3.681757535944416304e+01 -3.665146577808627626e+01 -3.650288504147829372e+01 -3.636835128546226770e+01
-3.953385482506200788e+01 -3.880363763608329464e+01 -3.826868524152450846e+01 -3.786493171228357824e+01 -3.754751815821509808e+01 -3.728816131212079199e+01 -3.706941073844063794e+01 -3.688021391387519543e+01 -3.671350225534115452e+01 -3.656441036037358572e+01 -3.642946680203749565e+01
-3.963086715571625973e+01 -3.887580387824345962e+01 -3.832905155636399286e+01 -3.791976288953446783e+01 -3.759964339538419154e+01 -3.733878592590917833e+01 -3.711907314413474523e+01 -3.692926036699282122e+01 -3.676207486456405604e+01 -3.661260366877104389e+01 -3.647733376235191827e+01
-3.971265994462737581e+01 -3.893483760105664260e+01 -3.837756130578418379e+01 -3.796359121585555840e+01 -3.764120775983974454e+01 -3.737911685803919681e+01 -3.715863538023404544e+01 -3.696829203849847545e+01 -3.680070839048494236e+01 -3.665092311983971740e+01 -3.651539555084673339e+01
-3.978266816904579173e+01 -3.898382693429812207e+01 -3.841716280550826923e+01 -3.799911814734150539e+01 -3.767482897239096928e+01 -3.741171947143811849e+01 -3.719060192003598786e+01 -3.699982435608035303e+01 -3.683191598468692973e+01 -3.668187481462155120e+01 -3.654613740317290649e+01
-3.984336483708102605e+01 -3.902499233573689708e+01 -3.844987750973814400e+01 -3.802828429329747451e+01 -3.770237252596780309e+01 -3.743840906293189619e+01 -3.721676693058543606e+01 -3.702563025283598108e+01 -3.685745406462956453e+01 -3.670720209200953832e+01 -3.657129202096257359e+01
