0.000000000000000000e+00 2.941646909494011197e-01 5.896416617833892815e-01 8.878503764826746192e-01 1.190069420710642589e+00 1.497618860346847214e+00 1.811900443713966524e+00 2.134250349834474036e+00 2.466048798833071487e+00 2.808609781699487939e+00 3.163496097658935469e+00
0.000000000000000000e+00 3.623857213096925989e-01 7.270675349682278465e-01 1.096351412252261071e+00 1.472627613180520711e+00 1.858027503727498697e+00 2.254946126435243059e+00 2.665519091067835689e+00 3.092142942317877896e+00 3.537196679881162709e+00 4.002685899045900442e+00
0.000000000000000000e+00 5.176925930463767145e-01 1.041269743516750168e+00 1.576677852688590065e+00 2.129510145314270630e+00 2.705325134385930141e+00 3.309524580941797467e+00 3.947147400074754842e+00 4.623191910795867443e+00 5.342387002281611785e+00 6.109686862582748290e+00
0.000000000000000000e+00 6.940818106231745332e-01 1.401046934701298596e+00 2.133335897229699185e+00 2.902812602060294012e+00 3.720404470765060978e+00 4.596277226341044297e+00 5.539276928400795441e+00 6.557772678872424876e+00 7.659753857977193547e+00 8.852074766524310689e+00
0.000000000000000000e+00 8.622601981405750848e-01 1.747456330860586604e+00 2.677396378036064561e+00 3.671886303647625027e+00 4.748307156853115885e+00 5.921358278341358528e+00 7.203847700682672439e+00 8.606236894825997297e+00 1.013749034392822068e+01 1.180495951680859434e+01
0.000000000000000000e+00 1.014446164506807690e+00 2.064479404583835276e+00 3.182796537450485630e+00 4.398058217291691108e+00 5.733636301851220196e+00 7.208326636278798105e+00 8.836744471176643856e+00 1.062967441826549475e+01 1.259330446585590835e+01 1.473054640160262352e+01
0.000000000000000000e+00 1.150560166937793838e+00 2.350899162735004211e+00 3.645933150517521426e+00 5.073138190797180869e+00 6.660863588716892991e+00 8.430428792678867467e+00 1.039514095297636231e+01 1.256251430997508578e+01 1.493855552011518739e+01 1.752000457855319837e+01
0.000000000000000000e+00 1.272406275667890441e+00 2.610046924775815569e+00 4.070444864246383077e+00 5.699062687141122296e+00 7.527885593051905744e+00 9.577679461981460918e+00 1.186189636373455869e+01 1.438643521339690778e+01 1.714491727255517617e+01 2.012623926572268829e+01
0.000000000000000000e+00 1.382057565322611481e+00 2.845634599281765986e+00 4.460766246669663815e+00 6.280167600925778970e+00 8.336807495772518450e+00 1.065355997749065864e+01 1.324140478800109122e+01 1.609381869420030853e+01 1.920204207441565813e+01 2.254592013630463043e+01
0.000000000000000000e+00 1.481425042707996909e+00 3.061191161479655420e+00 4.821629571710218443e+00 6.820809225366247119e+00 9.093506118213554146e+00 1.166441224707523361e+01 1.453158654312574072e+01 1.768934947901288979e+01 2.111930392279828084e+01 2.478767836987390183e+01
0.000000000000000000e+00 1.572187373854831094e+00 3.259696789107692894e+00 5.155614666749897879e+00 7.324448513954848750e+00 9.804849451753398171e+00 1.261120321352063911e+01 1.574190280900438665e+01 1.918372036568325711e+01 2.290571115326019935e+01 2.686620772976675653e+01
0.000000000000000000e+00 1.655589281894208398e+00 3.443599511942011304e+00 5.468727529776515439e+00 7.798192392492637737e+00 1.047412226107553579e+01 1.350244390986335929e+01 1.688022595350048505e+01 2.058423835904250154e+01 2.457140599160265992e+01 2.879237563834976754e+01
0.000000000000000000e+00 1.732620482343918411e+00 3.614990097525151214e+00 5.759821606916375458e+00 8.244885696763958549e+00 1.110404442836443195e+01 1.434377725105878199e+01 1.795351810386637226e+01 2.189911106545696384e+01 2.612957615996128879e+01 3.058311147799759055e+01
0.000000000000000000e+00 1.804271578865154879e+00 3.773826766897400375e+00 6.035187091609259369e+00 8.667805996654351475e+00 1.169991393846430583e+01 1.514045723891103989e+01 1.896682694174887729e+01 2.313625041605700972e+01 2.758784868240763899e+01 3.225346446827097679e+01
0.000000000000000000e+00 1.871108497070963494e+00 3.924930858887819340e+00 6.295134396299545188e+00 9.066481050507718464e+00 1.226567884614632931e+01 1.589595359104714589e+01 1.992523774195797159e+01 2.430112265797652071e+01 2.895711692727491027e+01 3.381629271377096302e+01
0.000000000000000000e+00 1.933783906584721990e+00 4.065660669151839102e+00 6.541925466022803448e+00 9.445928923163592117e+00 1.280447332404946792e+01 1.661384238602113328e+01 2.083373002975713462e+01 2.540313148226414341e+01 3.024730418371837004e+01 3.528278802569548134e+01
0.000000000000000000e+00 1.992691737057612045e+00 4.198613497075712075e+00 6.777018968456104631e+00 9.806929179401777219e+00 1.331869124849617947e+01 1.729763150556755136e+01 2.169665003066256759e+01 2.644652674206372467e+01 3.146412834434158867e+01 3.666030361438242835e+01
