3.384079518590630720e+00 3.474752036484145989e+00 3.568764192038050176e+00 3.666128453411612753e+00 3.766675429092650074e+00 3.870394421879680635e+00 3.977177692436756562e+00 4.087124867384701155e+00 4.200316957736456303e+00 4.316388697802888252e+00 4.435716596376663823e+00
4.696260794397322691e+00 4.841579437570913136e+00 4.993262693771524319e+00 5.151022289178945890e+00 5.314908426234969063e+00 5.484453792081231960e+00 5.659691700530699698e+00 5.840282063642178834e+00 6.026371231319242128e+00 6.217914725303374190e+00 6.414490980023201061e+00
9.213705838389399716e+00 9.572861664593297348e+00 9.953057092827656049e+00 1.035336908280094725e+01 1.077211740554133179e+01 1.120798021604071693e+01 1.165982987219356914e+01 1.212642238088668911e+01 1.260687518613773861e+01 1.309987725772018585e+01 1.360509119973563052e+01
1.853423402453987734e+01 1.940396773202876446e+01 2.033783842694035826e+01 2.133115363534494691e+01 2.237660395031024052e+01 2.346750417193439375e+01 2.459692396923158952e+01 2.576047968992353532e+01 2.695191790066130011e+01 2.816745071641579656e+01 2.940411561487170644e+01
3.479219712604839998e+01 3.667017058491195769e+01 3.871507964357692089e+01 4.090213820531248246e+01 4.321357931675355246e+01 4.562297454609242209e+01 4.810854316438023659e+01 5.065040938511005209e+01 5.323217809972404524e+01 5.583967797151402834e+01 5.845953589078781221e+01
6.031865205747489256e+01 6.395340007546686678e+01 6.794636908594770830e+01 7.224852128242177685e+01 7.679082899343607949e+01 8.150792692760086311e+01 8.634552993333606707e+01 9.125041636004385737e+01 9.618881684352577111e+01 1.011112996034198943e+02 1.059841724894162951e+02
9.752213025766393173e+01 1.039342345722366758e+02 1.110491370912994427e+02 1.187351191482719486e+02 1.268402271431297663e+02 1.352145613144306822e+02 1.437466952896616021e+02 1.523185780282105100e+02 1.608402624204042581e+02 1.692343697826482298e+02 1.774277323551864640e+02
1.488445362560177898e+02 1.593638923109698169e+02 1.711259137874335750e+02 1.838598214186639552e+02 1.972489800760641288e+02 2.110180741582416033e+02 2.249192748768803654e+02 2.387627346693259653e+02 2.523820390987260112e+02 2.656175850868083899e+02 2.783287857349044998e+02
2.167410389954454502e+02 2.330335100775440367e+02 2.513547471310736512e+02 2.711989566824405529e+02 2.920160358858757377e+02 3.132736660751990598e+02 3.345907888865966697e+02 3.556407852335025268e+02 3.761001858470679053e+02 3.957180996268311901e+02 4.142419656543376050e+02
3.036960458562907661e+02 3.277557807714583191e+02 3.549485152585925789e+02 3.844321418429094024e+02 4.152222132510233905e+02 4.464763406549161573e+02 4.776300473742659847e+02 5.080491932107278217e+02 5.373190517276096898e+02 5.650368678825673214e+02 5.907881570553928441e+02
4.121909281559129568e+02 4.463734536681428153e+02 4.852040108781143886e+02 5.272262252818172783e+02 5.709562039552033639e+02 6.151793798582843920e+02 6.588581104774486903e+02 7.011743706419421187e+02 7.414807311777935865e+02 7.791153140071909320e+02 8.136026307605371812e+02
5.447259168576398451e+02 5.917596132586480735e+02 6.453833213061152492e+02 7.033874568923278048e+02 7.635174541882770427e+02 8.240193938611885187e+02 8.832643100273761547e+02 9.402386956639227265e+02 9.939451783362936794e+02 1.043410874408897598e+03 1.088859032966837731e+03
7.037976562692498419e+02 7.667756211365360741e+02 8.388451690805931094e+02 9.166195641791165372e+02 9.971410420183683527e+02 1.077569451831067454e+03 1.155879362263536677e+03 1.230576660808613269e+03 1.300206482256457775e+03 1.363674187509522881e+03 1.422736066628879371e+03
8.919103524415797892e+02 9.743203419196787536e+02 1.068849896210390853e+03 1.170922902825768688e+03 1.276131682169204851e+03 1.380548416953835613e+03 1.481703657341496410e+03 1.577383864147543591e+03 1.665622428227172122e+03 1.745555358349914513e+03 1.819008038602619763e+03
1.111549108330038962e+03 1.217345715578924228e+03 1.339003381864214361e+03 1.470060612590866640e+03 1.604731323266937352e+03 1.737744712313740592e+03 1.865850896652469828e+03 1.985947546507241896e+03 2.095637901414781481e+03 2.196283249700422857e+03 2.282625061263201133e+03
1.365267475718820606e+03 1.498703135746326097e+03 1.652462399190969109e+03 1.818010628269368908e+03 1.987419628071385205e+03 2.153990001311800370e+03 2.313431766218785469e+03 2.461687237456723324e+03 2.596076703133133833e+03 2.720234007040983670e+03 2.819122109287099647e+03
1.655565108450946809e+03 1.821390125238816836e+03 2.012743817958036743e+03 2.218784243343648086e+03 2.428499688213538320e+03 2.634097710197257129e+03 2.829512999581864278e+03 3.009874258654503137e+03 3.171643143121656976e+03 3.320434850615899904e+03 3.437169012932478836e+03
