-8.166641487128799781e+00 -8.166641487128799781e+00 -8.166641487128799781e+00 -8.166641487128799781e+00 -8.166641487128799781e+00 -8.166641487128799781e+00 -8.166641487128799781e+00 -8.166641487128799781e+00 -8.166641487128799781e+00 -8.166641487128799781e+00 -8.166641487128799781e+00
-8.169847802411823068e+00 -8.169847802411823068e+00 -8.169847802411823068e+00 -8.169847802411823068e+00 -8.169847802411823068e+00 -8.169847802411823068e+00 -8.169847802411823068e+00 -8.169847802411823068e+00 -8.169847802411823068e+00 -8.169847802411823068e+00 -8.169847802411823068e+00
-8.179514585579454433e+00 -8.179514585579454433e+00 -8.179514585579454433e+00 -8.179514585579454433e+00 -8.179514585579454433e+00 -8.179514585579454433e+00 -8.179514585579454433e+00 -8.179514585579454433e+00 -8.179514585579454433e+00 -8.179514585579454433e+00 -8.179514585579454433e+00
-8.195292937249178067e+00 -8.195292937249178067e+00 -8.195292937249178067e+00 -8.195292937249178067e+00 -8.195292937249178067e+00 -8.195292937249178067e+00 -8.195292937249178067e+00 -8.195292937249178067e+00 -8.195292937249178067e+00 -8.195292937249178067e+00 -8.195292937249178067e+00
-8.216543845715932548e+00 -8.216543845715932548e+00 -8.216543845715932548e+00 -8.216543845715932548e+00 -8.216543845715932548e+00 -8.216543845715932548e+00 -8.216543845715932548e+00 -8.216543845715932548e+00 -8.216543845715932548e+00 -8.216543845715932548e+00 -8.216543845715932548e+00
-8.242645833459391724e+00 -8.242645833459391724e+00 -8.242645833459391724e+00 -8.242645833459391724e+00 -8.242645833459391724e+00 -8.242645833459391724e+00 -8.242645833459391724e+00 -8.242645833459391724e+00 -8.242645833459391724e+00 -8.242645833459391724e+00 -8.242645833459391724e+00
-8.272710491408361122e+00 -8.272710491408361122e+00 -8.272710491408361122e+00 -8.272710491408361122e+00 -8.272710491408361122e+00 -8.272710491408361122e+00 -8.272710491408361122e+00 -8.272710491408361122e+00 -8.272710491408361122e+00 -8.272710491408361122e+00 -8.272710491408361122e+00
-8.305940654921869282e+00 -8.305940654921869282e+00 -8.305940654921869282e+00 -8.305940654921869282e+00 -8.305940654921869282e+00 -8.305940654921869282e+00 -8.305940654921869282e+00 -8.305940654921869282e+00 -8.305940654921869282e+00 -8.305940654921869282e+00 -8.305940654921869282e+00
-8.341413974259921815e+00 -8.341413974259921815e+00 -8.341413974259921815e+00 -8.341413974259921815e+00 -8.341413974259921815e+00 -8.341413974259921815e+00 -8.341413974259921815e+00 -8.341413974259921815e+00 -8.341413974259921815e+00 -8.341413974259921815e+00 -8.341413974259921815e+00
-8.378368793426488992e+00 -8.378368793426488992e+00 -8.378368793426488992e+00 -8.378368793426488992e+00 -8.378368793426488992e+00 -8.378368793426488992e+00 -8.378368793426488992e+00 -8.378368793426488992e+00 -8.378368793426488992e+00 -8.378368793426488992e+00 -8.378368793426488992e+00
-8.416059057111851871e+00 -8.416059057111851871e+00 -8.416059057111851871e+00 -8.416059057111851871e+00 -8.416059057111851871e+00 -8.416059057111851871e+00 -8.416059057111851871e+00 -8.416059057111851871e+00 -8.416059057111851871e+00 -8.416059057111851871e+00 -8.416059057111851871e+00
