-8.250083343256847002e+00 -8.224272770792595111e+00 -8.200576778501272202e+00 -8.178688754262111615e+00 -8.158474835647211876e+00 -8.139820103067904711e+00 -8.122652362559165340e+00 -8.106693200126755983e+00 -8.091901883388345595e+00 -8.078232851272332482e+00 -8.065453317445644643e+00
-8.255386544275097549e+00 -8.229102372075431049e+00 -8.205003574403235689e+00 -8.182793054162175395e+00 -8.162333339372707997e+00 -8.143473573174560443e+00 -8.126118987362133339e+00 -8.110040342347929254e+00 -8.095146052415657323e+00 -8.081374427441915032e+00 -8.068526719900546595e+00
-8.270944740768754855e+00 -8.243293473846279085e+00 -8.217878716466657352e+00 -8.194853494285780471e+00 -8.173560433046077378e+00 -8.154128978982043918e+00 -8.136242893619055394e+00 -8.119835077188326977e+00 -8.104628163535380736e+00 -8.090651325794169679e+00 -8.077574719653057400e+00
-8.295691348015679978e+00 -8.265765531315992121e+00 -8.238450494965945836e+00 -8.213841686309024226e+00 -8.191427120509615634e+00 -8.170995713568117935e+00 -8.152272514998912811e+00 -8.135343700683733914e+00 -8.119690008890756872e+00 -8.105355537234572694e+00 -8.092113284066726919e+00
-8.328031268152699340e+00 -8.295054528367472813e+00 -8.265291897529095877e+00 -8.238473775112652220e+00 -8.214549593627452850e+00 -8.192924083043180872e+00 -8.173415063203719910e+00 -8.155713771164300852e+00 -8.139564784112735651e+00 -8.124872956061153673e+00 -8.111372288280108478e+00
-8.366648175891896244e+00 -8.329697186287376098e+00 -8.296866517426678911e+00 -8.267673100235697348e+00 -8.241837993016815744e+00 -8.218944311141967773e+00 -8.198455374127661344e+00 -8.180022807129716966e+00 -8.163397348289436195e+00 -8.148319080566579942e+00 -8.134533755735901650e+00
-8.409701583732385188e+00 -8.368156737211393192e+00 -8.331869441630260553e+00 -8.300111854136048350e+00 -8.272215471406525467e+00 -8.247954998056229670e+00 -8.226546466066793073e+00 -8.207518824739963748e+00 -8.190391560376156121e+00 -8.175013594402116723e+00 -8.161006995476782322e+00
-8.455662537300668191e+00 -8.409107391336874571e+00 -8.368954850498994347e+00 -8.334427594942098949e+00 -8.304669233686581720e+00 -8.279123563021130394e+00 -8.256866509444080293e+00 -8.237261913433030713e+00 -8.219902030061348341e+00 -8.204195070116838906e+00 -8.190028662575059570e+00
-8.503221475351892877e+00 -8.451266806281637400e+00 -8.407241546548902988e+00 -8.370022758972481824e+00 -8.338409002950356808e+00 -8.311677066063566599e+00 -8.288698779782862402e+00 -8.268579938958282582e+00 -8.251027622340188827e+00 -8.235136163239076268e+00 -8.220873843645676970e+00
-8.551359355747990776e+00 -8.493668202310800552e+00 -8.445743934898928273e+00 -8.405889333458617330e+00 -8.372680775726621505e+00 -8.344950072372739669e+00 -8.321395591134205461e+00 -8.300960183049028274e+00 -8.283142463129479438e+00 -8.267162528820335865e+00 -8.252846352079359349e+00
-8.599246204270457383e+00 -8.535567919658205938e+00 -8.483794711784867104e+00 -8.441580701910424978e+00 -8.407111298685777001e+00 -8.378377137611096259e+00 -8.354354940165649168e+00 -8.333632989808393177e+00 -8.315710944378224667e+00 -8.299628040942479856e+00 -8.285239609322161414e+00
