6.608333131584940290e+00 7.043231547625440570e+00 7.578275348593164651e+00 8.219378503290943883e+00 8.956332612905850254e+00 9.811249240097762225e+00 1.080711906983932380e+01 1.190883417857828164e+01 1.315230669878450520e+01 1.453353593254926501e+01 1.606938232351734186e+01
6.741513745749217357e+00 7.196198666058959859e+00 7.749352195462420489e+00 8.397967249049868244e+00 9.167954858985543964e+00 1.006198133365032632e+01 1.108151696420659960e+01 1.222312620218125190e+01 1.350833954966683947e+01 1.495189979391798296e+01 1.653194604175591920e+01
7.142811321812330583e+00 7.644035626642759595e+00 8.251375692362085346e+00 8.978276129437238851e+00 9.829560240053915265e+00 1.081530609639853324e+01 1.193281292806557481e+01 1.321118979537300220e+01 1.464169821841722197e+01 1.628930932272188059e+01 1.804497895290608511e+01
7.809318222122969111e+00 8.399198583887674374e+00 9.109209776699898953e+00 9.955299296481284088e+00 1.094432930263293180e+01 1.211218154844699590e+01 1.343247841258548370e+01 1.494587634505792728e+01 1.666344374176932774e+01 1.857571628213795378e+01 2.068629104269935937e+01
8.729922233711265633e+00 9.458576474708429771e+00 1.033314709206335991e+01 1.138347987093485791e+01 1.260702177095440391e+01 1.405199167718984832e+01 1.572922433472823656e+01 1.761228036801265162e+01 1.974263936127537988e+01 2.210643054673960961e+01 2.475291700575154863e+01
9.922968737823012475e+00 1.084968916938849048e+01 1.197730728902825525e+01 1.331249939651425329e+01 1.491327048964462598e+01 1.676093162371154577e+01 1.890877066788296901e+01 2.135591591474936024e+01 2.409123630265485261e+01 2.716929655848746705e+01 3.051233140912990294e+01
1.139404418839578348e+01 1.261299126116113634e+01 1.410215285691331921e+01 1.586391368504883026e+01 1.795439342883510747e+01 2.040579072176796416e+01 2.322309662427941745e+01 2.639189240152077431e+01 2.998065346771167583e+01 3.395560445951547734e+01 3.833675000620984719e+01
1.316737294244710199e+01 1.480080854821644110e+01 1.676848869228245320e+01 1.912425572256705308e+01 2.187135641896588822e+01 2.511223129221971107e+01 2.878623415958089993e+01 3.291710514976835356e+01 3.755183754326252910e+01 4.262751283564168858e+01 4.826518639127528587e+01
1.525178115666309431e+01 1.740105735658375607e+01 2.002835209080360457e+01 2.314778597666596838e+01 2.679091241214971575e+01 3.099189429294562004e+01 3.573760988183895648e+01 4.106552288625741909e+01 4.693100197536053741e+01 5.335982998623606477e+01 6.053100657309033750e+01
1.765438175643538443e+01 2.049490669222054606e+01 2.394013438058496845e+01 2.799311403375647345e+01 3.272496904412938079e+01 3.804713371939888589e+01 4.410780357197926094e+01 5.075211902161296962e+01 5.826579728995141494e+01 6.628745114121819881e+01 7.530440900759369072e+01
2.038872663835972077e+01 2.408110608145055309e+01 2.852882355079199783e+01 3.372840480394705054e+01 3.971117287076062041e+01 4.643666954933902957e+01 5.392310562967510634e+01 6.241959226979349751e+01 7.158645158748397819e+01 8.170267041343187486e+01 9.305605683401273609e+01
