1.279604364355909629e-01 1.204746220906591225e-01 1.134729529760128280e-01 1.067809062285370175e-01 1.004338567295424006e-01 9.444491745792808757e-02 8.889829445663834095e-02 8.374095904795664236e-02 7.889194398004746589e-02 7.443542547690300271e-02 7.029918706170093512e-02
1.305392604800758860e-01 1.227848075148521428e-01 1.154952490481227639e-01 1.085782120150021041e-01 1.020251870398328070e-01 9.585556748014747996e-02 9.011412619268094337e-02 8.482015162117810536e-02 7.984241127237989843e-02 7.523881023646335209e-02 7.099891906880047288e-02
1.383096228836385999e-01 1.297172353954673396e-01 1.214784389560244621e-01 1.139483193453016269e-01 1.067289171749779136e-01 9.998938481399763378e-02 9.368570746946057459e-02 8.779324664302626258e-02 8.241132980678898823e-02 7.753967015074643421e-02 7.296145313905651186e-02
1.512153147748921123e-01 1.411397238647347507e-01 1.314897777411150603e-01 1.226148120629448474e-01 1.142839201193189130e-01 1.064987517677460360e-01 9.933593947779623123e-02 9.256425039554538881e-02 8.651512048308478142e-02 8.102327291372526941e-02 7.599187677176974520e-02
1.690410006528158260e-01 1.567241836237046881e-01 1.450843480952769271e-01 1.341791651874398306e-01 1.242522645104086748e-01 1.149876447045578703e-01 1.064890257654473732e-01 9.881256081561172466e-02 9.172341709726902770e-02 8.542661953928099017e-02 7.972806733346723962e-02
1.921419977526540590e-01 1.764921601169636145e-01 1.618783085920337261e-01 1.484790511940214386e-01 1.362080452646194650e-01 1.250375340686670500e-01 1.148138222582491680e-01 1.057861119074809120e-01 9.753792234499293612e-02 9.025326648610125513e-02 8.369948320597263292e-02
2.206263462292147870e-01 2.001660557028762943e-01 1.816501208839501058e-01 1.648405404213625913e-01 1.496273863744141119e-01 1.360299722463194638e-01 1.238293609851041366e-01 1.131317846002415084e-01 1.036024564818063126e-01 9.527822262887108984e-02 8.787958987536587108e-02
2.549625894437372864e-01 2.279869856454874721e-01 2.040304079084437894e-01 1.829241614649990133e-01 1.641174376096754262e-01 1.476316105948674573e-01 1.331437200948225041e-01 1.206569089691680030e-01 1.097757640922216171e-01 1.003655561941128732e-01 9.216141219759302339e-02
2.953216519967137299e-01 2.598704506410249304e-01 2.289433536580463557e-01 2.022197208698361948e-01 1.792699419581445797e-01 1.595175458916913147e-01 1.425269670225110807e-01 1.281417067919359831e-01 1.159079440141902867e-01 1.054582529245844114e-01 9.658859944231314165e-02
3.418405122634712856e-01 2.955603246297943132e-01 2.560651080819194014e-01 2.226703313187498035e-01 1.948080391851325366e-01 1.714712683364801871e-01 1.519164778846533448e-01 1.356635111477061950e-01 1.220339809300866746e-01 1.107643067244269280e-01 1.012687936449859494e-01
3.947824754103541056e-01 3.349984361196656768e-01 2.850844686101329795e-01 2.439379973274961033e-01 2.105527170287835592e-01 1.834525325506392024e-01 1.613471072463194267e-01 1.433009519474418569e-01 1.284823662821389378e-01 1.163815133861441781e-01 1.062899622847015280e-01
