0.000000000000000000e+00 2.136042777055990882e-01 2.881665681998129003e-01 3.363312108849640936e-01 3.727796818857314065e-01 4.020524562583887018e-01 4.263997819361975417e-01 4.470359181796084158e-01 4.646622138097882271e-01 4.799478743370855227e-01 4.931755976722342893e-01
0.000000000000000000e+00 2.137363003203063272e-01 2.883251091479905881e-01 3.364456538547528908e-01 3.729997106129303575e-01 4.022876084200106561e-01 4.266443977394374087e-01 4.472813949250848964e-01 4.649031311710132286e-01 4.801010913215577602e-01 4.933264740175218321e-01
0.000000000000000000e+00 2.138924481259891763e-01 2.885481981938937679e-01 3.367803956716670655e-01 3.734081579532357864e-01 4.027384738728869706e-01 4.271262294205371290e-01 4.477658009491278790e-01 4.653708388213999569e-01 4.805435933812987059e-01 4.937456134648527950e-01
0.000000000000000000e+00 2.140603365041897632e-01 2.889151486306218430e-01 3.373322349143563770e-01 3.739885871691512875e-01 4.034753347004880197e-01 4.278289279609452933e-01 4.485534213526989333e-01 4.661387008527526632e-01 4.812488582610967569e-01 4.944061331189004704e-01
0.000000000000000000e+00 2.143949824385344982e-01 2.893497433396987617e-01 3.380891138294828124e-01 3.749029158279881813e-01 4.043948736725724302e-01 4.288948328758124262e-01 4.496152475767303258e-01 4.671460472891340032e-01 4.821960561530431733e-01 4.952961387389223091e-01
0.000000000000000000e+00 2.147934087697649375e-01 2.899809478985844180e-01 3.389524132726364769e-01 3.760254957451252267e-01 4.056377437154878862e-01 4.301202450878918171e-01 4.508201141070458107e-01 4.682839046290609986e-01 4.832586263873963617e-01 4.962898651283467188e-01
0.000000000000000000e+00 2.152463339371024631e-01 2.907290539587847888e-01 3.400580564702977426e-01 3.773473650217056274e-01 4.070718084039981477e-01 4.316184049530420452e-01 4.522602120341616683e-01 4.696499540004879236e-01 4.845340279134688899e-01 4.974885430710855871e-01
0.000000000000000000e+00 2.156788738939212635e-01 2.915814334337483160e-01 3.413046869827667251e-01 3.787476699217222631e-01 4.086055943262181245e-01 4.332803872312069871e-01 4.537691222722060047e-01 4.711193899929639883e-01 4.859042563402908854e-01 4.987719744021887891e-01
0.000000000000000000e+00 2.162682060225051828e-01 2.925188715526019223e-01 3.426585641500423662e-01 3.803900198836345226e-01 4.104041044192854315e-01 4.350167277225409634e-01 4.554931251259404235e-01 4.726351830468047410e-01 4.873086641018744558e-01 5.000904515327420086e-01
0.000000000000000000e+00 2.168026263316278346e-01 2.935383872318197973e-01 3.441036602962412871e-01 3.820682679433957674e-01 4.122081699388218112e-01 4.367892465161276050e-01 4.571497251745313406e-01 4.741629386116983369e-01 4.887148981142672710e-01 5.014068888776819222e-01
0.000000000000000000e+00 2.173443138672155328e-01 2.946055727952625602e-01 3.456024188271840103e-01 3.837854223165777512e-01 4.140433828870300204e-01 4.385639922984410077e-01 4.587653014896204695e-01 4.756270095822401345e-01 4.900678758422145620e-01 5.026777471066452563e-01
