5.935606703787534498e+05 5.935606703787534498e+05 5.935606703787534498e+05 5.935606703787534498e+05 5.935606703787534498e+05 5.935606703787534498e+05 5.935606703787534498e+05 5.935606703787534498e+05 5.935606703787534498e+05 5.935606703787534498e+05 5.935606703787534498e+05
5.953547034801740665e+05 5.953547034801740665e+05 5.953547034801740665e+05 5.953547034801740665e+05 5.953547034801740665e+05 5.953547034801740665e+05 5.953547034801740665e+05 5.953547034801740665e+05 5.953547034801740665e+05 5.953547034801740665e+05 5.953547034801740665e+05
6.009419626882170560e+05 6.009419626882170560e+05 6.009419626882170560e+05 6.009419626882170560e+05 6.009419626882170560e+05 6.009419626882170560e+05 6.009419626882170560e+05 6.009419626882170560e+05 6.009419626882170560e+05 6.009419626882170560e+05 6.009419626882170560e+05
6.103397160869257059e+05 6.103397160869257059e+05 6.103397160869257059e+05 6.103397160869257059e+05 6.103397160869257059e+05 6.103397160869257059e+05 6.103397160869257059e+05 6.103397160869257059e+05 6.103397160869257059e+05 6.103397160869257059e+05 6.103397160869257059e+05
6.234844308107733959e+05 6.234844308107733959e+05 6.234844308107733959e+05 6.234844308107733959e+05 6.234844308107733959e+05 6.234844308107733959e+05 6.234844308107733959e+05 6.234844308107733959e+05 6.234844308107733959e+05 6.234844308107733959e+05 6.234844308107733959e+05
6.405555001101591624e+05 6.405555001101591624e+05 6.405555001101591624e+05 6.405555001101591624e+05 6.405555001101591624e+05 6.405555001101591624e+05 6.405555001101591624e+05 6.405555001101591624e+05 6.405555001101591624e+05 6.405555001101591624e+05 6.405555001101591624e+05
6.615479906496888725e+05 6.615479906496888725e+05 6.615479906496888725e+05 6.615479906496888725e+05 6.615479906496888725e+05 6.615479906496888725e+05 6.615479906496888725e+05 6.615479906496888725e+05 6.615479906496888725e+05 6.615479906496888725e+05 6.615479906496888725e+05
6.867287661683633924e+05 6.867287661683633924e+05 6.867287661683633924e+05 6.867287661683633924e+05 6.867287661683633924e+05 6.867287661683633924e+05 6.867287661683633924e+05 6.867287661683633924e+05 6.867287661683633924e+05 6.867287661683633924e+05 6.867287661683633924e+05
7.162748950910421554e+05 7.162748950910421554e+05 7.162748950910421554e+05 7.162748950910421554e+05 7.162748950910421554e+05 7.162748950910421554e+05 7.162748950910421554e+05 7.162748950910421554e+05 7.162748950910421554e+05 7.162748950910421554e+05 7.162748950910421554e+05
7.506427164227875182e+05 7.506427164227875182e+05 7.506427164227875182e+05 7.506427164227875182e+05 7.506427164227875182e+05 7.506427164227875182e+05 7.506427164227875182e+05 7.506427164227875182e+05 7.506427164227875182e+05 7.506427164227875182e+05 7.506427164227875182e+05
7.903866944246079074e+05 7.903866944246079074e+05 7.903866944246079074e+05 7.903866944246079074e+05 7.903866944246079074e+05 7.903866944246079074e+05 7.903866944246079074e+05 7.903866944246079074e+05 7.903866944246079074e+05 7.903866944246079074e+05 7.903866944246079074e+05
