-8.166641487128799781e+00 -8.380245764834398869e+00 -8.454808055328612681e+00 -8.502972698013763875e+00 -8.539421169014531188e+00 -8.568693943387188483e+00 -8.593041269064997323e+00 -8.613677405308408197e+00 -8.631303700938588008e+00 -8.646589361465885304e+00 -8.659817084801034071e+00
-8.169847802411823068e+00 -8.383584102732129395e+00 -8.458172911559813656e+00 -8.506293456266575959e+00 -8.542847513024753425e+00 -8.572135410831833724e+00 -8.596492200151260477e+00 -8.617129197336907964e+00 -8.634750933582836296e+00 -8.649948893733380828e+00 -8.663174276429344900e+00
-8.179514585579454433e+00 -8.393407033705443610e+00 -8.468062783773348201e+00 -8.516294981251121499e+00 -8.552922743532690220e+00 -8.582253059452341404e+00 -8.606640814999991562e+00 -8.627280386528582312e+00 -8.644885424400854390e+00 -8.660058178960753139e+00 -8.673260199044307228e+00
-8.195292937249178067e+00 -8.409353273753367830e+00 -8.484208085879799910e+00 -8.532625172163534444e+00 -8.569281524418329354e+00 -8.598768271949666087e+00 -8.623121865210123360e+00 -8.643846358601877000e+00 -8.661431638101930730e+00 -8.676541795510274824e+00 -8.689699070368078537e+00
-8.216543845715932548e+00 -8.430938828154467046e+00 -8.505893589055631310e+00 -8.554632959545415360e+00 -8.591446761543920729e+00 -8.620938719388504978e+00 -8.645438678591744974e+00 -8.666159093292662874e+00 -8.683689893005066551e+00 -8.698739901868975721e+00 -8.711839984454854857e+00
-8.242645833459391724e+00 -8.457439242229156662e+00 -8.532626781357976142e+00 -8.581598246732028201e+00 -8.618671329204516951e+00 -8.648283577174879611e+00 -8.672766078547283541e+00 -8.693465947566437535e+00 -8.710929738088452723e+00 -8.725904459846788086e+00 -8.738935698587738443e+00
-8.272710491408361122e+00 -8.487956825345463585e+00 -8.563439545367145911e+00 -8.612768547878658865e+00 -8.650057856430066749e+00 -8.679782299812359270e+00 -8.704328896361403167e+00 -8.724970703442522790e+00 -8.742360445408849046e+00 -8.757244519321830012e+00 -8.770199034479446709e+00
-8.305940654921869282e+00 -8.521619528815790545e+00 -8.597522088355617598e+00 -8.647245341904636007e+00 -8.684688324843591545e+00 -8.714546249248087406e+00 -8.739221042153076269e+00 -8.759709777194075286e+00 -8.777060044914833270e+00 -8.791844911262160167e+00 -8.804712629324058071e+00
-8.341413974259921815e+00 -8.557682180282426998e+00 -8.633932845812523738e+00 -8.684072538409964181e+00 -8.721803994143556338e+00 -8.751818078679207247e+00 -8.776430701982462779e+00 -8.796907099385862239e+00 -8.814049157306726556e+00 -8.828722638361796271e+00 -8.841504425792663824e+00
-8.378368793426488992e+00 -8.595171419758116826e+00 -8.671907180658308789e+00 -8.722472453722730279e+00 -8.760437061369884759e+00 -8.790576963365310803e+00 -8.815158039942616597e+00 -8.835518518601020332e+00 -8.852531732038187329e+00 -8.867083691540756263e+00 -8.879775682304170914e+00
-8.416059057111851871e+00 -8.633403370979067404e+00 -8.710664629907114431e+00 -8.761661475939035881e+00 -8.799844479428429622e+00 -8.830102439998881891e+00 -8.854623049410292879e+00 -8.874824358601472341e+00 -8.891686066694092005e+00 -8.906126932954066433e+00 -8.918736804218497127e+00
