5.446142114560911102e-02 5.446142114560911102e-02 5.446142114560911102e-02 5.446142114560911102e-02 5.446142114560911102e-02 5.446142114560911102e-02 5.446142114560911102e-02 5.446142114560911102e-02 5.446142114560911102e-02 5.446142114560911102e-02 5.446142114560911102e-02
5.472347243625391017e-02 5.472347243625391017e-02 5.472347243625391017e-02 5.472347243625391017e-02 5.472347243625391017e-02 5.472347243625391017e-02 5.472347243625391017e-02 5.472347243625391017e-02 5.472347243625391017e-02 5.472347243625391017e-02 5.472347243625391017e-02
5.555323340495844225e-02 5.555323340495844225e-02 5.555323340495844225e-02 5.555323340495844225e-02 5.555323340495844225e-02 5.555323340495844225e-02 5.555323340495844225e-02 5.555323340495844225e-02 5.555323340495844225e-02 5.555323340495844225e-02 5.555323340495844225e-02
5.695672511144444367e-02 5.695672511144444367e-02 5.695672511144444367e-02 5.695672511144444367e-02 5.695672511144444367e-02 5.695672511144444367e-02 5.695672511144444367e-02 5.695672511144444367e-02 5.695672511144444367e-02 5.695672511144444367e-02 5.695672511144444367e-02
5.891492976327301206e-02 5.891492976327301206e-02 5.891492976327301206e-02 5.891492976327301206e-02 5.891492976327301206e-02 5.891492976327301206e-02 5.891492976327301206e-02 5.891492976327301206e-02 5.891492976327301206e-02 5.891492976327301206e-02 5.891492976327301206e-02
6.144948794916808149e-02 6.144948794916808149e-02 6.144948794916808149e-02 6.144948794916808149e-02 6.144948794916808149e-02 6.144948794916808149e-02 6.144948794916808149e-02 6.144948794916808149e-02 6.144948794916808149e-02 6.144948794916808149e-02 6.144948794916808149e-02
6.456732037497760202e-02 6.456732037497760202e-02 6.456732037497760202e-02 6.456732037497760202e-02 6.456732037497760202e-02 6.456732037497760202e-02 6.456732037497760202e-02 6.456732037497760202e-02 6.456732037497760202e-02 6.456732037497760202e-02 6.456732037497760202e-02
6.827213416877696284e-02 6.827213416877696284e-02 6.827213416877696284e-02 6.827213416877696284e-02 6.827213416877696284e-02 6.827213416877696284e-02 6.827213416877696284e-02 6.827213416877696284e-02 6.827213416877696284e-02 6.827213416877696284e-02 6.827213416877696284e-02
7.255125420676157566e-02 7.255125420676157566e-02 7.255125420676157566e-02 7.255125420676157566e-02 7.255125420676157566e-02 7.255125420676157566e-02 7.255125420676157566e-02 7.255125420676157566e-02 7.255125420676157566e-02 7.255125420676157566e-02 7.255125420676157566e-02
7.746540591409932508e-02 7.746540591409932508e-02 7.746540591409932508e-02 7.746540591409932508e-02 7.746540591409932508e-02 7.746540591409932508e-02 7.746540591409932508e-02 7.746540591409932508e-02 7.746540591409932508e-02 7.746540591409932508e-02 7.746540591409932508e-02
8.299270637133607242e-02 8.299270637133607242e-02 8.299270637133607242e-02 8.299270637133607242e-02 8.299270637133607242e-02 8.299270637133607242e-02 8.299270637133607242e-02 8.299270637133607242e-02 8.299270637133607242e-02 8.299270637133607242e-02 8.299270637133607242e-02
