5.595037845296978048e+03 5.921453078299657136e+03 6.272253889715570040e+03 6.647360125514389438e+03 7.031987290204684541e+03 7.439535788502653304e+03 7.881959030853773584e+03 8.335586070840581669e+03 8.824048470491488843e+03 9.342878756691578019e+03 9.906907243449761154e+03
5.721074339372789836e+03 6.066107604793627615e+03 6.433265975979658833e+03 6.816521078890266836e+03 7.228351499141474051e+03 7.667469622027760124e+03 8.132238131956100915e+03 8.617835529426574794e+03 9.133435858818716952e+03 9.694809774924253361e+03 1.028378436499519012e+04
6.106435977242654189e+03 6.502684897072458625e+03 6.922289212833741658e+03 7.379354422255166355e+03 7.861258376626405152e+03 8.373568668811507450e+03 8.913775362477788804e+03 9.502518362998993325e+03 1.012931739798328272e+04 1.083166013499299152e+04 1.153544739207573184e+04
6.786555044380365871e+03 7.280538463140424938e+03 7.812150164152389152e+03 8.388824914165863447e+03 9.000937464291106153e+03 9.681190021193544453e+03 1.039514344308219370e+04 1.117666226997796548e+04 1.203997386493655722e+04 1.294179356817903317e+04 1.391080587195349290e+04
7.810429427883440439e+03 8.474323558864300139e+03 9.200086537936473178e+03 1.000491115013964009e+04 1.087233022449393684e+04 1.183978757937277805e+04 1.291643997145124740e+04 1.405370412818262048e+04 1.530330479454671331e+04 1.664359802375808431e+04 1.809219794347075731e+04
9.284688961040163122e+03 1.022761657350998576e+04 1.129218169295066764e+04 1.247485144438429234e+04 1.381346051342969440e+04 1.529598236255194570e+04 1.694028131454197501e+04 1.874361284691464243e+04 2.069954470479357769e+04 2.286394952819333048e+04 2.513472099789889762e+04
1.136525581572525698e+04 1.277907972816042820e+04 1.441718639691344652e+04 1.627534442939820838e+04 1.840822081546901245e+04 2.079722448969500692e+04 2.347648781556159520e+04 2.640955621950363275e+04 2.960761002095787990e+04 3.304551405597462872e+04 3.677670922180161142e+04
1.429161684992631490e+04 1.648425051455717039e+04 1.907423085011017974e+04 2.208695884816062608e+04 2.552841149091882471e+04 2.952297661979768600e+04 3.389182374544264894e+04 3.873644636924007500e+04 4.394251013373867318e+04 4.968346647034674243e+04 5.566829365492901707e+04
1.841224597510468811e+04 2.182882530368912558e+04 2.600677973963472323e+04 3.094088667949216688e+04 3.669212192339968169e+04 4.317492304315180081e+04 5.044116362249387021e+04 5.834341910695099068e+04 6.671920007044362137e+04 7.608186555662741011e+04 8.562088665448123356e+04
2.419504014446024303e+04 2.962379593132947775e+04 3.635592782259728119e+04 4.440548242354251852e+04 5.386561515645089094e+04 6.435625111319065763e+04 7.617213002806276199e+04 8.881057600108807674e+04 1.027269586335660424e+05 1.177250478990592237e+05 1.332615939829139097e+05
3.232743668877502569e+04 4.093685481724495185e+04 5.175783005549208610e+04 6.479366083553554199e+04 8.003078321837847761e+04 9.727635549688038009e+04 1.160886747361482121e+05 1.368997512637017644e+05 1.589432151105788362e+05 1.829430505166006915e+05 2.082010336719921615e+05
