3.915762268816193100e+05 3.949277180599654093e+05 3.987108480286293197e+05 4.027250237254155800e+05 4.069382819528090768e+05 4.111681565257268958e+05 4.158259981808199664e+05 4.206545870491616661e+05 4.252800979622135637e+05 4.307710977705458645e+05 4.359747151667839498e+05
3.983278681168822804e+05 4.016428242077627801e+05 4.054013138240142143e+05 4.094629137035290478e+05 4.137604705594391562e+05 4.181180870858114213e+05 4.228706921138383332e+05 4.278301121999298339e+05 4.328066385414854158e+05 4.380101133052071673e+05 4.433993607084756368e+05
4.189893879584433162e+05 4.222932115303967148e+05 4.256725702550137648e+05 4.300813168199546635e+05 4.343924546406488516e+05 4.391070407617850578e+05 4.438607540087367524e+05 4.487599230713550351e+05 4.541479580267629353e+05 4.599066507479438442e+05 4.654469552340495866e+05
4.546182970284984331e+05 4.577569371935236268e+05 4.609332883619691711e+05 4.651928055147269042e+05 4.697307810096645844e+05 4.744145199675889453e+05 4.796268014447119203e+05 4.845185894666541135e+05 4.903269760692269774e+05 4.965775377307467279e+05 5.029249830746388179e+05
5.068204041955366847e+05 5.094367723254110315e+05 5.123419490502365516e+05 5.159337767308878829e+05 5.205197156151094823e+05 5.253914624649727484e+05 5.303851751253281254e+05 5.365526169411003357e+05 5.425603533120463835e+05 5.492463173217674484e+05 5.559170416682917858e+05
5.795995002984622261e+05 5.806077514140778221e+05 5.822139033304038458e+05 5.850814726919101086e+05 5.888727807658187812e+05 5.938703940665116534e+05 5.987576579068056308e+05 6.045751364022498019e+05 6.110670009203001391e+05 6.182536014553575078e+05 6.255524942372511141e+05
6.773788541218568571e+05 6.750842458966135746e+05 6.745130702554319287e+05 6.753342626718374668e+05 6.775957923588489648e+05 6.814517518794011557e+05 6.860601323616149602e+05 6.920201043919592630e+05 6.985411029262873344e+05 7.058877059898052830e+05 7.139158089937068289e+05
8.075643222795672482e+05 7.995460305656472920e+05 7.939829128607650055e+05 7.910564959697423037e+05 7.902939541363912867e+05 7.920238626171053620e+05 7.954764054955812171e+05 8.001954704518921208e+05 8.068824528465142939e+05 8.142823070500800386e+05 8.221895365679234965e+05
9.804380429009465734e+05 9.619888690550114261e+05 9.480843484487310052e+05 9.383123126862595091e+05 9.321960120018887101e+05 9.300564027121287072e+05 9.307975636828381103e+05 9.337646139832868939e+05 9.390991273045485141e+05 9.457820488581558457e+05 9.539426890182711650e+05
1.210386474972252036e+06 1.173804946829990018e+06 1.145755304093462182e+06 1.124445997707802802e+06 1.109819514348814730e+06 1.101050131472198060e+06 1.096761361259789206e+06 1.096457341680764919e+06 1.099199833494234364e+06 1.104911316033467883e+06 1.112477566183430143e+06
1.517253572819894645e+06 1.451560548957822146e+06 1.399961208425792865e+06 1.360609956960483687e+06 1.332343507256618934e+06 1.312912229407781735e+06 1.301031501157959690e+06 1.294811792884525610e+06 1.293790985099043464e+06 1.296564758288774174e+06 1.302315732942076633e+06
