6.620818090179808678e+03 9.171319926356249198e+03 9.895565111584066472e+03 1.032175936366809583e+04 1.062878675690361888e+04 1.087299869854174722e+04 1.106538091702831662e+04 1.122716114454798299e+04 1.136320029779993638e+04 1.147616753550962676e+04 1.157914321670314894e+04
6.654751508890209152e+03 9.222503173433571646e+03 9.949267489345516879e+03 1.038146887699460785e+04 1.069281724090844182e+04 1.093198024141556380e+04 1.112320209795268056e+04 1.128673462563253997e+04 1.142765049689661464e+04 1.154531437671627282e+04 1.164018588945553893e+04
6.761083202890500615e+03 9.370619933863161350e+03 1.011406991236997419e+04 1.055240002067999376e+04 1.086890467297144824e+04 1.112084977618760422e+04 1.131938932914913130e+04 1.148496925117364117e+04 1.162536902371463475e+04 1.173812867359511620e+04 1.184684804552293645e+04
6.940133655299160637e+03 9.628255591085600827e+03 1.039325331404635290e+04 1.085166913207365724e+04 1.118031712442398202e+04 1.143588172946322811e+04 1.163968566424088931e+04 1.181410310841767932e+04 1.196154893475018980e+04 1.208149753024796701e+04 1.218850187712789557e+04
7.197068442043544565e+03 9.994275986354932684e+03 1.079702657575086050e+04 1.127308894240502741e+04 1.162124427968616328e+04 1.189451721679587536e+04 1.211422521582558875e+04 1.229518720236004265e+04 1.244187073033145134e+04 1.257411592662347539e+04 1.268616760370002157e+04
7.537861769057521997e+03 1.048823435789795803e+04 1.133868693744828488e+04 1.184302787408922813e+04 1.221853869577829937e+04 1.251157708680083306e+04 1.274531384217555751e+04 1.293773467310418346e+04 1.309159096812959979e+04 1.323708605955276107e+04 1.335199987533366584e+04
7.969121670998364607e+03 1.112027918200130080e+04 1.203057171449884845e+04 1.258965751841620113e+04 1.299490023537977504e+04 1.330947983415835006e+04 1.356108087496611552e+04 1.377210499113622245e+04 1.394448652620391294e+04 1.408840755367261045e+04 1.422273497679456341e+04
8.504027529309796591e+03 1.191296631801649164e+04 1.291440358431353707e+04 1.351863850320708843e+04 1.396785288770189982e+04 1.431453480732625758e+04 1.459532342167684874e+04 1.481835591932819807e+04 1.501594200615758746e+04 1.518151745812477202e+04 1.531768990246052635e+04
9.156945774694308056e+03 1.289721444005909507e+04 1.400979267497213550e+04 1.468173120765342901e+04 1.519535078752108529e+04 1.556999082276518311e+04 1.588112648598040869e+04 1.614675312405920340e+04 1.636710617440286660e+04 1.653302524918923882e+04 1.670567130415972133e+04
9.950228418452599726e+03 1.410941816901519451e+04 1.536223454995198517e+04 1.613919459608532634e+04 1.671888946281262542e+04 1.714812441603030675e+04 1.750363540842047587e+04 1.780550772257199060e+04 1.804768333400600750e+04 1.824437977537699044e+04 1.843083001477599464e+04
1.090891586999499123e+04 1.560164520566973806e+04 1.703845127492827305e+04 1.795522228529556014e+04 1.861300618384231348e+04 1.911025216498066584e+04 1.952330405014775170e+04 1.987227064116861220e+04 2.014912399396251567e+04 2.038034043754059894e+04 2.058878000212227198e+04
