2.812340144118484275e+01 2.812340144118484275e+01 2.812340144118484275e+01 2.812340144118484275e+01 2.812340144118484275e+01 2.812340144118484275e+01 2.812340144118484275e+01 2.812340144118484275e+01 2.812340144118484275e+01 2.812340144118484275e+01 2.812340144118484275e+01
2.825870861244563059e+01 2.825870861244563059e+01 2.825870861244563059e+01 2.825870861244563059e+01 2.825870861244563059e+01 2.825870861244563059e+01 2.825870861244563059e+01 2.825870861244563059e+01 2.825870861244563059e+01 2.825870861244563059e+01 2.825870861244563059e+01
2.868727715971108339e+01 2.868727715971108339e+01 2.868727715971108339e+01 2.868727715971108339e+01 2.868727715971108339e+01 2.868727715971108339e+01 2.868727715971108339e+01 2.868727715971108339e+01 2.868727715971108339e+01 2.868727715971108339e+01 2.868727715971108339e+01
2.941208861163879718e+01 2.941208861163879718e+01 2.941208861163879718e+01 2.941208861163879718e+01 2.941208861163879718e+01 2.941208861163879718e+01 2.941208861163879718e+01 2.941208861163879718e+01 2.941208861163879718e+01 2.941208861163879718e+01 2.941208861163879718e+01
3.042346976701271899e+01 3.042346976701271899e+01 3.042346976701271899e+01 3.042346976701271899e+01 3.042346976701271899e+01 3.042346976701271899e+01 3.042346976701271899e+01 3.042346976701271899e+01 3.042346976701271899e+01 3.042346976701271899e+01 3.042346976701271899e+01
3.173246365577896455e+01 3.173246365577896455e+01 3.173246365577896455e+01 3.173246365577896455e+01 3.173246365577896455e+01 3.173246365577896455e+01 3.173246365577896455e+01 3.173246365577896455e+01 3.173246365577896455e+01 3.173246365577896455e+01 3.173246365577896455e+01
3.334281422147391538e+01 3.334281422147391538e+01 3.334281422147391538e+01 3.334281422147391538e+01 3.334281422147391538e+01 3.334281422147391538e+01 3.334281422147391538e+01 3.334281422147391538e+01 3.334281422147391538e+01 3.334281422147391538e+01 3.334281422147391538e+01
3.525629610488564936e+01 3.525629610488564936e+01 3.525629610488564936e+01 3.525629610488564936e+01 3.525629610488564936e+01 3.525629610488564936e+01 3.525629610488564936e+01 3.525629610488564936e+01 3.525629610488564936e+01 3.525629610488564936e+01 3.525629610488564936e+01
3.746656555434994118e+01 3.746656555434994118e+01 3.746656555434994118e+01 3.746656555434994118e+01 3.746656555434994118e+01 3.746656555434994118e+01 3.746656555434994118e+01 3.746656555434994118e+01 3.746656555434994118e+01 3.746656555434994118e+01 3.746656555434994118e+01
4.000461875987525673e+01 4.000461875987525673e+01 4.000461875987525673e+01 4.000461875987525673e+01 4.000461875987525673e+01 4.000461875987525673e+01 4.000461875987525673e+01 4.000461875987525673e+01 4.000461875987525673e+01 4.000461875987525673e+01 4.000461875987525673e+01
4.285957081318483120e+01 4.285957081318483120e+01 4.285957081318483120e+01 4.285957081318483120e+01 4.285957081318483120e+01 4.285957081318483120e+01 4.285957081318483120e+01 4.285957081318483120e+01 4.285957081318483120e+01 4.285957081318483120e+01 4.285957081318483120e+01
