-8.250083343256847002e+00 -8.278023182108881883e+00 -8.308307312334363814e+00 -8.340840042365016416e+00 -8.376168460803455673e+00 -8.413846390518301632e+00 -8.454718283377587795e+00 -8.497750904680287931e+00 -8.544259075111767743e+00 -8.593725896018440835e+00 -8.644608058340963908e+00
-8.255386544275097549e+00 -8.283883401425555348e+00 -8.314685551828006282e+00 -8.348156393840326928e+00 -8.384083221288165078e+00 -8.422952008688298520e+00 -8.464658935154147912e+00 -8.508997062643175013e+00 -8.556708074611378834e+00 -8.607527919506537728e+00 -8.659626188782567624e+00
-8.270944740768754855e+00 -8.301054878138529602e+00 -8.333839059443562292e+00 -8.369531430049391929e+00 -8.408138516017061193e+00 -8.449841770881903358e+00 -8.494282199804729316e+00 -8.542541896727925632e+00 -8.594128103701223154e+00 -8.648737514435197227e+00 -8.706117956993693952e+00
-8.295691348015679978e+00 -8.328524867836677004e+00 -8.364532841856998857e+00 -8.403958823866560124e+00 -8.446644399657088798e+00 -8.493242097203619778e+00 -8.543509204922884237e+00 -8.597639156323566567e+00 -8.654922527755843475e+00 -8.716443505058123264e+00 -8.782364839462388773e+00
-8.328031268152699340e+00 -8.364767206287069712e+00 -8.405360432414454408e+00 -8.450149320931814145e+00 -8.498934569273842499e+00 -8.552809026165050454e+00 -8.610517048327892553e+00 -8.672940570271748584e+00 -8.740311019770160783e+00 -8.812406536570051685e+00 -8.889959052066842560e+00
-8.366648175891896244e+00 -8.408140138002636377e+00 -8.454514168202877045e+00 -8.505978471628623083e+00 -8.563327188327093609e+00 -8.625445439778559376e+00 -8.694075916020665318e+00 -8.768379155335424002e+00 -8.848596196148719173e+00 -8.936166219318693038e+00 -9.029114983124600258e+00
-8.409701583732385188e+00 -8.456849273527041078e+00 -8.510363077271904331e+00 -8.570420397321868222e+00 -8.637016507425869349e+00 -8.711607044293486979e+00 -8.793647457576298621e+00 -8.883172544861736242e+00 -8.981436643363849726e+00 -9.087084903367212974e+00 -9.201288672855298501e+00
-8.455662537300668191e+00 -8.509447063472180162e+00 -8.571214044379303232e+00 -8.641674503051035572e+00 -8.720272716185718309e+00 -8.809715044277254492e+00 -8.908772281713027041e+00 -9.018486355686036404e+00 -9.137729546579066664e+00 -9.267689783366222400e+00 -9.408053433078748640e+00
-8.503221475351892877e+00 -8.564189181626716163e+00 -8.635650133743183687e+00 -8.717896062567888293e+00 -8.812324618826096412e+00 -8.919488180072221439e+00 -9.039820672944188118e+00 -9.173316740008885972e+00 -9.319941298781486694e+00 -9.479642935591982678e+00 -9.652080550884420518e+00
-8.551359355747990776e+00 -8.620492698406451382e+00 -8.702612521163246129e+00 -8.799347696221957449e+00 -8.911989329018979333e+00 -9.040855311985069420e+00 -9.186529687431175262e+00 -9.348987574601778761e+00 -9.528902320169436280e+00 -9.723678112342895474e+00 -9.935327411280013621e+00
-8.599246204270457383e+00 -8.677285177436715458e+00 -8.771834930390468799e+00 -8.885201376499026082e+00 -9.019149668238242157e+00 -9.173707886635384057e+00 -9.349420569364156108e+00 -9.546438679790298920e+00 -9.763996230023622047e+00 -1.000012207050167490e+01 -1.025484653532475932e+01
