0.000000000000000000e+00 5.375041131628677249e-02 1.077305338330916129e-01 1.621512881029048003e-01 2.176936251562437974e-01 2.740262874503969215e-01 3.320659208184224553e-01 3.910577045535319485e-01 4.523571917234221473e-01 5.154930447461083531e-01 5.791547408953192644e-01
0.000000000000000000e+00 5.478102935012429953e-02 1.096819774247705936e-01 1.653633396781515330e-01 2.217498819154570810e-01 2.794784355137380771e-01 3.385399477920145728e-01 3.989567202952457592e-01 4.615620221957215108e-01 5.261534920646226965e-01 5.910994688820210285e-01
0.000000000000000000e+00 5.776140429225051776e-02 1.159603429769049399e-01 1.746779357636114582e-01 2.345780829709838144e-01 2.957127918998594396e-01 3.580393061856739223e-01 4.227068195395986550e-01 4.894999401658424176e-01 5.580861886410275474e-01 6.285432373406365514e-01
0.000000000000000000e+00 6.275933652068488300e-02 1.260823468910530210e-01 1.901171375575358979e-01 2.552172791474731639e-01 3.222463836355018429e-01 3.912366899239714257e-01 4.622954556398326531e-01 5.352325188650866039e-01 6.110879678235505708e-01 6.902515553956618533e-01
0.000000000000000000e+00 6.971267791959689930e-02 1.400685348853585310e-01 2.116755458191619255e-01 2.843849756463896483e-01 3.598849431218695827e-01 4.371019851241726428e-01 5.172267991074477322e-01 6.007462356574251316e-01 6.875335805088980123e-01 7.785867637867340818e-01
0.000000000000000000e+00 7.844295171526027843e-02 1.576476507761981338e-01 2.383053713929257356e-01 3.214891953102778643e-01 4.065011286365916021e-01 4.956205418930039741e-01 5.883563482057070360e-01 6.851988478592829779e-01 7.878471387521130964e-01 8.945812273886986077e-01
0.000000000000000000e+00 8.869253631564788520e-02 1.784936356416437775e-01 2.703085431858198717e-01 3.648010360193438828e-01 4.636520462372573093e-01 5.671009915095055476e-01 6.756537201217724942e-01 7.910450829876936041e-01 9.120713089650962502e-01 1.040281677378516179e+00
0.000000000000000000e+00 1.003396721353055909e-01 2.022591938803088851e-01 3.072469081089366227e-01 4.156034824991365895e-01 5.305914812561240979e-01 6.519057722689467482e-01 7.812244422530056909e-01 9.178275165177183226e-01 1.063494713249383494e+00 1.218024770503689069e+00
0.000000000000000000e+00 1.129223753450787626e-01 2.284085871942806989e-01 3.478733035954064690e-01 4.739156158757396042e-01 6.078111140086548403e-01 7.511218931613257155e-01 9.047368010506033897e-01 1.068913676441297866e+00 1.244506772352906410e+00 1.431206707238743547e+00
0.000000000000000000e+00 1.268244960956508294e-01 2.568685862643178552e-01 3.934583627633401193e-01 5.393085532923578285e-01 6.959052396123297513e-01 8.651340962969698012e-01 1.048027391552750487e+00 1.245759857039956842e+00 1.456515583522559609e+00 1.682481059200654272e+00
0.000000000000000000e+00 1.417172577785095200e-01 2.880402186056016944e-01 4.436206745886011049e-01 6.120383695524651557e-01 7.953307490242877975e-01 9.950656291985069402e-01 1.212805689981905743e+00 1.448285285645397380e+00 1.700494029559195042e+00 1.969606926002597902e+00
