-5.289173623885289999e+00 -5.223180380049598170e+00 -5.168305009490723023e+00 -5.122275314366561361e+00 -5.083234555928356713e+00 -5.049723691030521877e+00 -5.020491608600423206e+00 -4.994692716834833845e+00 -4.971297524054534733e+00 -4.950400410962174647e+00 -4.931361199312959798e+00
-5.525214372559275944e+00 -5.452068351525667822e+00 -5.392200719772517914e+00 -5.342597756301984191e+00 -5.300863761363871163e+00 -5.265195267948001856e+00 -5.234272582878475077e+00 -5.207021977621479891e+00 -5.182672775259561604e+00 -5.160688801290234551e+00 -5.140685431280871853e+00
-6.031109568619285710e+00 -5.939989245107426541e+00 -5.867892169611877762e+00 -5.809993755279720062e+00 -5.762384801419102587e+00 -5.722174212132813409e+00 -5.687515916415577522e+00 -5.657245556536508957e+00 -5.630298757565469714e+00 -5.606070143428951269e+00 -5.584077247451205039e+00
-6.525275187039369484e+00 -6.411286181497416692e+00 -6.325130739631276811e+00 -6.258156687563314335e+00 -6.204294505801954074e+00 -6.159593665022839559e+00 -6.121408825361868367e+00 -6.088075255771400407e+00 -6.058570795124978758e+00 -6.032128062015544856e+00 -6.008162740890838904e+00
-6.907782132409920450e+00 -6.770195584551402135e+00 -6.670784740414092084e+00 -6.596076370828086510e+00 -6.537129532411199762e+00 -6.488747710962343263e+00 -6.447817531356122345e+00 -6.412318241527827922e+00 -6.380967251185211353e+00 -6.352895294101472246e+00 -6.327470967709814431e+00
-7.183925340414134553e+00 -7.024387272489548195e+00 -6.913558371936233016e+00 -6.832731046193657676e+00 -6.770015456571854884e+00 -6.718982014248467749e+00 -6.676023360243561910e+00 -6.638962044868094381e+00 -6.606280709573184140e+00 -6.577066828795068432e+00 -6.550661180943279760e+00
-7.382378110825811746e+00 -7.202583632133610081e+00 -7.082502010878670262e+00 -6.996895290259999456e+00 -6.931437398241541814e+00 -6.878532880382408621e+00 -6.834110133000649512e+00 -6.795904518221504986e+00 -6.762315713192947442e+00 -6.732321575105743250e+00 -6.705189572003291687e+00
-7.527110283248475753e+00 -7.329295575476862723e+00 -7.201704088492988376e+00 -7.112427247175219236e+00 -7.044902717203513021e+00 -6.990601299556146841e+00 -6.945201598991843639e+00 -6.906171003847703105e+00 -6.871916038940980798e+00 -6.841365463493275456e+00 -6.813757385320059257e+00
-7.635204620051808888e+00 -7.421474409573420417e+00 -7.287633605243172497e+00 -7.195545198301260825e+00 -7.126477028574299766e+00 -7.071181277118739672e+00 -7.025021565721544903e+00 -6.985417478776071221e+00 -6.950687272266804939e+00 -6.919730005040037213e+00 -6.891788325854577124e+00
-7.718086323511670344e+00 -7.490098037018469768e+00 -7.351026539101439994e+00 -7.256783246040868107e+00 -7.186538503068732098e+00 -7.130489625636982964e+00 -7.083774343042023247e+00 -7.043729467670345912e+00 -7.008652499534946401e+00 -6.977399395811517024e+00 -6.949196316301822662e+00
-7.783192459315614542e+00 -7.542288943506719079e+00 -7.398851458485296462e+00 -7.302871587729896419e+00 -7.231714739522431046e+00 -7.175108911917050136e+00 -7.127968327105918434e+00 -7.087581150732148672e+00 -7.052223581191356061e+00 -7.020741473261296051e+00 -6.992317091695440467e+00
