3.959011715782504659e+00 4.613710145976933852e+00 5.383908108124249914e+00 6.272964691869693965e+00 7.279851295923271515e+00 8.396247639784274241e+00 9.620246872032547358e+00 1.097633540150012088e+01 1.248592225884596019e+01 1.414692484713173926e+01 1.595700123633730172e+01
4.901090153204493483e+00 5.770570224001971837e+00 6.803906143389466976e+00 7.999120540520880063e+00 9.337128412723368243e+00 1.082214789848156755e+01 1.248413721498723916e+01 1.432198192169328976e+01 1.632037092247117727e+01 1.851532011912648557e+01 2.098430670441186763e+01
7.937890884745086417e+00 9.581554844563765272e+00 1.153506033989905610e+01 1.380600415030411199e+01 1.639755592843858523e+01 1.923881003763214892e+01 2.237834796636265722e+01 2.590989104968935308e+01 2.980087985183815746e+01 3.404846881872401809e+01 3.881553172148583286e+01
1.347032782247250005e+01 1.667838849552175873e+01 2.063863676121088631e+01 2.516744929452429602e+01 3.034347554599800389e+01 3.613020796123394973e+01 4.239578107282273578e+01 4.941391386173949485e+01 5.733259883925674671e+01 6.610573653643132275e+01 7.604189470131960604e+01
2.179189989710366859e+01 2.778264034910382918e+01 3.505675363179061321e+01 4.370663844959161537e+01 5.324941633498073656e+01 6.397144238283070905e+01 7.595998700799457026e+01 8.914281150867786607e+01 1.041959766353732135e+02 1.212310464417486173e+02 1.401132707832190647e+02
3.321861632124411301e+01 4.323391258212798505e+01 5.593693247201537844e+01 7.044352228551416317e+01 8.707112628209139871e+01 1.054630741064664505e+02 1.260327222027571992e+02 1.493352640383308483e+02 1.748574360456392469e+02 2.038657490258482312e+02 2.373140941216703936e+02
4.781639813467618438e+01 6.367096306341289136e+01 8.361591747947959163e+01 1.069518315414293284e+02 1.332146220094031435e+02 1.627344897000819799e+02 1.957385687057551706e+02 2.318337525619507460e+02 2.732511109660911757e+02 3.196997558976642040e+02 3.713772941167138129e+02
6.563399353682075343e+01 8.935678341097415966e+01 1.189100353992588310e+02 1.539656544925987589e+02 1.932576626589978446e+02 2.376766325234461306e+02 2.858518972269457095e+02 3.408761516362012571e+02 4.019371583282261895e+02 4.699604725579138176e+02 5.483646580892021802e+02
8.683078099602477096e+01 1.203214875081811499e+02 1.626359313281794527e+02 2.120798764431149550e+02 2.686937005820643662e+02 3.304788448530138680e+02 3.999760282866725447e+02 4.776704451043602830e+02 5.631088961631489838e+02 6.611224829458500380e+02 7.682410362366783829e+02
1.115442386465643949e+02 1.567921896881119324e+02 2.149465388048946295e+02 2.825988818731519814e+02 3.596296223660146438e+02 4.436254445290409194e+02 5.386461111760673930e+02 6.427742499078059382e+02 7.603212782673115271e+02 8.922414429582638604e+02 1.032381990342965764e+03
1.398470078941832639e+02 1.991140590921439184e+02 2.760353420214769358e+02 3.661509830250217874e+02 4.665084264457184418e+02 5.785945666913879677e+02 7.027382883391812811e+02 8.402847745010762992e+02 9.960520134918464237e+02 1.162788727396108925e+03 1.343501178124959324e+03
