2.015971585018566839e+04 2.015971585018566839e+04 2.015971585018566839e+04 2.015971585018566839e+04 2.015971585018566839e+04 2.015971585018566839e+04 2.015971585018566839e+04 2.015971585018566839e+04 2.015971585018566839e+04 2.015971585018566839e+04 2.015971585018566839e+04
2.190261493841687115e+04 2.190261493841687115e+04 2.190261493841687115e+04 2.190261493841687115e+04 2.190261493841687115e+04 2.190261493841687115e+04 2.190261493841687115e+04 2.190261493841687115e+04 2.190261493841687115e+04 2.190261493841687115e+04 2.190261493841687115e+04
2.690516871833225014e+04 2.690516871833225014e+04 2.690516871833225014e+04 2.690516871833225014e+04 2.690516871833225014e+04 2.690516871833225014e+04 2.690516871833225014e+04 2.690516871833225014e+04 2.690516871833225014e+04 2.690516871833225014e+04 2.690516871833225014e+04
3.510812674158933078e+04 3.510812674158933078e+04 3.510812674158933078e+04 3.510812674158933078e+04 3.510812674158933078e+04 3.510812674158933078e+04 3.510812674158933078e+04 3.510812674158933078e+04 3.510812674158933078e+04 3.510812674158933078e+04 3.510812674158933078e+04
4.879444798241517856e+04 4.879444798241517856e+04 4.879444798241517856e+04 4.879444798241517856e+04 4.879444798241517856e+04 4.879444798241517856e+04 4.879444798241517856e+04 4.879444798241517856e+04 4.879444798241517856e+04 4.879444798241517856e+04 4.879444798241517856e+04
8.183183529242544319e+04 8.183183529242544319e+04 8.183183529242544319e+04 8.183183529242544319e+04 8.183183529242544319e+04 8.183183529242544319e+04 8.183183529242544319e+04 8.183183529242544319e+04 8.183183529242544319e+04 8.183183529242544319e+04 8.183183529242544319e+04
1.995279800637704029e+05 1.995279800637704029e+05 1.995279800637704029e+05 1.995279800637704029e+05 1.995279800637704029e+05 1.995279800637704029e+05 1.995279800637704029e+05 1.995279800637704029e+05 1.995279800637704029e+05 1.995279800637704029e+05 1.995279800637704029e+05
6.634622137964192079e+05 6.634622137964192079e+05 6.634622137964192079e+05 6.634622137964192079e+05 6.634622137964192079e+05 6.634622137964192079e+05 6.634622137964192079e+05 6.634622137964192079e+05 6.634622137964192079e+05 6.634622137964192079e+05 6.634622137964192079e+05
2.379601478750886396e+06 2.379601478750886396e+06 2.379601478750886396e+06 2.379601478750886396e+06 2.379601478750886396e+06 2.379601478750886396e+06 2.379601478750886396e+06 2.379601478750886396e+06 2.379601478750886396e+06 2.379601478750886396e+06 2.379601478750886396e+06
8.153708372830580920e+06 8.153708372830580920e+06 8.153708372830580920e+06 8.153708372830580920e+06 8.153708372830580920e+06 8.153708372830580920e+06 8.153708372830580920e+06 8.153708372830580920e+06 8.153708372830580920e+06 8.153708372830580920e+06 8.153708372830580920e+06
2.576262679181314260e+07 2.576262679181314260e+07 2.576262679181314260e+07 2.576262679181314260e+07 2.576262679181314260e+07 2.576262679181314260e+07 2.576262679181314260e+07 2.576262679181314260e+07 2.576262679181314260e+07 2.576262679181314260e+07 2.576262679181314260e+07
