-4.833226467530039372e+00 -5.155275183202320477e+00 -5.269249644246883690e+00 -5.338275617312319810e+00 -5.387667543905990897e+00 -5.426147854410373839e+00 -5.457778106374462368e+00 -5.484609352351981215e+00 -5.507840904312615748e+00 -5.528371042066282826e+00 -5.546891753536328906e+00
-5.053187224555585999e+00 -5.387676616945100250e+00 -5.504732224479084834e+00 -5.575715910505095962e+00 -5.626561624998430489e+00 -5.666367998579517007e+00 -5.699100422752962913e+00 -5.726769139851967338e+00 -5.750891017662070226e+00 -5.772350824725435814e+00 -5.791572262816771399e+00
-5.528278793419303838e+00 -5.886279023929091636e+00 -6.009499449177383212e+00 -6.084531167176464805e+00 -6.138874759228201583e+00 -6.181336798403208377e+00 -6.216474616561754374e+00 -6.246431484421918867e+00 -6.272419625660404563e+00 -6.295454886592779076e+00 -6.316264394281461136e+00
-5.996091325847373810e+00 -6.373380955563334282e+00 -6.502469159175234381e+00 -6.581957181806501467e+00 -6.639578556085325545e+00 -6.685144127539388137e+00 -6.722609350545099005e+00 -6.754675016662076814e+00 -6.782808597861730959e+00 -6.807745455662370659e+00 -6.830105197030206909e+00
-6.360481378073018277e+00 -6.750305985235172557e+00 -6.884081395903194789e+00 -6.966879940275248373e+00 -7.027473621346871369e+00 -7.075136354229471181e+00 -7.114890161457879003e+00 -7.148799790164048318e+00 -7.178326026118156733e+00 -7.204616898387030233e+00 -7.228319066955009475e+00
-6.625266892791842110e+00 -7.022305461654468672e+00 -7.159512062815338140e+00 -7.245169141006044811e+00 -7.307617688667960465e+00 -7.357373403956444236e+00 -7.398481220123358071e+00 -7.433612290838937042e+00 -7.464394980273937108e+00 -7.491652038861502660e+00 -7.516084923492599046e+00
-6.816164170308184111e+00 -7.217496597888384713e+00 -7.357296533620683476e+00 -7.444746480752655771e+00 -7.509061499829840614e+00 -7.559958752215607092e+00 -7.602138943238969659e+00 -7.638287461541040102e+00 -7.669723234637785936e+00 -7.697596972961036954e+00 -7.722813360574946273e+00
-6.955876743944827467e+00 -7.360000992357527139e+00 -7.501742356693284819e+00 -7.590543233603966655e+00 -7.656105400528758764e+00 -7.707866813889268087e+00 -7.750934097253775690e+00 -7.787590361658658367e+00 -7.819574832916259766e+00 -7.848166264448082075e+00 -7.873983881116146222e+00
-7.060643494405667298e+00 -7.466455152869457379e+00 -7.609612924905377440e+00 -7.699690549536171602e+00 -7.765970001022651559e+00 -7.818555619687685976e+00 -7.862093595416808967e+00 -7.899181149972719140e+00 -7.931782124775054399e+00 -7.960873779906251002e+00 -7.986974492370791268e+00
-7.141186647506401641e+00 -7.547937588366039563e+00 -7.692207394396973541e+00 -7.783340230715111829e+00 -7.850213556717790198e+00 -7.903377612350595882e+00 -7.947215606847748859e+00 -7.984820587433205219e+00 -8.017888184167532017e+00 -8.047212115307047497e+00 -8.073538242839276791e+00
-7.204543421437847428e+00 -7.611828279150358867e+00 -7.757007767566392431e+00 -7.848908568954357179e+00 -7.916359718677995261e+00 -7.969840374658815563e+00 -8.014030100555828540e+00 -8.052104529870121041e+00 -8.085417108268302400e+00 -8.114901604247279465e+00 -8.141511650537722744e+00
