7.903249111098437085e-03 7.903249111098437085e-03 7.903249111098437085e-03 7.903249111098437085e-03 7.903249111098437085e-03 7.903249111098437085e-03 7.903249111098437085e-03 7.903249111098437085e-03 7.903249111098437085e-03 7.903249111098437085e-03 7.903249111098437085e-03
9.734754932408516692e-03 9.734754932408516692e-03 9.734754932408516692e-03 9.734754932408516692e-03 9.734754932408516692e-03 9.734754932408516692e-03 9.734754932408516692e-03 9.734754932408516692e-03 9.734754932408516692e-03 9.734754932408516692e-03 9.734754932408516692e-03
1.544396287513062627e-02 1.544396287513062627e-02 1.544396287513062627e-02 1.544396287513062627e-02 1.544396287513062627e-02 1.544396287513062627e-02 1.544396287513062627e-02 1.544396287513062627e-02 1.544396287513062627e-02 1.544396287513062627e-02 1.544396287513062627e-02
2.592490983152472353e-02 2.592490983152472353e-02 2.592490983152472353e-02 2.592490983152472353e-02 2.592490983152472353e-02 2.592490983152472353e-02 2.592490983152472353e-02 2.592490983152472353e-02 2.592490983152472353e-02 2.592490983152472353e-02 2.592490983152472353e-02
4.173968838855453972e-02 4.173968838855453972e-02 4.173968838855453972e-02 4.173968838855453972e-02 4.173968838855453972e-02 4.173968838855453972e-02 4.173968838855453972e-02 4.173968838855453972e-02 4.173968838855453972e-02 4.173968838855453972e-02 4.173968838855453972e-02
6.349220243847554512e-02 6.349220243847554512e-02 6.349220243847554512e-02 6.349220243847554512e-02 6.349220243847554512e-02 6.349220243847554512e-02 6.349220243847554512e-02 6.349220243847554512e-02 6.349220243847554512e-02 6.349220243847554512e-02 6.349220243847554512e-02
9.112539017012208364e-02 9.112539017012208364e-02 9.112539017012208364e-02 9.112539017012208364e-02 9.112539017012208364e-02 9.112539017012208364e-02 9.112539017012208364e-02 9.112539017012208364e-02 9.112539017012208364e-02 9.112539017012208364e-02 9.112539017012208364e-02
1.250112795444171809e-01 1.250112795444171809e-01 1.250112795444171809e-01 1.250112795444171809e-01 1.250112795444171809e-01 1.250112795444171809e-01 1.250112795444171809e-01 1.250112795444171809e-01 1.250112795444171809e-01 1.250112795444171809e-01 1.250112795444171809e-01
1.650716463987560445e-01 1.650716463987560445e-01 1.650716463987560445e-01 1.650716463987560445e-01 1.650716463987560445e-01 1.650716463987560445e-01 1.650716463987560445e-01 1.650716463987560445e-01 1.650716463987560445e-01 1.650716463987560445e-01 1.650716463987560445e-01
2.133189419268527176e-01 2.133189419268527176e-01 2.133189419268527176e-01 2.133189419268527176e-01 2.133189419268527176e-01 2.133189419268527176e-01 2.133189419268527176e-01 2.133189419268527176e-01 2.133189419268527176e-01 2.133189419268527176e-01 2.133189419268527176e-01
2.646316088128385924e-01 2.646316088128385924e-01 2.646316088128385924e-01 2.646316088128385924e-01 2.646316088128385924e-01 2.646316088128385924e-01 2.646316088128385924e-01 2.646316088128385924e-01 2.646316088128385924e-01 2.646316088128385924e-01 2.646316088128385924e-01
