0.000000000000000000e+00 1.456044830410974100e-01 2.959566595127398614e-01 4.554062549723312259e-01 6.275315227467217483e-01 8.154768569693260361e-01 1.021841582358320011e+00 1.248896670262183761e+00 1.498918814882927109e+00 1.773776695725246100e+00 2.076050596027926076e+00
0.000000000000000000e+00 1.626538383898150641e-01 3.312933470733696595e-01 5.115740043402183801e-01 7.082385339163010940e-01 9.249921688897302374e-01 1.164595217695023166e+00 1.429912388783122879e+00 1.723671407151414314e+00 2.048592244565952569e+00 2.407831158707267605e+00
0.000000000000000000e+00 2.067391297096037306e-01 4.243919792243104894e-01 6.619563429194386117e-01 9.266400104897911660e-01 1.224349178013653727e+00 1.559204283374128863e+00 1.934719925266108476e+00 2.355169262700655963e+00 2.825493707638088381e+00 3.351111897638475057e+00
0.000000000000000000e+00 2.657315547185135074e-01 5.502399328070168849e-01 8.696142416702059563e-01 1.234421148968976922e+00 1.652298381563014118e+00 2.129721840090496698e+00 2.671852622435835656e+00 3.285171890427591279e+00 3.977199517496046610e+00 4.757821555540431291e+00
0.000000000000000000e+00 3.293244760898232926e-01 6.894728922779904678e-01 1.103636344691039994e+00 1.587602067502302816e+00 2.150164223621686688e+00 2.798929269090876915e+00 3.541525903765432304e+00 4.386565683114895364e+00 5.345973057017545216e+00 6.433608265153452521e+00
0.000000000000000000e+00 3.923985610053932760e-01 8.300857473477663007e-01 1.345490892530506244e+00 1.956856774089828832e+00 2.675040451336826663e+00 3.508166554445779184e+00 4.465425353584578261e+00 5.558298701362218708e+00 6.800129887815273833e+00 8.207749279321433278e+00
0.000000000000000000e+00 4.523640653460461181e-01 9.670258065743837506e-01 1.584291121147543890e+00 2.325428386906423839e+00 3.201166010796441697e+00 4.220883302881702548e+00 5.393762383824650897e+00 6.732444915971427690e+00 8.251696485942375148e+00 9.965887433732859790e+00
0.000000000000000000e+00 5.089909397865994833e-01 1.097569637066044379e+00 1.815490522018080810e+00 2.684271019879815867e+00 3.715394562135770684e+00 4.916527638870320516e+00 6.298038433556939708e+00 7.871739131747744977e+00 9.650859620029223152e+00 1.164564390375016956e+01
0.000000000000000000e+00 5.616947930866444949e-01 1.221475969334278489e+00 2.036611161704058759e+00 3.029799250252835918e+00 4.210100140433496563e+00 5.585154035525192739e+00 7.163834225386381149e+00 8.957088407718401868e+00 1.097454539964019204e+01 1.322022675713378703e+01
0.000000000000000000e+00 6.106296616198960692e-01 1.338610008384421235e+00 2.247530689102859469e+00 3.359940799542528111e+00 4.682678380486322567e+00 6.222043675239547156e+00 7.985564072962006321e+00 9.981802165042608976e+00 1.221511964903766057e+01 1.468384835807228228e+01
0.000000000000000000e+00 6.563075802077946719e-01 1.449165706377243623e+00 2.448420227792666992e+00 3.674335582865751348e+00 5.132528898113378091e+00 6.826257748616626486e+00 8.762336887954006670e+00 1.094477087047562236e+01 1.337345340078172740e+01 1.604003403542083106e+01
