2.322149954529715217e+02 2.513309725622953579e+02 2.725145972459917516e+02 2.956263400372428691e+02 3.204976622825097365e+02 3.469055250278188964e+02 3.744123161356479272e+02 4.028090091543173799e+02 4.325368660134349739e+02 4.640071330427084604e+02 4.969810519693244260e+02
2.827381857454536203e+02 3.079447079356616541e+02 3.362910533885197424e+02 3.676067076832172233e+02 4.013971212269538569e+02 4.368604143341804047e+02 4.738780456185670005e+02 5.130821898272608905e+02 5.544809469684815895e+02 5.974859390159986106e+02 6.421683040468454919e+02
5.514411846331212246e+02 6.147016173004260509e+02 6.894382715321831938e+02 7.749581142920560524e+02 8.691243817495900430e+02 9.707710555940766426e+02 1.081268426994340871e+03 1.201041529303461175e+03 1.328758113665800010e+03 1.464247342563789289e+03 1.610337595519026308e+03
2.026793442390172459e+03 2.382191160934326490e+03 2.827453961180893202e+03 3.354693223122289965e+03 3.955172469302022364e+03 4.639839817697857143e+03 5.399404882183654081e+03 6.221696976352729507e+03 7.126602562086507533e+03 8.143301290775558300e+03 9.266270113975828281e+03
1.255703612020773653e+04 1.543538406648670752e+04 1.914424366580068454e+04 2.361704619379622818e+04 2.892923026474504877e+04 3.492440659307167516e+04 4.153777844170234312e+04 4.903038953936771577e+04 5.741281003581144614e+04 6.659669819320485112e+04 7.675388073080299364e+04
8.592958888100758486e+04 1.087118373210280261e+05 1.384130404359615350e+05 1.754598024521666812e+05 2.189020763564637455e+05 2.676115728063923889e+05 3.234998592901026714e+05 3.860279814141959068e+05 4.542714316466636956e+05 5.307384463998054853e+05 6.178432322503973264e+05
5.289222484563232865e+05 6.830027585607962683e+05 8.890470581183093600e+05 1.148090956532146549e+06 1.447282522054109955e+06 1.792826987127725035e+06 2.184649954740045592e+06 2.612226346677505411e+06 3.095224643915558234e+06 3.644393584407458548e+06 4.250077279452784918e+06
2.802518590028167237e+06 3.684336880061818752e+06 4.892919655525486916e+06 6.398582179950748570e+06 8.152984293438600376e+06 1.019973796727032773e+07 1.245068404683327489e+07 1.497376671669566818e+07 1.785191368283766508e+07 2.100899033325123042e+07 2.450730516128586978e+07
1.283544500405983254e+07 1.715156532149598002e+07 2.319095987628809363e+07 3.062932330338026583e+07 3.947324933132019639e+07 4.959869871692301333e+07 6.075592596406092495e+07 7.349579648916761577e+07 8.757596057090225816e+07 1.034045605259864181e+08 1.208996165218734294e+08
5.159069258884825557e+07 7.000490798897798359e+07 9.608965061873489618e+07 1.281710242842150331e+08 1.665318982455317676e+08 2.097616419721878767e+08 2.579297591005717218e+08 3.134326147084922194e+08 3.746548591527182460e+08 4.420714368226370811e+08 5.159787138172722459e+08
1.849992908606206775e+08 2.545802768467500210e+08 3.539425325942941308e+08 4.764704111650716066e+08 6.234837789451516867e+08 7.877224855894513130e+08 9.732811107605576515e+08 1.182237991095640659e+09 1.414735391483726740e+09 1.672306513015172005e+09 1.937802706271445036e+09
