-5.289173623885289999e+00 -5.368784863090695580e+00 -5.464261669003462885e+00 -5.577681569338892587e+00 -5.710766078675078461e+00 -5.865200547999847913e+00 -6.042333190958743216e+00 -6.243589387097017607e+00 -6.470216338937461842e+00 -6.724177106687420746e+00 -7.007411795340885874e+00
-5.525214372559275944e+00 -5.614722189915482886e+00 -5.723494066845887573e+00 -5.854171760642202571e+00 -6.009102295280172257e+00 -6.190187436837732093e+00 -6.398867800573498243e+00 -6.636934366404602770e+00 -6.906344182410975918e+00 -7.209281045856187120e+00 -7.548516589988139458e+00
-6.031109568619285710e+00 -6.146728374817030272e+00 -6.292284148836188251e+00 -6.471950098199158674e+00 -6.689024811908893753e+00 -6.946523390146467136e+00 -7.246720199789706385e+00 -7.591965481802617433e+00 -7.985468020266125677e+00 -8.431563851067039650e+00 -8.935189145089680096e+00
-6.525275187039369484e+00 -6.677017736215930199e+00 -6.875370672438293695e+00 -7.127770929233520292e+00 -7.438715654770930996e+00 -7.811892046585853677e+00 -8.251130665452365065e+00 -8.759927878207236063e+00 -9.343742685552570038e+00 -1.000932757951159147e+01 -1.076598429643127020e+01
-6.907782132409920450e+00 -7.099520060641225427e+00 -7.360257632692082552e+00 -7.699712715519126505e+00 -8.124731599913502578e+00 -8.638911934584029950e+00 -9.246746800446999259e+00 -9.953844145293260226e+00 -1.076753293430010672e+01 -1.169886835111901746e+01 -1.276107923286326695e+01
-7.183925340414134553e+00 -7.416785833494941471e+00 -7.743644119283999316e+00 -8.178221938724163920e+00 -8.726872230661683716e+00 -9.394022465585294412e+00 -1.018418991468934109e+01 -1.110438739845267264e+01 -1.216457941093540285e+01 -1.337719671661034226e+01 -1.475841046026471304e+01
-7.382378110825811746e+00 -7.654947697479656199e+00 -8.049527817453054013e+00 -8.581186411407543346e+00 -9.256865785147965653e+00 -1.007969889117885032e+01 -1.105499343588235206e+01 -1.218966690204615588e+01 -1.349476062916437513e+01 -1.498401806104811840e+01 -1.667107700573615148e+01
-7.527110283248475753e+00 -7.838286515263462206e+00 -8.299273725559032755e+00 -8.927917769193300046e+00 -9.729173737083328888e+00 -1.070599586169191753e+01 -1.186172923786216415e+01 -1.320420943740464281e+01 -1.474365517068872578e+01 -1.649222508352249861e+01 -1.845940128907022881e+01
-7.635204620051808888e+00 -7.983169202660064911e+00 -8.509109574577450985e+00 -9.232156360005319584e+00 -1.015627627882713568e+01 -1.128128141755223623e+01 -1.261017560124673764e+01 -1.414925170416245237e+01 -1.590777567998520681e+01 -1.789427540468022926e+01 -2.011201508298836416e+01
-7.718086323511670344e+00 -8.100727698638365837e+00 -8.689636547485861229e+00 -9.504313935143727576e+00 -1.054647930261126021e+01 -1.181316800612330553e+01 -1.330581801828157040e+01 -1.502929354063235223e+01 -1.699045466457755538e+01 -1.919251904484917759e+01 -2.163304467437410494e+01
-7.783192459315614542e+00 -8.198596523714513751e+00 -8.848017164862540085e+00 -9.751291815522563411e+00 -1.090605032238818239e+01 -1.230763781003042823e+01 -1.395422607572254492e+01 -1.584991803868615534e+01 -1.799699445166697842e+01 -2.039419487404302345e+01 -2.303235112711627153e+01
