-4.833226467530039372e+00 -4.833226467530039372e+00 -4.833226467530039372e+00 -4.833226467530039372e+00 -4.833226467530039372e+00 -4.833226467530039372e+00 -4.833226467530039372e+00 -4.833226467530039372e+00 -4.833226467530039372e+00 -4.833226467530039372e+00 -4.833226467530039372e+00
-5.053187224555585999e+00 -5.053187224555585999e+00 -5.053187224555585999e+00 -5.053187224555585999e+00 -5.053187224555585999e+00 -5.053187224555585999e+00 -5.053187224555585999e+00 -5.053187224555585999e+00 -5.053187224555585999e+00 -5.053187224555585999e+00 -5.053187224555585999e+00
-5.528278793419303838e+00 -5.528278793419303838e+00 -5.528278793419303838e+00 -5.528278793419303838e+00 -5.528278793419303838e+00 -5.528278793419303838e+00 -5.528278793419303838e+00 -5.528278793419303838e+00 -5.528278793419303838e+00 -5.528278793419303838e+00 -5.528278793419303838e+00
-5.996091325847373810e+00 -5.996091325847373810e+00 -5.996091325847373810e+00 -5.996091325847373810e+00 -5.996091325847373810e+00 -5.996091325847373810e+00 -5.996091325847373810e+00 -5.996091325847373810e+00 -5.996091325847373810e+00 -5.996091325847373810e+00 -5.996091325847373810e+00
-6.360481378073018277e+00 -6.360481378073018277e+00 -6.360481378073018277e+00 -6.360481378073018277e+00 -6.360481378073018277e+00 -6.360481378073018277e+00 -6.360481378073018277e+00 -6.360481378073018277e+00 -6.360481378073018277e+00 -6.360481378073018277e+00 -6.360481378073018277e+00
-6.625266892791842110e+00 -6.625266892791842110e+00 -6.625266892791842110e+00 -6.625266892791842110e+00 -6.625266892791842110e+00 -6.625266892791842110e+00 -6.625266892791842110e+00 -6.625266892791842110e+00 -6.625266892791842110e+00 -6.625266892791842110e+00 -6.625266892791842110e+00
-6.816164170308184111e+00 -6.816164170308184111e+00 -6.816164170308184111e+00 -6.816164170308184111e+00 -6.816164170308184111e+00 -6.816164170308184111e+00 -6.816164170308184111e+00 -6.816164170308184111e+00 -6.816164170308184111e+00 -6.816164170308184111e+00 -6.816164170308184111e+00
-6.955876743944827467e+00 -6.955876743944827467e+00 -6.955876743944827467e+00 -6.955876743944827467e+00 -6.955876743944827467e+00 -6.955876743944827467e+00 -6.955876743944827467e+00 -6.955876743944827467e+00 -6.955876743944827467e+00 -6.955876743944827467e+00 -6.955876743944827467e+00
-7.060643494405667298e+00 -7.060643494405667298e+00 -7.060643494405667298e+00 -7.060643494405667298e+00 -7.060643494405667298e+00 -7.060643494405667298e+00 -7.060643494405667298e+00 -7.060643494405667298e+00 -7.060643494405667298e+00 -7.060643494405667298e+00 -7.060643494405667298e+00
-7.141186647506401641e+00 -7.141186647506401641e+00 -7.141186647506401641e+00 -7.141186647506401641e+00 -7.141186647506401641e+00 -7.141186647506401641e+00 -7.141186647506401641e+00 -7.141186647506401641e+00 -7.141186647506401641e+00 -7.141186647506401641e+00 -7.141186647506401641e+00
-7.204543421437847428e+00 -7.204543421437847428e+00 -7.204543421437847428e+00 -7.204543421437847428e+00 -7.204543421437847428e+00 -7.204543421437847428e+00 -7.204543421437847428e+00 -7.204543421437847428e+00 -7.204543421437847428e+00 -7.204543421437847428e+00 -7.204543421437847428e+00
