2.213765480997103441e+04 2.358353854576093727e+04 2.511063930523985618e+04 2.668504993810516680e+04 2.826930844750725737e+04 2.983714821106817180e+04 3.137010015010468487e+04 3.286115032603297004e+04 3.429796859167117509e+04 3.568838543245546316e+04 3.703364155038104946e+04
2.452449487285084615e+04 2.619246819148665963e+04 2.796015898956818637e+04 2.977542372156061901e+04 3.159522552061226452e+04 3.338781709216129821e+04 3.513257988386618672e+04 3.681804137918570632e+04 3.844605087147519953e+04 4.001551334730043163e+04 4.153133724118467217e+04
3.380677631233023567e+04 3.606423118799788790e+04 3.846775692489614448e+04 4.092941932865200215e+04 4.337563913590060110e+04 4.575570857743549277e+04 4.805303804768851842e+04 5.026234690707763366e+04 5.238170217988749209e+04 5.442134605709918833e+04 5.638890741278653877e+04
6.908726511671564367e+04 7.166898929592184140e+04 7.455455950923394994e+04 7.756368322912359145e+04 8.056295241182477912e+04 8.349043965928925900e+04 8.631449249277963827e+04 8.903622869733511470e+04 9.165456254455089220e+04 9.415732486943168624e+04 9.640312215681010275e+04
2.542170774920650292e+05 2.526697460698479263e+05 2.523282765146644379e+05 2.528016127029773779e+05 2.537601632073617075e+05 2.549860763356856187e+05 2.563944873018327926e+05 2.578962724283464195e+05 2.507764638066750776e+05 2.609561188985527551e+05 2.615257203283427516e+05
1.270928367686630460e+06 1.236211688278548419e+06 1.208744547598398523e+06 1.187158504396838835e+06 1.169616882694271626e+06 1.155130775474897819e+06 1.142707743613331346e+06 1.131970049676279537e+06 1.122214420248968294e+06 1.113622419191592373e+06 1.103056773387600668e+06
6.308021836173095740e+06 6.088254560254838318e+06 5.912040689909392036e+06 5.770837625288787298e+06 5.653589048697187565e+06 5.554514987124933861e+06 5.467083118885420263e+06 5.390108845223656856e+06 5.319941648366390727e+06 5.254174150560969487e+06 5.193311587689720094e+06
2.811998862237871811e+07 2.704629814294502884e+07 2.619961693459338322e+07 2.552277284020720422e+07 2.496653850037573650e+07 2.449071299482332543e+07 2.407646085940194130e+07 2.370828415584885702e+07 2.337502134092378244e+07 2.306800746269526705e+07 2.278848692632269114e+07
1.110714707570905089e+08 1.066010134239254445e+08 1.031305665474723279e+08 1.003929252379763573e+08 9.815241085306574404e+07 9.624718040140999854e+07 9.457758001938098669e+07 9.310363696654771268e+07 9.176869126933944225e+07 9.055362838418765366e+07 8.943809996779191494e+07
3.918664010683289170e+08 3.754474829013585448e+08 3.629088063127357364e+08 3.531452889026950002e+08 3.451805701041741371e+08 3.384371491051752567e+08 3.325292062485151887e+08 3.273082722662373185e+08 3.225939426605898142e+08 3.183136067130964994e+08 3.143902061651225090e+08
1.250256011471656561e+09 1.195960745809169769e+09 1.155247378173503399e+09 1.123878195428223133e+09 1.098397754363261938e+09 1.076826839089149952e+09 1.058039986238295197e+09 1.041420732015376925e+09 1.026425806493983746e+09 1.012787090105546713e+09 1.000241391800570965e+09
