0.000000000000000000e+00 3.220487156722811051e-01 4.360231767168443184e-01 5.050491497822804376e-01 5.544410763759515248e-01 5.929213868803344667e-01 6.245516388444229960e-01 6.513828848219418433e-01 6.746144367825763766e-01 6.951445745362434536e-01 7.136652860062895343e-01
0.000000000000000000e+00 3.344893923895142507e-01 4.515449999234988354e-01 5.225286859495099634e-01 5.733744004428444896e-01 6.131807740239310078e-01 6.459131981973769143e-01 6.735819152963813394e-01 6.977037931064842269e-01 7.191636001698498148e-01 7.383850382611854002e-01
0.000000000000000000e+00 3.580002305097877979e-01 4.812206557580793742e-01 5.562523737571609672e-01 6.105959658088977449e-01 6.530580049839045387e-01 6.881958231424505357e-01 7.181526910026150290e-01 7.441408322411007248e-01 7.671760931734752376e-01 7.879856008621572983e-01
0.000000000000000000e+00 3.772896297159604728e-01 5.063778333278605714e-01 5.858658559591276571e-01 6.434872302379517350e-01 6.890528016920143273e-01 7.265180246977251954e-01 7.585836908147030044e-01 7.867172720143571496e-01 8.116541298149968497e-01 8.340138711828330997e-01
0.000000000000000000e+00 3.898246071621542796e-01 5.236000178301765118e-01 6.063985622022300959e-01 6.669922432738530915e-01 7.146549761564529035e-01 7.544087833848607261e-01 7.883184120910300408e-01 8.178446480451384559e-01 8.441355203140119556e-01 8.678376888819911983e-01
0.000000000000000000e+00 3.970385688626265619e-01 5.342451700234960299e-01 6.199022482142027002e-01 6.823507958761183545e-01 7.321065111646021251e-01 7.732143273315159604e-01 8.083453980470949318e-01 8.391280874820949975e-01 8.663851460696605500e-01 8.908180307007569354e-01
0.000000000000000000e+00 4.013324275802006014e-01 5.411323633124993648e-01 6.285823104444716591e-01 6.928973295216565020e-01 7.437945819074229803e-01 7.859747729307855479e-01 8.221232912328559905e-01 8.535590643296018243e-01 8.814328026528528426e-01 9.066491902667621616e-01
0.000000000000000000e+00 4.041242484126996715e-01 5.458656127484573517e-01 6.346664896591391880e-01 7.002286565839312971e-01 7.519900699444406200e-01 7.950573533089482225e-01 8.317136177138308994e-01 8.636980889714322984e-01 8.922895205032546073e-01 9.181071371713187546e-01
0.000000000000000000e+00 4.058116584637900814e-01 5.489694304997101426e-01 6.390470551305043045e-01 7.053265066169842612e-01 7.579121252820186783e-01 8.014501010111416690e-01 8.385376555670518428e-01 8.711386303693871014e-01 9.002302855005837046e-01 9.263309979651239701e-01
0.000000000000000000e+00 4.067509408596379217e-01 5.510207468905718997e-01 6.421535832087101880e-01 7.090269092113885563e-01 7.621909648441942409e-01 8.060289593413472176e-01 8.436339399268035777e-01 8.767015366611303762e-01 9.060254678006458562e-01 9.323515953328751493e-01
0.000000000000000000e+00 4.072848577125114389e-01 5.524643461285450030e-01 6.443651475165097509e-01 7.118162972401478328e-01 7.652969532209681347e-01 8.094866791179811116e-01 8.475611084322736133e-01 8.808736868304549716e-01 9.103581828094320372e-01 9.369682290998753160e-01
