4.079933711425296927e+00 4.079933711425296927e+00 4.079933711425296927e+00 4.079933711425296927e+00 4.079933711425296927e+00 4.079933711425296927e+00 4.079933711425296927e+00 4.079933711425296927e+00 4.079933711425296927e+00 4.079933711425296927e+00 4.079933711425296927e+00
5.025610446074187720e+00 5.025610446074187720e+00 5.025610446074187720e+00 5.025610446074187720e+00 5.025610446074187720e+00 5.025610446074187720e+00 5.025610446074187720e+00 5.025610446074187720e+00 5.025610446074187720e+00 5.025610446074187720e+00 5.025610446074187720e+00
7.973734857781770380e+00 7.973734857781770380e+00 7.973734857781770380e+00 7.973734857781770380e+00 7.973734857781770380e+00 7.973734857781770380e+00 7.973734857781770380e+00 7.973734857781770380e+00 7.973734857781770380e+00 7.973734857781770380e+00 7.973734857781770380e+00
1.338665413341373522e+01 1.338665413341373522e+01 1.338665413341373522e+01 1.338665413341373522e+01 1.338665413341373522e+01 1.338665413341373522e+01 1.338665413341373522e+01 1.338665413341373522e+01 1.338665413341373522e+01 1.338665413341373522e+01 1.338665413341373522e+01
2.155506856502204727e+01 2.155506856502204727e+01 2.155506856502204727e+01 2.155506856502204727e+01 2.155506856502204727e+01 2.155506856502204727e+01 2.155506856502204727e+01 2.155506856502204727e+01 2.155506856502204727e+01 2.155506856502204727e+01 2.155506856502204727e+01
3.279075671066294007e+01 3.279075671066294007e+01 3.279075671066294007e+01 3.279075671066294007e+01 3.279075671066294007e+01 3.279075671066294007e+01 3.279075671066294007e+01 3.279075671066294007e+01 3.279075671066294007e+01 3.279075671066294007e+01 3.279075671066294007e+01
4.706452982212280745e+01 4.706452982212280745e+01 4.706452982212280745e+01 4.706452982212280745e+01 4.706452982212280745e+01 4.706452982212280745e+01 4.706452982212280745e+01 4.706452982212280745e+01 4.706452982212280745e+01 4.706452982212280745e+01 4.706452982212280745e+01
6.456999216167663747e+01 6.456999216167663747e+01 6.456999216167663747e+01 6.456999216167663747e+01 6.456999216167663747e+01 6.456999216167663747e+01 6.456999216167663747e+01 6.456999216167663747e+01 6.456999216167663747e+01 6.456999216167663747e+01 6.456999216167663747e+01
8.526491854060699893e+01 8.526491854060699893e+01 8.526491854060699893e+01 8.526491854060699893e+01 8.526491854060699893e+01 8.526491854060699893e+01 8.526491854060699893e+01 8.526491854060699893e+01 8.526491854060699893e+01 8.526491854060699893e+01 8.526491854060699893e+01
1.101877002780905030e+02 1.101877002780905030e+02 1.101877002780905030e+02 1.101877002780905030e+02 1.101877002780905030e+02 1.101877002780905030e+02 1.101877002780905030e+02 1.101877002780905030e+02 1.101877002780905030e+02 1.101877002780905030e+02 1.101877002780905030e+02
1.366947278967679154e+02 1.366947278967679154e+02 1.366947278967679154e+02 1.366947278967679154e+02 1.366947278967679154e+02 1.366947278967679154e+02 1.366947278967679154e+02 1.366947278967679154e+02 1.366947278967679154e+02 1.366947278967679154e+02 1.366947278967679154e+02
