7.669370752080713338e-02 6.607229914848128383e-02 5.733986923684111087e-02 5.035124467186362363e-02 4.474012549042082759e-02 4.016281583798448490e-02 3.639710791001970341e-02 3.328387347447138433e-02 3.067283107808459891e-02 2.845162541809169790e-02 2.653515299317930898e-02
9.493890195267343235e-02 8.105974505121456286e-02 6.979161192243030221e-02 6.081641331230056013e-02 5.375595609870487818e-02 4.811605453597531112e-02 4.350488199648158694e-02 3.968734365074313292e-02 3.650169826878264107e-02 3.380620482654510955e-02 3.149500231312327148e-02
1.537474204209364204e-01 1.282712061012062643e-01 1.084791985782455892e-01 9.327371864552294611e-02 8.150834999956570182e-02 7.233575422767976604e-02 6.507097655794742697e-02 5.916367455665721975e-02 5.423065191860836076e-02 5.006762597512906532e-02 4.651331039587377342e-02
2.608713650396997097e-01 2.121032048763441258e-01 1.756055278361126903e-01 1.488542559621568173e-01 1.289167553585444659e-01 1.136062065858394476e-01 1.015733746763219647e-01 9.194318893789245328e-02 8.406248234103004535e-02 7.745978943151396456e-02 7.182261621538174601e-02
4.219855483152139541e-01 3.353529724959186664e-01 2.726168617459951427e-01 2.282196698550688629e-01 1.961377101033541237e-01 1.720426244981358155e-01 1.532733426332668070e-01 1.382780708815522785e-01 1.260865399469842385e-01 1.159774061127872707e-01 1.074255406384869577e-01
6.432029457926969895e-01 4.988686781003947024e-01 3.999841366622384764e-01 3.315733491505481467e-01 2.832830285297486261e-01 2.475823711483431389e-01 2.200681126545482591e-01 1.981568749397855378e-01 1.803564399296601617e-01 1.656432017283014646e-01 1.532806991135227115e-01
9.257971406089985367e-01 7.038840270640357444e-01 5.576025381058730135e-01 4.588794146376991567e-01 3.903103984838007245e-01 3.402110024940780408e-01 3.018946847993707605e-01 2.715264085498244606e-01 2.468515598937684463e-01 2.264848735882459829e-01 2.094064029449868303e-01
1.270713939118250702e+00 9.513166355042214084e-01 7.452044444948111579e-01 6.100476252191263660e-01 5.171404513495854172e-01 4.498641086824711754e-01 3.987101207771300837e-01 3.583215525209230701e-01 3.255528380365819707e-01 2.984742227443115681e-01 2.757913724869437422e-01
1.681038256801246966e+00 1.241211413748398273e+00 9.626679542180737181e-01 7.850130738174548872e-01 6.637282467681829834e-01 5.765561904949993988e-01 5.105060873935819421e-01 4.585268608861451378e-01 4.163921529311000458e-01 3.815720118004038985e-01 3.524345884117908723e-01
2.159430195304317568e+00 1.573194672304428776e+00 1.209949961543332453e+00 9.836753227318676407e-01 8.300344836068337395e-01 7.202151451924369008e-01 6.372601049258581618e-01 5.721346333802094231e-01 5.193700593708664437e-01 4.758121623429113489e-01 4.393332620078510553e-01
2.707299825329252840e+00 1.947026561222030772e+00 1.487060996962859871e+00 1.205977820033270032e+00 1.016024888093675749e+00 8.808288706883097285e-01 7.789679920200573982e-01 6.991240367053264126e-01 6.345026451496921238e-01 5.811520813707975464e-01 5.364496712478200591e-01
