2.101554001662272810e+02 2.881440813823152780e+02 3.087763750140647403e+02 3.200679717430840014e+02 3.274760819731964148e+02 3.331709284905635968e+02 3.375309172729170086e+02 3.415607276307379152e+02 3.444455614814381192e+02 3.468405118634996711e+02 3.497379043576153776e+02
2.502099502197622769e+02 3.364811070047485941e+02 3.594235116510287185e+02 3.721392403662958941e+02 3.807389787886307886e+02 3.868122764068472748e+02 3.919722889972772464e+02 3.965050817360266819e+02 3.998316367900127375e+02 4.023135519690960678e+02 4.056172196407700312e+02
3.825802363951918892e+02 4.960214180396033612e+02 5.269531085335202079e+02 5.433416950894588808e+02 5.552673780963011723e+02 5.628137912253598643e+02 5.712217782856341728e+02 5.772872871853583092e+02 5.817560045296493172e+02 5.850338618355240214e+02 5.893594609969176190e+02
6.527249804859102369e+02 8.273245738865578005e+02 8.750266965933576557e+02 9.010304222083780132e+02 9.212573121363456039e+02 9.332855908308964672e+02 9.433354831260472793e+02 9.558448810936629343e+02 9.654992958422808442e+02 9.731527502375828362e+02 9.790622867839134642e+02
1.258489594937147331e+03 1.591404047777672986e+03 1.697683562422389059e+03 1.738689124680282703e+03 1.794536397962241153e+03 1.828162353759556936e+03 1.849196322206771356e+03 1.862560344548232479e+03 1.870312287731075230e+03 1.892628908785055955e+03 1.914525558556615124e+03
3.353354142928098554e+03 4.454234372151389834e+03 4.754088403914498485e+03 5.012830822037523831e+03 5.131149391981286499e+03 5.176069135619315603e+03 5.221963762267268066e+03 5.361417691342403486e+03 5.473371236579430843e+03 5.560972787734055601e+03 5.631267168536888676e+03
1.337151277115226003e+04 1.802773332271561230e+04 2.001841922736943525e+04 2.055498066708408805e+04 2.077484945371801950e+04 2.178555018827867752e+04 2.253450171314886029e+04 2.309741965651846840e+04 2.351645574368189045e+04 2.382212862596834384e+04 2.404577019027592178e+04
6.138802822911545081e+04 8.161492610610229895e+04 9.225396809473021131e+04 9.784855568913884053e+04 1.001502578856062028e+05 1.006912473111017171e+05 1.002913099746639055e+05 9.967458186057761486e+04 1.031188576646720903e+05 1.061098339790175378e+05 1.086569197874795645e+05
2.663473141028516693e+05 3.686025891927446355e+05 4.030485940063666203e+05 4.073261208999909577e+05 4.010302971717443434e+05 4.243192945276844548e+05 4.436982032128380379e+05 4.590920739484908991e+05 4.717944606088651926e+05 4.819771264619065914e+05 4.903224070291502867e+05
1.069317089515420143e+06 1.460050847409584560e+06 1.564294700984986266e+06 1.557406269983781734e+06 1.543193717497677077e+06 1.642430022645521909e+06 1.720727120188689791e+06 1.784150673604114214e+06 1.836872699146219064e+06 1.879966257754218532e+06 1.915210455481762299e+06
3.809661247033139225e+06 5.092201228987509385e+06 5.630489538229373284e+06 5.743637232356095687e+06 5.698561065388650633e+06 5.582343609155172482e+06 5.435118663481303491e+06 5.700101250996136107e+06 5.928404383967667818e+06 6.127799925101575442e+06 6.303867563477632590e+06
