8.809635406397132940e+00
6.600818741300468417e+00
8.876247988235117958e+00
5.946142304305657156e+00
9.711746809589516971e+00
8.455423754384623791e+00
1.004284053544328970e+01
9.697338787622230782e+00
6.729956278841545902e+00
5.563430313378439962e+00
7.078272672659609022e+00
5.765620771833239289e+00
9.313751273469422998e+00
6.200939927703610799e+00
5.302375064356043666e+00
1.045759152611620024e+01
1.099919233621992731e+01
8.810519512251126173e+00
1.071822317353528398e+01
8.587778685811654711e+00
8.796774792730827741e+00
7.354113235683611194e+00
1.045690963471135682e+01
9.660105762956808562e+00
7.213015795913821471e+00
5.747600846476586867e+00
5.195325935719470323e+00
1.155956180402903044e+01
9.985904168021811245e+00
7.645467524276575055e+00
9.666136559038035259e+00
8.865971904039069429e+00
8.434339541323581102e+00
9.737844569390471605e+00
8.052706622400721770e+00
8.707159770520428665e+00
9.917843890798581086e+00
9.506353044376698591e+00
8.911249853803543175e+00
4.643343297727881236e+00
1.039933240887706667e+01
6.476598892396670415e+00
6.969455762716025404e+00
9.111466196487439717e+00
7.024875574511871612e+00
9.050085274772923682e+00
4.757014413395835639e+00
7.608090445604325680e+00
1.181123091558977656e+01
7.530581330435289544e+00
6.562159613690392135e+00
6.528286845220392820e+00
1.102895495523715041e+01
1.167524829483028803e+01
8.457570272157049374e+00
1.083587180797042926e+01
6.953843281732594583e+00
1.123601628288256826e+01
1.053959156060567182e+01
1.113908913527218303e+01
4.456942742900242393e+00
1.108337450233239885e+01
1.050354719406573523e+01
9.496346903847570076e+00
1.023185774297077799e+01
5.677691205560615018e+00
9.812228478951370292e+00
6.404623979349150176e+00
1.004320232908110277e+01
8.119554929987502945e+00
5.373700493344965246e+00
8.247783237861844086e+00
9.329095501117864231e+00
6.451823429873070559e+00
8.215837455488804508e+00
7.571845308210849446e+00
1.170093883965834536e+01
1.099405831704851622e+01
1.137115595557157910e+01
9.032639446833393038e+00
8.602753356150373065e+00
8.033028363414604911e+00
8.312823549265431211e+00
9.084602437692204546e+00
1.028305498480056634e+01
1.122849102764957685e+01
9.490825466342734273e+00
8.916990018916301608e+00
8.784174879075026254e+00
7.672968136182023002e+00
1.017776263781185264e+01
5.552123237045279325e+00
1.037152113423605826e+01
1.117200152222240028e+01
9.621672583542352442e+00
5.302836584848931167e+00
6.661188001006803638e+00
6.936625987335781396e+00
1.109106295465499237e+01
8.464776696664975120e+00
