2.722332886290314491e+01
2.008038062179912231e+01
4.283731573264958570e+01
4.775458692448955844e+01
4.365162991741453880e+01
4.626062539851773181e+01
3.407886768711978220e+01
3.515676569641073002e+01
5.598994844768458279e+01
4.490879832446080400e+01
6.461414905146739329e+01
4.438822096275544027e+01
3.669299727926772903e+01
2.368090837640920654e+01
5.545277572338818572e+00
4.411169390419672709e+01
2.422903847736233729e+01
4.085270963441871572e-01
3.045222984934662236e+01
4.363078580883666291e+01
4.159186528932696092e+01
3.194104206657721079e+01
3.048344752330740448e+01
2.814095319632906467e+01
4.188787826092811883e+01
4.296721062864162377e+01
-1.961239148955428391e+01
1.831633491336469888e+01
2.988310763751360355e+01
1.771847898104897467e+01
4.497807575391561841e+01
4.525200357032372267e+01
4.987966422711542691e+01
1.888104794830360333e+01
4.418959527535480447e+01
3.859358230177167570e+01
6.116265572485644952e+01
3.678933083693846129e+01
4.153423109766299604e+01
-1.498003115531293588e+03
6.324032913953124080e+01
2.996407503340378753e+01
1.731762228264415171e+01
3.412836561736548902e+01
2.741302432893280638e+01
3.864774015797956963e+01
-1.320050847223785240e+03
5.513028135614149505e+01
3.369143394018465187e+00
2.191643822627884219e+01
5.514037504650332266e+01
3.742627945676576928e+01
-1.178062017458069022e+01
-4.879316963781093364e+01
2.294135753279260825e+01
1.566684341921063606e+01
3.047894473515407299e+01
1.023198497610901541e+02
5.007237710781919304e+01
2.081483462853793753e+01
-2.115464694138925552e+03
4.849770793590869289e+01
2.649989992787595838e+00
1.083987168124804157e+01
2.145121219076463603e+01
3.905288173359076609e+01
6.408975947707949672e+01
4.007722750106404419e+01
4.523992859731879435e+01
7.196375502325463458e+01
1.193262370933734928e+01
1.977289059927352355e+01
3.339169965839755605e+01
4.534123860569525277e+01
5.016253859285279759e+01
4.394510636553604854e+01
6.798814347464576713e+01
6.666394969719476649e+01
4.477917157073170529e+01
5.164958334304537857e+01
2.604841927621964714e+01
3.473513592575181974e+01
3.630633018994558370e+01
5.802695492330894922e+01
7.043579271484850324e+01
8.123101682186461403e+02
1.943303507741802605e+01
1.542140184232630418e+01
4.221322850809156080e+01
3.536539026202081004e+01
1.684468468823251897e+01
2.966691176968379295e+01
3.050277831053972477e+01
1.418979592768664588e+01
4.433206916990820901e+01
3.820176896365956054e+01
4.789174920228470000e+01
4.981999768493551528e+01
3.009777615304483334e+01
3.223288995232360321e+01
