7.403393438980207293e+02
7.092708596696782024e+02
7.399863661303686513e+02
6.860460771025577742e+02
7.557211094148709662e+02
7.741266678526632177e+02
7.622938081115380555e+02
7.572768157932370059e+02
7.331010634897602358e+02
6.842515173095830505e+02
6.842953486810075674e+02
6.912664723384100398e+02
7.525000035508728615e+02
7.068761216839819781e+02
6.741237360699348073e+02
7.724226631669799872e+02
7.809588858520381791e+02
7.851624267544943905e+02
7.810251470010341563e+02
7.673003614484011905e+02
7.391565848475913754e+02
7.413155153233847159e+02
8.107858842948153324e+02
7.635595062453478477e+02
7.238871497748070851e+02
7.112032616999180163e+02
6.788701228087272739e+02
7.740332657159399332e+02
7.630382210552893412e+02
7.370386277046789019e+02
7.831869429485340106e+02
7.759566372875774505e+02
7.323906377325620269e+02
7.687935439622915510e+02
7.199908655810129403e+02
7.851300593801870491e+02
7.552892138800114026e+02
7.567271778496551633e+02
7.869346784103840946e+02
6.114940527241956261e+02
7.880516890584650582e+02
6.966366841729266071e+02
7.392404697025727955e+02
7.536359386194030776e+02
6.869518681482526290e+02
7.713096164868788946e+02
6.500841315504696922e+02
7.522446138280180321e+02
7.937221595110098633e+02
7.265950080400873503e+02
7.204042139397531628e+02
7.072734874402708556e+02
7.586834512885390041e+02
7.842536623978783155e+02
7.430686592606425620e+02
7.806552150272735844e+02
7.161655009189986458e+02
7.762764798432483531e+02
7.635428201647291644e+02
7.868161873981924828e+02
6.330101472394801476e+02
7.724021799076762136e+02
7.644696204754363862e+02
7.535187533978347574e+02
7.530072802478181302e+02
7.008475526559916489e+02
7.649645385465619256e+02
7.269311938332283489e+02
7.587538472685143915e+02
7.382608173892808736e+02
6.775731952876617470e+02
7.615296947394838298e+02
7.576018424065920271e+02
7.083178647034701498e+02
7.211441104205505326e+02
7.246681411558180343e+02
7.964764404397405997e+02
7.638571783143092944e+02
8.046338652250019550e+02
7.608364361084720713e+02
7.638725366300891437e+02
7.569675347466294397e+02
7.215735432762697883e+02
7.784825068672589623e+02
7.733480425734198889e+02
7.988631134648674106e+02
7.516206398456230318e+02
7.391726243700261421e+02
7.226954985109393874e+02
7.532143766525205137e+02
7.588183963256196876e+02
6.960375269302817287e+02
7.409293713996529505e+02
7.781543700147943809e+02
7.942015072710837558e+02
6.654910942028425325e+02
7.064801538798774345e+02
7.366113047249199326e+02
7.588631118974732317e+02
7.274683374053006446e+02
