9.797061216674978823e+01
9.594957473207546172e+01
9.946695284921747771e+01
9.917657533783267354e+01
1.001282269346866087e+02
9.942864175853515007e+01
9.915878042398730940e+01
9.880030798382722423e+01
1.010520986887806885e+02
9.961249775809801577e+01
1.021949563060866240e+02
9.969029620919991430e+01
9.841329206738282664e+01
9.664143560169077318e+01
9.381600699617297323e+01
1.000174201221730073e+02
9.784626129136631789e+01
9.442380145455013007e+01
9.910755232073506704e+01
9.964765005019421551e+01
1.002008121214291805e+02
9.813077428860310647e+01
9.828388928257800217e+01
9.786595232651302467e+01
9.909962091304282694e+01
9.936381700833817376e+01
9.008037991444734871e+01
9.723257450774758581e+01
9.861338279233223147e+01
9.613463855262534707e+01
1.003647501594609821e+02
9.968276900837281573e+01
1.000497909919988615e+02
9.683276296685244233e+01
9.992673759766239527e+01
9.934218911562538779e+01
1.021839139891380910e+02
9.934669531321719660e+01
9.938318600802745095e+01
1.138141691345786057e+02
1.023537401811749987e+02
9.738470634863938358e+01
9.608642069705410904e+01
9.856329161708436004e+01
9.726226161870522446e+01
9.917624612386612171e+01
8.783811517515096057e+01
1.006167529323975032e+02
9.590521921736990407e+01
9.696013177895906665e+01
1.008247654796330153e+02
9.857597531738315411e+01
9.349649460096657094e+01
8.941396973692803840e+01
9.693197870598100963e+01
9.712999331598143726e+01
9.786967159827099749e+01
1.086529406544361791e+02
1.015629618893660790e+02
9.767745990483990681e+01
2.097677317879556540e+02
1.010559737643557128e+02
9.569856343172364177e+01
9.582556511815346312e+01
9.722629587041114974e+01
9.894730438178021359e+01
1.029039658060053171e+02
9.910745102414080066e+01
1.003815524729589015e+02
1.031849650468639084e+02
9.474778972021294976e+01
9.645458807151794645e+01
9.861710166753027806e+01
9.972220850954408888e+01
1.001265044696795030e+02
9.993038712924658284e+01
1.036449067085134175e+02
1.024510496241036890e+02
1.008861301382178226e+02
1.007054097963889490e+02
9.716129826202563891e+01
9.883466678148556639e+01
9.850528489602424997e+01
1.021406570531175930e+02
1.037765242793543621e+02
1.990785544289656173e+02
9.701452753505395776e+01
9.665456054798369223e+01
9.942390052138352985e+01
9.839435027853323845e+01
9.610517952812119802e+01
9.742584819542616970e+01
9.901770006475476293e+01
9.762372035868315834e+01
1.002234785294645008e+02
9.826970864191048349e+01
9.962820038172367276e+01
1.004043153279565104e+02
9.896465718505419318e+01
9.796018706759673478e+01
