1.480720797765024145e+03
1.420063541597628273e+03
1.482161468532351364e+03
1.372786329740174097e+03
1.513392199363182044e+03
1.550582941842061246e+03
1.527983197296103754e+03
1.516603648233040076e+03
1.467404524502014965e+03
1.371686551760817338e+03
1.373663297392823097e+03
1.385025912723161127e+03
1.506858608383927503e+03
1.415615911374999087e+03
1.348507598766921092e+03
1.545962752765466576e+03
1.562170450805244400e+03
1.572442751666256754e+03
1.565263661277771234e+03
1.536425638863506265e+03
1.480827771186498012e+03
1.484284872826491210e+03
1.624599189073210255e+03
1.527453997419905363e+03
1.447939116450957954e+03
1.423326697955114241e+03
1.358588365751470519e+03
1.549150972361491313e+03
1.529777735021772742e+03
1.474723501822547860e+03
1.567239743591290335e+03
1.552564514933536429e+03
1.467044731611050565e+03
1.538066581857249503e+03
1.440235529335303909e+03
1.570487658702037606e+03
1.513434651083103745e+03
1.516816159914095806e+03
1.575734081918627680e+03
1.224120813275634646e+03
1.577377824944989470e+03
1.395578219709142104e+03
1.480271773567238142e+03
1.511582881130151918e+03
1.375898471088307133e+03
1.544565352136432011e+03
1.301566018068469020e+03
1.504515220305066123e+03
1.588118766333790063e+03
1.454033288012231878e+03
1.442198011197042433e+03
1.414754867033423579e+03
1.518039224275839842e+03
1.571757866521527376e+03
1.489321325655984083e+03
1.562987734851612913e+03
1.433087579740826868e+03
1.555190349486113519e+03
1.527241293063934791e+03
1.578352527702196312e+03
1.266513273920696520e+03
1.545521997391436344e+03
1.529600918057457420e+03
1.509010150054894439e+03
1.507297196303007695e+03
1.404171180233660380e+03
1.530873450016010565e+03
1.455043229519992565e+03
1.521682564495426050e+03
1.478754223832085245e+03
1.355386369462268704e+03
1.524122247007691385e+03
1.518341552396840143e+03
1.417677659160693111e+03
1.445381540540241758e+03
1.451567672154298407e+03
1.598706408311948280e+03
1.530043277749778554e+03
1.610257994472570090e+03
1.522100834182515428e+03
1.529751813406317979e+03
1.514897786036352045e+03
1.445090528620820351e+03
1.559200214276814449e+03
1.548384162134957933e+03
1.598206134342282439e+03
1.503671758053145368e+03
1.479630333719135706e+03
1.446173936224507997e+03
1.506663178070755293e+03
1.517916591042729578e+03
1.392745252238422836e+03
1.483952820358459576e+03
1.557583157281911781e+03
1.590529328379605886e+03
1.331029142469571298e+03
1.414991532204211126e+03
1.474655095609530463e+03
1.520976272396570039e+03
1.456367477221115223e+03
