3.833411471717219683e+05
3.875904583890868817e+05
3.743365692416455131e+05
3.715785255080739153e+05
3.738773131798982504e+05
3.724126341698467731e+05
3.793404641474082018e+05
3.787182133506130194e+05
3.670396437523005879e+05
3.731702653181076166e+05
3.623911074909741292e+05
3.734627555262870737e+05
3.778345169919121545e+05
3.854380508318016655e+05
3.965025730066141696e+05
3.736182904612131533e+05
3.851122508639525040e+05
3.997404539644961478e+05
3.814475185779877938e+05
3.738890562941132230e+05
3.750409250156971393e+05
3.805800053045667009e+05
3.814292921692645759e+05
3.828012896144789411e+05
3.748733030401225551e+05
3.742632438724564854e+05
4.128261870521202218e+05
3.886528737987066852e+05
3.817800729064614279e+05
3.890141219374448992e+05
3.731313720583883696e+05
3.729776560950275743e+05
3.703977697127503343e+05
3.883122028368138708e+05
3.735744625128643820e+05
3.767463106524215546e+05
3.642388750495546847e+05
3.777792250168424798e+05
3.750735768190108356e+05
-4.388551306509881397e+05
3.631245870366328163e+05
3.817327297602536855e+05
3.892566720528972219e+05
3.793118499324058648e+05
3.832294338637678302e+05
3.767153837542083929e+05
-5.517617302730249939e+05
3.675088244160171016e+05
3.978685055502951145e+05
3.864901786009445204e+05
3.675033093923169654e+05
3.774140025321631110e+05
4.076168125544229988e+05
4.333372173701196443e+05
3.858784100085686659e+05
3.902583830840450246e+05
3.814319210217747604e+05
3.432393059291688842e+05
3.702910231148826424e+05
3.871496563577210763e+05
-2.675067966276769293e+05
3.711648643111898564e+05
3.983217661741069169e+05
3.932140916773870122e+05
3.867684420612056274e+05
3.764841708093286143e+05
3.626707671910690260e+05
3.759007075164051494e+05
3.729844296492738649e+05
3.585114460345783154e+05
3.925414608405396575e+05
3.877752733952656272e+05
3.797381069033944514e+05
3.729276057702883263e+05
3.702411000998484669e+05
3.737120447265790426e+05
3.606008591300370754e+05
3.613016032296193880e+05
3.732430588876665570e+05
3.694194386472194456e+05
3.840343600202130037e+05
3.789613954359873896e+05
3.780565952616778668e+05
3.659321483714125352e+05
3.593119308024464990e+05
1.608106137237488292e+05
3.879797249920323375e+05
3.904077138857682585e+05
3.746892223734878353e+05
3.785979885795846349e+05
3.895431850850698538e+05
3.819065380638340721e+05
3.814180066875940538e+05
3.911585909287997056e+05
3.734943292308076634e+05
3.769701910154452198e+05
3.715021118251900771e+05
3.704308310261067818e+05
3.816545751725276350e+05
3.804103618906952324e+05
