1.197095341219641256e+02
1.619513216193467429e+02
1.385572444971687958e+02
1.724475559410452945e+02
1.178675835961662273e+02
1.561295947257988246e+02
1.081397694966271530e+02
1.267950102606490219e+02
1.418787846887148874e+02
1.429538531907461447e+02
1.402009362571313886e+02
1.376090352965481713e+02
1.486628141444809614e+02
1.530164277560226651e+02
1.730683473119735822e+02
1.241653414518535072e+02
1.098013698835819980e+02
1.235052411074340313e+02
9.245078832386806766e+01
1.356055752073787062e+02
1.053394944119490617e+02
1.365039198041669977e+02
1.236884206097200547e+02
1.281366181571781624e+02
1.477207599595934084e+02
1.430054259522482880e+02
1.947996321274377465e+02
1.041092776769362445e+02
1.083322313600964861e+02
1.433038497780449632e+02
1.154067922205962304e+02
1.419695552122406639e+02
1.501572025544904250e+02
1.222290042197778774e+02
1.278985280117317984e+02
1.229913422431610570e+02
1.246704906749278337e+02
1.141652055721953474e+02
1.354883830478377718e+02
2.295982924737818678e+02
1.281275717777498073e+02
1.551545424517802871e+02
1.431882998372241786e+02
1.307520044707357840e+02
1.474912553888671027e+02
1.294495548780597858e+02
2.150959214400239148e+02
1.538073727046362933e+02
8.044981460347027280e+01
1.322569561233259776e+02
1.462422130962759184e+02
1.460667344883456735e+02
9.779188509919121941e+01
6.682320890227705945e+01
1.383382702313102754e+02
9.488772640042380146e+01
1.393080613374747259e+02
8.236843980277329536e+01
9.536282231190055825e+01
9.943558646969869130e+01
2.193582987939268492e+02
1.065675574730224895e+02
8.487429514648393081e+01
1.211976906817145618e+02
1.198096322341710334e+02
1.399344611945710994e+02
1.121505507436320244e+02
1.388342089412473115e+02
1.160286877020001413e+02
1.381898959882967119e+02
1.683700078380070693e+02
1.411023643075563143e+02
1.251823829122781717e+02
1.409295250033848106e+02
1.486552984495610019e+02
1.266030662817731525e+02
1.034576403882876008e+02
1.403614077486954557e+02
9.514823521915077720e+01
1.343241667759455709e+02
1.447171821956448241e+02
1.234774922789558786e+02
1.433691488009020816e+02
1.116526683310791839e+02
1.100010838548801786e+02
1.873145422322675557e+01
1.179830856357179556e+02
1.119675280195288423e+02
1.371979820888601296e+02
1.430305956358872379e+02
1.401423025787659071e+02
1.521691702933609349e+02
9.608730414209514947e+01
6.848486999534442532e+01
1.175712063096948015e+02
1.612156896286681160e+02
1.564015388492271370e+02
1.368183834998458508e+02
9.611403736308217560e+01
1.443374061419591214e+02
