3.961701653179326321e+00 4.001350894881200659e+00 3.977829224813486775e+00 3.961701653179326321e+00 3.961701653179326321e+00 3.961701653179326321e+00 3.961701653179326321e+00 3.961701653179326321e+00 3.961701653179326321e+00 3.961701653179326321e+00 3.961701653179326321e+00
4.882422860120008146e+00 4.945443301061984265e+00 4.902524665660809688e+00 4.882422860120008146e+00 4.882422860120008146e+00 4.882422860120008146e+00 4.882422860120008146e+00 4.882422860120008146e+00 4.882422860120008146e+00 4.882422860120008146e+00 4.882422860120008146e+00
7.838201645740758394e+00 7.933658441352083202e+00 7.838201645740758394e+00 7.838201645740758394e+00 7.838201645740758394e+00 7.838201645740758394e+00 7.838201645740758394e+00 7.838201645740758394e+00 7.838201645740758394e+00 7.838201645740758394e+00 7.838201645740758394e+00
1.327266059222389316e+01 1.337744822792737409e+01 1.327266059222389316e+01 1.327266059222389316e+01 1.327266059222389316e+01 1.327266059222389316e+01 1.327266059222389316e+01 1.327266059222389316e+01 1.327266059222389316e+01 1.327266059222389316e+01 1.327266059222389316e+01
2.149293617970988990e+01 2.149883818350172149e+01 2.149293617970988990e+01 2.149293617970988990e+01 2.149293617970988990e+01 2.149293617970988990e+01 2.149293617970988990e+01 2.149293617970988990e+01 2.149293617970988990e+01 2.149293617970988990e+01 2.149293617970988990e+01
3.282404679880563236e+01 3.282404679880563236e+01 3.282404679880563236e+01 3.282404679880563236e+01 3.282404679880563236e+01 3.282404679880563236e+01 3.282404679880563236e+01 3.282404679880563236e+01 3.282404679880563236e+01 3.282404679880563236e+01 3.282404679880563236e+01
4.740692041437503690e+01 4.740692041437503690e+01 4.740692041437503690e+01 4.740692041437503690e+01 4.740692041437503690e+01 4.740692041437503690e+01 4.740692041437503690e+01 4.740692041437503690e+01 4.740692041437503690e+01 4.740692041437503690e+01 4.740692041437503690e+01
6.530110497633810951e+01 6.530110497633810951e+01 6.530110497633810951e+01 6.530110497633810951e+01 6.530110497633810951e+01 6.530110497633810951e+01 6.530110497633810951e+01 6.530110497633810951e+01 6.530110497633810951e+01 6.530110497633810951e+01 6.530110497633810951e+01
8.659404640350027194e+01 8.659404640350027194e+01 8.659404640350027194e+01 8.659404640350027194e+01 8.659404640350027194e+01 8.659404640350027194e+01 8.659404640350027194e+01 8.659404640350027194e+01 8.659404640350027194e+01 8.659404640350027194e+01 8.659404640350027194e+01
1.113530872870217792e+02 1.113530872870217792e+02 1.113530872870217792e+02 1.113530872870217792e+02 1.113530872870217792e+02 1.113530872870217792e+02 1.113530872870217792e+02 1.113530872870217792e+02 1.113530872870217792e+02 1.113530872870217792e+02 1.113530872870217792e+02
1.396249930599969673e+02 1.396249930599969673e+02 1.396249930599969673e+02 1.396249930599969673e+02 1.396249930599969673e+02 1.396249930599969673e+02 1.396249930599969673e+02 1.396249930599969673e+02 1.396249930599969673e+02 1.396249930599969673e+02 1.396249930599969673e+02
