-5.022758820909075439e+00 -5.481604465992859332e+00 -5.598173816844791872e+00 -5.668775695557997096e+00 -5.719818754838343011e+00 -5.760002067290770356e+00 -5.792962322124367347e+00 -5.821059374011383625e+00 -5.845701147496583872e+00 -5.867530980856827227e+00 -5.887099221217795275e+00
-5.250231579866522225e+00 -5.722995733030984411e+00 -5.843965238622331526e+00 -5.917612060904502869e+00 -5.970833598126773722e+00 -6.012545729281555396e+00 -6.046951411135523813e+00 -6.076431255369243445e+00 -6.102096779985004105e+00 -6.124812301964993821e+00 -6.145295133588660974e+00
-5.739435931631305721e+00 -6.240888559179438744e+00 -6.371921613950689789e+00 -6.451802077837783145e+00 -6.509444465704291360e+00 -6.555038133636116982e+00 -6.592605277819529874e+00 -6.624642807713826187e+00 -6.652754387578170281e+00 -6.677640240828623064e+00 -6.699951759306713939e+00
-6.218840035107859876e+00 -6.747436409794318024e+00 -6.888654204434715211e+00 -6.974582103463035310e+00 -7.037187245205132058e+00 -7.086361868841777323e+00 -7.127226723700005095e+00 -7.161905868564645061e+00 -7.192291782335814787e+00 -7.219489146751584485e+00 -7.243915216753521236e+00
-6.590708019160956610e+00 -7.140237148316373350e+00 -7.289012897894281195e+00 -7.380159747233847156e+00 -7.446364076400641352e+00 -7.498651878788223257e+00 -7.541817459354206221e+00 -7.579019884604349500e+00 -7.611403179875196656e+00 -7.640184031333774328e+00 -7.666279363857029239e+00
-6.859271230525337160e+00 -7.424048607968870783e+00 -7.578636100068251835e+00 -7.673404163258965127e+00 -7.742496997507259948e+00 -7.796963081946159946e+00 -7.842356267385184765e+00 -7.880967426248389529e+00 -7.914971545629668981e+00 -7.945371258421801031e+00 -7.972658459624653915e+00
-7.052082104833971243e+00 -7.627991871642734623e+00 -7.786750899627804756e+00 -7.884355234644317534e+00 -7.955272618473827606e+00 -8.011748938817618182e+00 -8.058320880430983379e+00 -8.098494765665236628e+00 -8.133722409758775029e+00 -8.164910850711748935e+00 -8.193023199139133794e+00
-7.192836657104635378e+00 -7.776810306364495773e+00 -7.938632168661570176e+00 -8.038304201058053877e+00 -8.111084740332444198e+00 -8.168612816767563345e+00 -8.216547268722933950e+00 -8.257732818761724047e+00 -8.293600139139016392e+00 -8.325525624444708228e+00 -8.354265467165532755e+00
-7.298030330613983097e+00 -7.887958171639184002e+00 -8.052367383337696083e+00 -8.153495217906311154e+00 -8.227667151779314736e+00 -8.286187696638080524e+00 -8.335164367425022647e+00 -8.376895616162073566e+00 -8.413400923076551408e+00 -8.445833677822520258e+00 -8.474886709671409335e+00
-7.378593902096326929e+00 -7.973185569520865101e+00 -8.139654496990260668e+00 -8.242022200902283657e+00 -8.317027460951067042e+00 -8.376615982528164750e+00 -8.426147453945304733e+00 -8.468403183538612211e+00 -8.505383287534641568e+00 -8.538080198828538414e+00 -8.567425866705889348e+00
-7.441745211526722414e+00 -8.040151056455215439e+00 -8.208118980182916857e+00 -8.311613864429091336e+00 -8.387283559288334800e+00 -8.447688204541918822e+00 -8.497608081412181491e+00 -8.540340186133107636e+00 -8.577577265841682674e+00 -8.610504902953834971e+00 -8.640188391786068678e+00
