1.499102181307450508e+02 2.310343586922908514e+02 2.465733385173396641e+02 2.552356295813881388e+02 2.611768386364154253e+02 2.656836593024531794e+02 2.692707837966838156e+02 2.722728899925417068e+02 2.748565174731410821e+02 2.771061216835483947e+02 2.791008916728538338e+02
1.789026871945908965e+02 2.709224246760075516e+02 2.888500084944237756e+02 2.988637390030008305e+02 3.057413622412069003e+02 3.109504391010480049e+02 3.151324559472394640e+02 3.186420594215072697e+02 3.216447194329693957e+02 3.242658909596155468e+02 3.266037907301225118e+02
2.871130670695000049e+02 4.149294296408228888e+02 4.410585608480068913e+02 4.558937939939136186e+02 4.661531817286892760e+02 4.740074036469161456e+02 4.803163963596549593e+02 4.856019803994008157e+02 4.901617832955548124e+02 4.941357460777858250e+02 4.976584017386973073e+02
6.195754833306896217e+02 9.183554560462870313e+02 9.868757218389546324e+02 1.027031614718816400e+03 1.055557563411904084e+03 1.077580605981268036e+03 1.095591360956908147e+03 1.110654382025255472e+03 1.123753020382078830e+03 1.135310450106196186e+03 1.145627211136257984e+03
2.247140208767288186e+03 3.584786431535841530e+03 3.917071877049325394e+03 4.118052223372514163e+03 4.262035532414984118e+03 4.375152595778075010e+03 4.467159560244501336e+03 4.545902348245258509e+03 4.613935044757629839e+03 4.674389626973068516e+03 4.728598926826252864e+03
1.234913151201513756e+04 2.027533850097340110e+04 2.232062717345769852e+04 2.356073043104414683e+04 2.445853098472172132e+04 2.515653666227116628e+04 2.573735916720873138e+04 2.622400018302888566e+04 2.665262537751857599e+04 2.703673924997377253e+04 2.737770076040109052e+04
7.152718153771510697e+04 1.168807122998219274e+05 1.287752258915802377e+05 1.360181836890504055e+05 1.412128233089126297e+05 1.453127359719338419e+05 1.486811564920219244e+05 1.515587077188382391e+05 1.540539735863628739e+05 1.562838184084034583e+05 1.582396180301186978e+05
3.725767742234489415e+05 6.015873423163973494e+05 6.623711009972621687e+05 6.991025284176360583e+05 7.258807746206518495e+05 7.466676409120438620e+05 7.638270721740699373e+05 7.786266853420875268e+05 7.911907236725784605e+05 8.026521850186159136e+05 8.127799888185925083e+05
1.696624253757022554e+06 2.708043802592720836e+06 2.978567326476066373e+06 3.142656552974089980e+06 3.260795771164977923e+06 3.354182128445161972e+06 3.430384714455621317e+06 3.496218865421510767e+06 3.552050363772181328e+06 3.601748467925206292e+06 3.646323733266261406e+06
6.801613685924034566e+06 1.075413703702021390e+07 1.181837631544239819e+07 1.245635943055518903e+07 1.292517956237366796e+07 1.329058815366821550e+07 1.358931257832952216e+07 1.384765700781001337e+07 1.406864003499640711e+07 1.426438614538506046e+07 1.444031344693949819e+07
2.434238687483764812e+07 3.818416654742321372e+07 4.192913905644761026e+07 4.416658720243753493e+07 4.581567068766888231e+07 4.708925202554666251e+07 4.816314248309598118e+07 4.905238862709952891e+07 4.982910340613563359e+07 5.052151462497114390e+07 5.114213647356624901e+07
