1.457087437992723244e+04 1.457087437992723244e+04 1.457087437992723244e+04 1.457087437992723244e+04 1.457087437992723244e+04 1.457087437992723244e+04 1.457087437992723244e+04 1.457087437992723244e+04 1.457087437992723244e+04 1.457087437992723244e+04 1.457087437992723244e+04
1.590176650147470355e+04 1.590176650147470355e+04 1.590176650147470355e+04 1.590176650147470355e+04 1.590176650147470355e+04 1.590176650147470355e+04 1.590176650147470355e+04 1.590176650147470355e+04 1.590176650147470355e+04 1.590176650147470355e+04 1.590176650147470355e+04
2.000064876147329051e+04 2.000064876147329051e+04 2.000064876147329051e+04 2.000064876147329051e+04 2.000064876147329051e+04 2.000064876147329051e+04 2.000064876147329051e+04 2.000064876147329051e+04 2.000064876147329051e+04 2.000064876147329051e+04 2.000064876147329051e+04
2.915533224278934722e+04 2.915533224278934722e+04 2.915533224278934722e+04 2.915533224278934722e+04 2.915533224278934722e+04 2.915533224278934722e+04 2.915533224278934722e+04 2.915533224278934722e+04 2.915533224278934722e+04 2.915533224278934722e+04 2.915533224278934722e+04
5.992871602465356409e+04 5.992871602465356409e+04 5.992871602465356409e+04 5.992871602465356409e+04 5.992871602465356409e+04 5.992871602465356409e+04 5.992871602465356409e+04 5.992871602465356409e+04 5.992871602465356409e+04 5.992871602465356409e+04 5.992871602465356409e+04
2.042158720290680649e+05 2.076774740339003620e+05 2.092867938481325691e+05 2.102490881546886230e+05 2.109316071979092958e+05 2.114607938362600980e+05 2.118980080369427451e+05 2.122643902157121047e+05 2.125843809815563145e+05 2.128661102105162572e+05 2.131188126114552433e+05
8.920347708723663818e+05 9.531068065177985700e+05 9.660157767673380440e+05 9.733074605310613988e+05 9.784332859463432105e+05 9.823597142663530540e+05 9.854695109599790303e+05 9.881207732380687958e+05 9.904432543321570847e+05 9.924391127092641545e+05 9.941899757425211137e+05
3.843659188333442900e+06 4.152294955976136960e+06 4.214181700165816583e+06 4.249055225086444058e+06 4.273420120278836228e+06 4.291972722190963104e+06 4.306857020346207544e+06 4.319435692939088680e+06 4.330345405032387935e+06 4.339824668594308197e+06 4.348154085030433722e+06
1.504301106008093245e+07 1.626894851151101664e+07 1.651528111129910126e+07 1.665413256661014818e+07 1.675079551578198560e+07 1.682452043865337968e+07 1.688434353009366989e+07 1.693382710154188424e+07 1.697673225066787004e+07 1.701418995629123971e+07 1.704747301312310994e+07
5.292729201154403389e+07 5.718743687752633542e+07 5.804363207364092022e+07 5.853007000751708448e+07 5.886775298075287789e+07 5.912826337680443376e+07 5.933550971155776829e+07 5.951241730841409415e+07 5.966200901454050094e+07 5.979278254532562196e+07 5.990916420821266621e+07
1.686927116151791215e+08 1.820205227123968899e+08 1.847324335547877848e+08 1.862651810350091457e+08 1.873342203754659593e+08 1.881566380884729922e+08 1.888222392203472555e+08 1.893783258690242469e+08 1.898491551644899547e+08 1.902614318166842759e+08 1.906309346257376075e+08
