1.918620921039202246e-02 2.131596835525289835e-01 4.045511924531819403e-01 5.913216839181045792e-01 7.776056581604601226e-01 9.605995997567715605e-01 1.145231569785296166e+00 1.327056164917673753e+00 1.505490292591790125e+00 1.685353247270065191e+00 1.866048742260838722e+00
2.364427325382408365e-02 2.634413802388903547e-01 4.985724802022800106e-01 7.280769654849348349e-01 9.555096905156295062e-01 1.182821803555551554e+00 1.408024361671448954e+00 1.628294215755953456e+00 1.850845700991039067e+00 2.073607709518674014e+00 2.291943100952721579e+00
3.795473290189851218e-02 4.225778082136620317e-01 7.959976677811899659e-01 1.163100103860856160e+00 1.529580786398033521e+00 1.886364567432039507e+00 2.244823992570774696e+00 2.600926932899254140e+00 2.949408436890593510e+00 3.300227876440655628e+00 3.654218699526267766e+00
6.426195125322389790e-02 7.124519546886102228e-01 1.336599481028578840e+00 1.954883350094981598e+00 2.557569392012410958e+00 3.163651537464367891e+00 3.753566686176545986e+00 4.349467767823286479e+00 4.943388180734058501e+00 5.520477526679792746e+00 6.093553262604606502e+00
1.040504383530918564e-01 1.144859951808472998e+00 2.150668071036943463e+00 3.134752387422640840e+00 4.114986782917460673e+00 5.069801035204365647e+00 6.038138958106259224e+00 6.978632822497933930e+00 7.906521269353113723e+00 8.851829268598232048e+00 9.788098999423283431e+00
1.588924435522007517e-01 1.737177640980053006e+00 3.264343408743491715e+00 4.755489675963573859e+00 6.217789410405575090e+00 7.692379153168748651e+00 9.120609654270266375e+00 1.054261799335864858e+01 1.198300608585377169e+01 1.338297399074115468e+01 1.475508012565577332e+01
2.294690628286412959e-01 2.496607731321651702e+00 4.676426049556248188e+00 6.822351750756516786e+00 8.930012287014617911e+00 1.101993382826331924e+01 1.306166481474391183e+01 1.514028861113424185e+01 1.715168826278122793e+01 1.912944143736926250e+01 2.114180837866978280e+01
3.160691286743130823e-01 3.422712423220154232e+00 6.409360959768954480e+00 9.339267642195334673e+00 1.226091193282515590e+01 1.507431947757708102e+01 1.793184337984484600e+01 2.072896161696392170e+01 2.345044022877736722e+01 2.621702817168894839e+01 2.898628047087025550e+01
4.191150537125012954e-01 4.522917901549424080e+00 8.481300155187335932e+00 1.234036401032191144e+01 1.619322136983653948e+01 1.992203642809401742e+01 2.370412665371944527e+01 2.733289064375280475e+01 3.097522514354337986e+01 3.465323033423335630e+01 3.827383779753566984e+01
5.389338736791605688e-01 5.804803804948148738e+00 1.089137598338268020e+01 1.584717820748960726e+01 2.073831453975769534e+01 2.558015200957560609e+01 3.036791778542872677e+01 3.501043022869949084e+01 3.973565162877608259e+01 4.442301974857426217e+01 4.904893549276885523e+01
6.757516542907222590e-01 7.272863601963298841e+00 1.363641853249187008e+01 1.985402974044935576e+01 2.592346970041548815e+01 3.203219920591518388e+01 3.794526766413959962e+01 4.379724489727955472e+01 4.972149443964264748e+01 5.554597316737021373e+01 6.136054245924293582e+01
