0.000000000000000000e+00 4.588456450837838929e-01 5.754149959357164335e-01 6.460168746489216574e-01 6.970599339292675722e-01 7.372432463816949166e-01 7.702035012152919080e-01 7.983005531023081858e-01 8.229423265875084326e-01 8.447721599477517884e-01 8.643404003087198362e-01
0.000000000000000000e+00 4.727641531644621864e-01 5.937336587558093015e-01 6.673804810379806440e-01 7.206020182602514978e-01 7.623141494150331710e-01 7.967198312690015882e-01 8.261996755027212203e-01 8.518652001184818801e-01 8.745807220984715968e-01 8.950635537221387494e-01
0.000000000000000000e+00 5.014526275481330231e-01 6.324856823193840683e-01 7.123661462064774241e-01 7.700085340729856398e-01 8.156022020048112608e-01 8.531693461882241536e-01 8.852068760825204663e-01 9.133184559468645602e-01 9.382043091973173432e-01 9.605158276754082181e-01
0.000000000000000000e+00 5.285963746864581481e-01 6.698141693268553354e-01 7.557420683551754337e-01 8.183472100972721819e-01 8.675218337339174468e-01 9.083866885921452194e-01 9.430658334567851853e-01 9.734517472279549111e-01 1.000649111643724609e+00 1.025075181645661360e+00
0.000000000000000000e+00 5.495291291554167401e-01 6.983048787333245855e-01 7.894517280728905462e-01 8.556560572396847419e-01 9.079438596272666473e-01 9.511094401932496112e-01 9.883118654433928896e-01 1.020695160714240046e+00 1.049476012172817718e+00 1.075571344696072629e+00
0.000000000000000000e+00 5.647773774435336236e-01 7.193648695429146755e-01 8.141329327336279675e-01 8.832257669819227885e-01 9.376918514208227862e-01 9.830850368598476052e-01 1.021696195723052369e+00 1.055700315104331821e+00 1.086100027896463871e+00 1.113387229099316755e+00
0.000000000000000000e+00 5.759097668087633792e-01 7.346687947938335128e-01 8.322731298103462905e-01 9.031905136398563627e-01 9.596668339836469386e-01 1.006238775597012136e+00 1.046412660831265384e+00 1.081640304924803786e+00 1.112828745877777692e+00 1.140941094305162551e+00
0.000000000000000000e+00 5.839736492598603945e-01 7.457955115569347981e-01 8.454675439534184989e-01 9.182480832278088201e-01 9.757761596629279666e-01 1.023710611618298572e+00 1.064896161657088669e+00 1.100763482034381013e+00 1.132688967340072850e+00 1.161428810060897376e+00
0.000000000000000000e+00 5.899278410252009053e-01 7.543370527237129863e-01 8.554648872923280578e-01 9.296368211653316393e-01 9.881573660240974277e-01 1.037134036811039550e+00 1.078865285548090469e+00 1.115370592462568311e+00 1.147803347208537161e+00 1.176856379057426238e+00
0.000000000000000000e+00 5.945916674245381728e-01 7.610605948939337395e-01 8.634282988059567288e-01 9.384335588547401130e-01 9.980220804318378214e-01 1.047553551848977804e+00 1.089809281442285283e+00 1.126789385438314639e+00 1.159486296732211486e+00 1.188831964609562419e+00
0.000000000000000000e+00 5.984058449284930248e-01 7.663737686561944429e-01 8.698686529023689218e-01 9.455383477616123855e-01 1.005942993015196407e+00 1.055862869885459077e+00 1.098594974606385222e+00 1.135832054314960260e+00 1.168759691427112557e+00 1.198443180259346263e+00
