1.917148853548040349e-02 2.129969530156200219e-01 4.042401965545821541e-01 5.908614911006243586e-01 7.769922082769611382e-01 9.598335961050156184e-01 1.144308991527105857e+00 1.325979810096605593e+00 1.504259537317540252e+00 1.683963757068194678e+00 1.864500324362967643e+00
2.362704768872236905e-02 2.632521821031110765e-01 4.982108136010628407e-01 7.275388583470837611e-01 9.547951421367537606e-01 1.181926171540214066e+00 1.406950103967754551e+00 1.627039749263683222e+00 1.849406207411423253e+00 2.071983698845503152e+00 2.290138087729206795e+00
3.793066872400868705e-02 4.223186415458867193e-01 7.954981205231461683e-01 1.162357656559461327e+00 1.528590337678726208e+00 1.885129739768183654e+00 2.243334262830963155e+00 2.599187570435057548e+00 2.947417334753241747e+00 3.297976984337889217e+00 3.651709517242973213e+00
6.422913249283614123e-02 7.120984353853657689e-01 1.335918875395559757e+00 1.953865349507677651e+00 2.556213429040661289e+00 3.161955309808687886e+00 3.751529880428611463e+00 4.347076160336469819e+00 4.940658149947433131e+00 5.517405477090385091e+00 6.090121288235009978e+00
1.040087355473732905e-01 1.144410262124159194e+00 2.149793655907338064e+00 3.133454787624938120e+00 4.113254696961091916e+00 5.067628781692765649e+00 6.035524332656147628e+00 6.975593882454437455e+00 7.903021511266029364e+00 8.847868594851460600e+00 9.783695156042144347e+00
1.588423086797469685e-01 1.736634924597367124e+00 3.263294670958525767e+00 4.753919028523259982e+00 6.215709551702974345e+00 7.689761650571275808e+00 9.117482737158340456e+00 1.053892315336142715e+01 1.197878170210178084e+01 1.337824538589945966e+01 1.474978405788157865e+01
2.294118312764030776e-01 2.495986846299081741e+00 4.675226235949486941e+00 6.820559291989891193e+00 8.927604495614547275e+00 1.101694651484342380e+01 1.305804011087304950e+01 1.513603527086391765e+01 1.714686134024945829e+01 1.912398581480757187e+01 2.113566484096856968e+01
3.160054681057024584e-01 3.422024126230902574e+00 6.408019797644148419e+00 9.337269560399523272e+00 1.225824244463445822e+01 1.507099280670932551e+01 1.792780202402790835e+01 2.072428547061138460e+01 2.344506747374582289e+01 2.621088552398171601e+01 2.897943854040814315e+01
4.190463879412217318e-01 4.522167432463090719e+00 8.479834156937005929e+00 1.233819257873740760e+01 1.619033466590380854e+01 1.991839807930077910e+01 2.369976234532229498e+01 2.732781181343875332e+01 3.096931608923069490e+01 3.464656240385703967e+01 3.826641946443517384e+01
5.388604754222906523e-01 5.803995028892203756e+00 1.088981282997635525e+01 1.584483203784322036e+01 2.073522682146868590e+01 2.557623496177863842e+01 3.036327031830337830e+01 3.500496251154541483e+01 3.972932050571368734e+01 4.441588000970300953e+01 4.904099172260735173e+01
6.756740380912010790e-01 7.272004498625393332e+00 1.363476811833730018e+01 1.985153826703081137e+01 2.592019416402989052e+01 3.202806731342357693e+01 3.794037692208362955e+01 4.379140274676916533e+01 4.971479181683134385e+01 5.553841773458069753e+01 6.135212350122470326e+01
