-5.022758820909075439e+00 -5.022758820909075439e+00 -5.022758820909075439e+00 -5.022758820909075439e+00 -5.022758820909075439e+00 -5.022758820909075439e+00 -5.022758820909075439e+00 -5.022758820909075439e+00 -5.022758820909075439e+00 -5.022758820909075439e+00 -5.022758820909075439e+00
-5.250231579866522225e+00 -5.250231579866522225e+00 -5.250231579866522225e+00 -5.250231579866522225e+00 -5.250231579866522225e+00 -5.250231579866522225e+00 -5.250231579866522225e+00 -5.250231579866522225e+00 -5.250231579866522225e+00 -5.250231579866522225e+00 -5.250231579866522225e+00
-5.739435931631305721e+00 -5.739435931631305721e+00 -5.739435931631305721e+00 -5.739435931631305721e+00 -5.739435931631305721e+00 -5.739435931631305721e+00 -5.739435931631305721e+00 -5.739435931631305721e+00 -5.739435931631305721e+00 -5.739435931631305721e+00 -5.739435931631305721e+00
-6.218840035107859876e+00 -6.218840035107859876e+00 -6.218840035107859876e+00 -6.218840035107859876e+00 -6.218840035107859876e+00 -6.218840035107859876e+00 -6.218840035107859876e+00 -6.218840035107859876e+00 -6.218840035107859876e+00 -6.218840035107859876e+00 -6.218840035107859876e+00
-6.590708019160956610e+00 -6.590708019160956610e+00 -6.590708019160956610e+00 -6.590708019160956610e+00 -6.590708019160956610e+00 -6.590708019160956610e+00 -6.590708019160956610e+00 -6.590708019160956610e+00 -6.590708019160956610e+00 -6.590708019160956610e+00 -6.590708019160956610e+00
-6.859271230525337160e+00 -6.859271230525337160e+00 -6.859271230525337160e+00 -6.859271230525337160e+00 -6.859271230525337160e+00 -6.859271230525337160e+00 -6.859271230525337160e+00 -6.859271230525337160e+00 -6.859271230525337160e+00 -6.859271230525337160e+00 -6.859271230525337160e+00
-7.052082104833971243e+00 -7.052082104833971243e+00 -7.052082104833971243e+00 -7.052082104833971243e+00 -7.052082104833971243e+00 -7.052082104833971243e+00 -7.052082104833971243e+00 -7.052082104833971243e+00 -7.052082104833971243e+00 -7.052082104833971243e+00 -7.052082104833971243e+00
-7.192836657104635378e+00 -7.192836657104635378e+00 -7.192836657104635378e+00 -7.192836657104635378e+00 -7.192836657104635378e+00 -7.192836657104635378e+00 -7.192836657104635378e+00 -7.192836657104635378e+00 -7.192836657104635378e+00 -7.192836657104635378e+00 -7.192836657104635378e+00
-7.298030330613983097e+00 -7.298030330613983097e+00 -7.298030330613983097e+00 -7.298030330613983097e+00 -7.298030330613983097e+00 -7.298030330613983097e+00 -7.298030330613983097e+00 -7.298030330613983097e+00 -7.298030330613983097e+00 -7.298030330613983097e+00 -7.298030330613983097e+00
-7.378593902096326929e+00 -7.378593902096326929e+00 -7.378593902096326929e+00 -7.378593902096326929e+00 -7.378593902096326929e+00 -7.378593902096326929e+00 -7.378593902096326929e+00 -7.378593902096326929e+00 -7.378593902096326929e+00 -7.378593902096326929e+00 -7.378593902096326929e+00
-7.441745211526722414e+00 -7.441745211526722414e+00 -7.441745211526722414e+00 -7.441745211526722414e+00 -7.441745211526722414e+00 -7.441745211526722414e+00 -7.441745211526722414e+00 -7.441745211526722414e+00 -7.441745211526722414e+00 -7.441745211526722414e+00 -7.441745211526722414e+00
