9.208339579039819256e+00
6.254792093280654441e+00
6.692399939369335193e+00
7.404758812669070878e+00
7.509047378746918078e+00
5.366973298740627563e+00
7.044867298931280608e+00
7.501650223891829228e+00
7.478148579758806314e+00
7.080317748096781827e+00
7.485864305627042192e+00
5.861479486434459041e+00
6.997828842078620326e+00
6.732560649620380921e+00
7.314023508311469968e+00
6.762939585514809337e+00
7.466206070841328923e+00
5.900986275859637864e+00
5.796606714640363478e+00
7.236590972346693462e+00
8.443540535822821269e+00
7.139801178403197390e+00
7.188016430422016434e+00
6.131625688116864481e+00
7.675634509611316325e+00
7.613038295631248786e+00
7.592948801815914806e+00
8.139463575737572398e+00
8.180206117424221546e+00
5.967871437128977163e+00
6.495852063756171191e+00
7.396085226398664503e+00
7.379794065149700266e+00
5.953840960898481249e+00
6.769046346642845435e+00
7.037921000360700674e+00
4.734556301589201155e+00
5.521783233596235796e+00
6.591544755204718165e+00
6.370744201792336803e+00
5.766799949532220637e+00
7.959807743533924729e+00
5.358811473996402341e+00
7.145248146889911389e+00
7.162791233332881369e+00
7.609911803873234959e+00
5.246509907745429580e+00
7.114682883082034337e+00
9.086865941562130899e+00
9.333781160633430218e+00
7.096548761005516681e+00
7.459439515225825268e+00
7.023473025377932721e+00
7.523109954636544749e+00
8.410805744196245826e+00
6.505116857382331474e+00
8.579232943836636593e+00
6.516157330190004870e+00
6.345707381728026064e+00
7.032433745184842877e+00
7.783785165794695260e+00
5.145012630600718673e+00
8.157425709465018215e+00
6.452309184873088910e+00
9.330728440183213124e+00
8.520438353073030768e+00
8.330388176780061826e+00
6.951240851358577721e+00
6.566328759965780471e+00
5.896861156930008896e+00
7.857525942549333564e+00
5.820273896809845304e+00
6.745502970097777329e+00
6.893879046458721405e+00
6.856566280037639238e+00
7.575169729374221284e+00
7.192775670576078362e+00
6.927012293234265705e+00
8.004025244075906542e+00
7.234477639656838655e+00
8.235803540743305007e+00
7.980347651324837699e+00
6.177381394916722890e+00
6.709054702668930226e+00
7.124113525188023210e+00
6.679116713552494922e+00
7.605728886595122695e+00
7.620233602328305267e+00
5.894876880314162904e+00
5.842477269619438474e+00
7.124314396319745946e+00
7.530649398244571913e+00
8.653029282137538303e+00
5.475247469191071303e+00
5.848769680192403619e+00
7.446392837668462938e+00
9.610090845352489808e+00
7.969927470823969351e+00
7.695386873300835262e+00
7.596888466031759712e+00
