-1.078156964592280929e+02
-1.379168822038809594e+01
-2.756278769757318514e+01
-6.967145697601245047e+01
-9.731066479351738963e+01
-3.302756913277335116e+00
-6.568189459275799891e+01
-3.613876842061381467e+01
-8.524706043580681580e+01
5.013934906747454079e+01
-1.484909596234547280e+02
-5.109074904952649376e+00
1.892139876534110954e+01
-6.056964416024038655e+01
-6.417408199415513081e+01
-1.193581769016418548e+00
-3.875705773128902365e+01
-3.833461869929669774e+01
-6.737902821854731883e+00
-9.371790045574562100e+01
-3.315955554757438222e+02
1.000344303178007976e+01
-1.908411621007326175e+01
7.104206367993356253e+00
3.200792681797793193e+00
-1.205037000795655331e+02
-1.875354958081061341e+01
-1.977815733341840314e+02
-8.794558783754837350e+01
-1.261847293752543919e+01
-8.112435806249050074e+01
-5.485253765631478018e+01
-2.109622104038917314e+02
-4.524312537450896343e-01
-1.276097606502844428e+02
-4.695436626832997717e+01
-1.753375508093258759e+02
-8.373240678674847004e+00
-2.919323226714004704e+01
-3.467967939464870142e+01
4.375401899918870186e+00
-2.720776464482150914e+01
1.059114729363227525e+01
-1.724640605118383974e+01
1.451432313313853228e+01
-5.727265023888685391e+01
-3.878970445450249827e+00
-1.157100458131853884e+02
-6.369224138874687924e+01
-1.050267972002493480e+02
-4.562262774748614902e+01
-1.344967261689698717e+02
-6.180864606102022663e+01
-9.630997022076371650e+01
-3.708277393750358897e+01
-3.193038492155301356e+01
-1.135763731901279243e+02
2.212597729962908488e+00
-4.597432207485690014e+01
-3.176827576973846590e+01
-1.847104964059553822e+02
1.993999834099668078e+00
-2.086859539962188137e+01
-6.335550124441397202e+00
-6.298591946672240738e+01
1.928424464148974948e+01
-7.110375776392447733e+01
2.834471777267390280e+01
9.319285468752241286e+00
-2.179866700648108235e+01
-2.683851866320674162e+01
-4.148555981935714954e+00
-2.409604919777302712e+01
1.673992291641843622e+01
-3.661573258160024125e+01
-6.163928577820843202e+01
-2.350653058375610271e+01
-1.296430473177042586e+01
-9.579118816371919820e+01
-6.685624450892464665e+01
-1.139904545502067776e+02
-1.013752738062084973e+02
-2.884202371092578687e+01
-3.355227915135037620e+01
1.270726121206280368e+01
-6.423450678370591049e+01
-1.044142636362457779e+02
3.366706273934414639e+01
-3.596313170245593938e+00
-6.989454973573629104e+00
-3.941999595551442326e+01
-3.050698409518008702e+01
-1.854779753017883195e+02
6.840734146298018459e+00
-1.461296390841107495e+01
-9.782639638716955233e+01
1.154814110610732314e+02
1.883796835231805744e+00
-6.861378572822923161e+01
-1.252233046586325145e+02
