2.005309286834507887e+01
1.408753448514576689e+01
1.539100803280168961e+01
1.690597222114433507e+01
1.789123352042682669e+01
1.251901289374110249e+01
1.640524781292993595e+01
1.698091544760014315e+01
1.718705273897546348e+01
1.643072346931023375e+01
1.677340978100491498e+01
1.368304386337638867e+01
1.586716370650023045e+01
1.567785434018762203e+01
1.659999210322032326e+01
1.507581312888759406e+01
1.690386896594054633e+01
1.397702531408374149e+01
1.267721907326253827e+01
1.685542514195518038e+01
1.788103048710312137e+01
1.643033165875559476e+01
1.627074847109197719e+01
1.404019039335507557e+01
1.767680257073658368e+01
1.727022510925653265e+01
1.676650822647125239e+01
1.822280310250307167e+01
1.889098243894083495e+01
1.301893938507067361e+01
1.508683292646157348e+01
1.605274837291951684e+01
1.646219692543184721e+01
1.391052276708396107e+01
1.579077724498062274e+01
1.619018642613728431e+01
1.119192182205816266e+01
1.221300830560283224e+01
1.523439302833196685e+01
1.446595128020105037e+01
1.316658951232605546e+01
1.802309270544786557e+01
1.310215813217441294e+01
1.642031128434567577e+01
1.654062265727215220e+01
1.689157515160085410e+01
1.158768733596412837e+01
1.683229243136291942e+01
1.969533374611227927e+01
2.022763477138845545e+01
1.640997329566530283e+01
1.739152633883376708e+01
1.572680644172006126e+01
1.772071265031596354e+01
1.926679359925248747e+01
1.493971695354715301e+01
1.890575363918130947e+01
1.472822106935405095e+01
1.466791362704712398e+01
1.656596262339224523e+01
1.851098081422574992e+01
1.207358596358296055e+01
1.838392786214150121e+01
1.459537822342057467e+01
2.054020723389574243e+01
1.884005436380470044e+01
1.921140871426005958e+01
1.588594522197104730e+01
1.427722638433841773e+01
1.330506814308740537e+01
1.802642127057700350e+01
1.309060330293354646e+01
1.497287510633278984e+01
1.629587682194282650e+01
1.515023689939319418e+01
1.708282270307352846e+01
1.567338854171707574e+01
1.577235239159161040e+01
1.761789354352413639e+01
1.701309162305922484e+01
1.763896772209653463e+01
1.792572301737711626e+01
1.415575624901094720e+01
1.595983422894987136e+01
1.566331207850326024e+01
1.581348052062421417e+01
1.637144665666691168e+01
1.791956393301611428e+01
1.274813193716546600e+01
1.401135912175663911e+01
1.557135267742499884e+01
1.652637634795858901e+01
1.933131000674321243e+01
1.242066445032593514e+01
1.372486198351847975e+01
1.668560857860886415e+01
2.379246467157090095e+01
1.835921134742518035e+01
1.662369682260046488e+01
1.710223383618478366e+01
