2.676023203441673104e+01
2.651599861585873441e+01
2.657838116907532822e+01
2.674031675887636084e+01
2.655441492655972979e+01
2.677762296402215725e+01
2.650230993304012372e+01
2.668578042738408840e+01
2.658122357463253138e+01
2.747267546587227116e+01
2.606705764569596795e+01
2.649320194428855757e+01
2.690380655190165271e+01
2.649075261128018610e+01
2.650640372153702629e+01
2.668360047173428029e+01
2.673037940780704957e+01
2.637259928667390341e+01
2.628547759848152054e+01
2.634244481394489412e+01
2.472570741488289059e+01
2.695375368373242964e+01
2.671965997763345513e+01
2.676509999122026784e+01
2.702787167204496654e+01
2.632104903049821587e+01
2.673305599159994017e+01
2.580836018782429164e+01
2.668730793763643305e+01
2.660655196705829439e+01
2.618405335671832290e+01
2.638599081385109457e+01
2.565129684817839006e+01
2.672286782802166272e+01
2.589456588295888650e+01
2.652974606538919033e+01
2.614548210596876743e+01
2.670979322440507531e+01
2.655620447605087975e+01
2.656463485842959926e+01
2.644194188254095934e+01
2.699731560115651519e+01
2.687602033676012070e+01
2.675842517807086551e+01
2.710984264706075919e+01
2.663200669111301977e+01
2.698271361249135225e+01
2.630667517108940956e+01
2.712461500424069527e+01
2.686566575720371475e+01
2.661397946637498535e+01
2.624303279967443814e+01
2.645919359128129145e+01
2.671717118604556163e+01
2.716846758312294696e+01
2.643250765361790400e+01
2.635087608141384408e+01
2.690576006118772057e+01
2.633651001671933045e+01
2.669050309966951318e+01
2.595761754112209019e+01
2.700938083647179155e+01
2.705460311870774603e+01
2.668436932054100907e+01
2.708574819303430559e+01
2.747795609027525643e+01
2.708268266452705575e+01
2.697252095479234413e+01
2.667102028743374831e+01
2.646254386705368233e+01
2.687335268367587560e+01
2.661685557055534446e+01
2.664183827867236687e+01
2.695357146336118603e+01
2.634048429501217470e+01
2.653421052503108513e+01
2.666757974848496815e+01
2.678035982830624562e+01
2.644535138048013323e+01
2.641012179458175524e+01
2.634680269480577408e+01
2.649695482183233253e+01
2.648777879479166586e+01
2.674157134206416231e+01
2.691892442112930439e+01
2.635617680009545438e+01
2.622483661531350663e+01
2.754391434503850178e+01
2.651781917252719722e+01
2.662390465812677576e+01
2.638181930689825094e+01
2.672187377129284869e+01
2.605048811348933668e+01
2.673358969055152556e+01
2.658943421845197008e+01
2.645306114034974598e+01
2.923814780298289406e+01
2.736708737688149995e+01
2.652111386264459725e+01
2.622052308898946649e+01
