1.704321377431897417e+02
1.519718880417167384e+02
1.549996904106183422e+02
1.634434870400366435e+02
1.599385178302220538e+02
1.417238803288383338e+02
1.598740911502870574e+02
1.579187338046445177e+02
1.557866099688374391e+02
1.548738313523463717e+02
1.621572658437358143e+02
1.488824956105249555e+02
1.553352355607102027e+02
1.535227163796548098e+02
1.587717758315024241e+02
1.563676472174606715e+02
1.579034214095710524e+02
1.466567847053858316e+02
1.472521491396863382e+02
1.606043780294467922e+02
1.661287153263217817e+02
1.575437544303386801e+02
1.594953228982837459e+02
1.498544096154877536e+02
1.577060852866950711e+02
1.597988342216039541e+02
1.655648165111117294e+02
1.649128210094536655e+02
1.647949328441970351e+02
1.487940227086654659e+02
1.526760788607481913e+02
1.607483400135108127e+02
1.612926607569499424e+02
1.469549189410828660e+02
1.545544541086728998e+02
1.580569163961814070e+02
1.374428223772725346e+02
1.442758641366021948e+02
1.549474612506755307e+02
1.503252962844118485e+02
1.475080315360766576e+02
1.628341678181292025e+02
1.467145812927957991e+02
1.544989224188306025e+02
1.582555472583678124e+02
1.628785207185872252e+02
1.428786358715689175e+02
1.551071825394992345e+02
1.665880180813953757e+02
1.691786534638118269e+02
1.549326884730309075e+02
1.585087298441405608e+02
1.550144439164545247e+02
1.585142984673501871e+02
1.625287761187457534e+02
1.508256957861860030e+02
1.682626990625272185e+02
1.508689417579670078e+02
1.510418071958319501e+02
1.580362311730487193e+02
1.645524345736905332e+02
1.443774832852017198e+02
1.589739492013985966e+02
1.499311632178769571e+02
1.738196741742329436e+02
1.643830867674685123e+02
1.621730585051097364e+02
1.553585532581379312e+02
1.527485086635954019e+02
1.484458406949674441e+02
1.605463714599974878e+02
1.455666682849021925e+02
1.535791193781780919e+02
1.543272154000857768e+02
1.548187780121544108e+02
1.603111574404217095e+02
1.599412813769451986e+02
1.551727895852775134e+02
1.614876183567889711e+02
1.570551421146722930e+02
1.625610289200279794e+02
1.615005765746126372e+02
1.472099045396459474e+02
1.539155068136922750e+02
1.523527434273545111e+02
1.513680458756270752e+02
1.611425867453444880e+02
1.577587847622351092e+02
1.464543435313878774e+02
1.464940758778331258e+02
1.574607662869439935e+02
1.559913418095653412e+02
1.652992645131591303e+02
1.425036797736309495e+02
1.448486259910536091e+02
1.577521257798123031e+02
1.946570102646216185e+02
1.618253752279043454e+02
1.591896873867545708e+02
1.630644243521556689e+02
