9.944374227964040358e+01
1.022937880251640479e+02
1.017929683930603773e+02
1.003351229583434758e+02
1.004368585896650359e+02
1.015454671637583459e+02
1.012970051885303064e+02
1.012270278646666526e+02
1.005948662738213386e+02
1.000595884062247336e+02
1.011394503115350432e+02
1.025466260333582795e+02
1.015186785191427958e+02
1.014452873576143759e+02
1.013131291392529363e+02
1.019291828191010296e+02
1.010103314064284774e+02
1.023317725901622310e+02
1.032723885268559627e+02
1.013008088296111708e+02
1.019164870760394308e+02
1.011647259039385176e+02
1.014451894512865664e+02
1.017940082035148492e+02
1.007621914637880423e+02
1.008042870960785109e+02
1.014028112318711408e+02
1.009974267991883750e+02
1.001442104846695429e+02
1.019862642703270552e+02
1.021528050906136684e+02
1.019485083620110544e+02
1.012884741073967945e+02
1.018006541874576385e+02
1.022442234799461431e+02
1.015805177839817475e+02
1.002371544497795384e+02
1.016931097518140490e+02
1.018416027402486606e+02
1.017007088816929610e+02
1.029166293602688285e+02
1.002665315845394503e+02
1.014585427748840232e+02
1.013401012368733092e+02
1.006858026511911248e+02
1.009927552945148221e+02
1.007869821620499664e+02
1.009621830482222151e+02
9.904305894494801521e+01
9.911236085998359613e+01
1.012980418435540031e+02
1.007891551257064577e+02
1.015361138027422072e+02
9.985381849631667706e+01
9.943763044996001099e+01
1.022401361445793952e+02
1.008435785234859168e+02
1.011870609862804429e+02
1.023106900959527081e+02
1.012979443574771352e+02
1.007329203051207571e+02
1.008057298417771221e+02
1.001852328271660895e+02
1.018258270992487695e+02
9.920129804250876759e+01
9.944391904563549645e+01
9.904045131902489629e+01
1.014504543293043923e+02
1.021788050529528391e+02
1.023313761848239238e+02
1.007277077218787724e+02
1.021146778391972134e+02
1.016299078950537336e+02
1.012960737261539350e+02
1.024840118429530378e+02
1.012629904033271657e+02
1.015474970095483656e+02
1.013450126810166978e+02
1.008745311794243804e+02
1.016129609028520093e+02
1.008497928233724110e+02
1.005630807881569524e+02
1.020992253857711347e+02
1.010747873510224792e+02
1.013437587795322798e+02
1.018661432237979056e+02
1.015102632570369110e+02
9.948600805193558472e+01
1.024863149264929802e+02
1.020334543373081857e+02
1.022761620582314208e+02
1.012084166423128977e+02
1.003632145897662298e+02
1.019034619838306668e+02
1.020094783029481817e+02
1.008023907519551017e+02
9.497910119427088205e+01
9.950214317116700613e+01
1.011667061118818793e+02
1.010769399063792093e+02
