2.324506875765175664e+03
1.864586126935978427e+03
1.929787109695179424e+03
2.133686717162564491e+03
2.271358055080708255e+03
1.815402418219621268e+03
2.114069522405962289e+03
1.970755352821286806e+03
2.210886557542071841e+03
1.571029070189575577e+03
2.534711895849874054e+03
1.823843262644986680e+03
1.712530852951051656e+03
2.089024550081520374e+03
2.106671936387592723e+03
1.805561622022127722e+03
1.983319402184941737e+03
1.981290510663070791e+03
1.831465082733159988e+03
2.253285978272812372e+03
3.576847299112753717e+03
1.753593750051423967e+03
1.889559076147190353e+03
1.767005654728139689e+03
1.785111482783587689e+03
2.389317034596096619e+03
1.887996172520001437e+03
2.799236330521937361e+03
2.224361706668717034e+03
1.859064408458815024e+03
2.190357054701355992e+03
2.061138906668293203e+03
2.871869644061941472e+03
1.802107533084489432e+03
2.425913178989993412e+03
2.022826196119544193e+03
2.677419345673005864e+03
1.839127286143232141e+03
1.937554243202403086e+03
1.963765256960317402e+03
1.779657227217855961e+03
1.928097189032644110e+03
1.750878762055817106e+03
1.880875685744189695e+03
1.732787261546856826e+03
2.072927460599390997e+03
1.818093725330487814e+03
2.364751192686572722e+03
2.104309850719925180e+03
2.310351977571980115e+03
2.016390160365909423e+03
2.461587701187470884e+03
2.095084911058441776e+03
2.266319075359767339e+03
1.975282186972227009e+03
1.950616344282905629e+03
2.353848135532947254e+03
1.789704057067638360e+03
2.018089160512453873e+03
1.949841937181418871e+03
2.728009481221238275e+03
1.790720462235708737e+03
1.898003130707263836e+03
1.829581426040653241e+03
2.100848976871369359e+03
1.710866218559070603e+03
2.140745048683066670e+03
1.669452814615381840e+03
1.756755904897629307e+03
1.902408945410789102e+03
1.926340075809176142e+03
1.819353294546014695e+03
1.913305838157698417e+03
1.722548870212300699e+03
1.973042132858530522e+03
2.094256155954781207e+03
1.910507739170248669e+03
1.860691524363044664e+03
2.263708386122087177e+03
2.119837355555449449e+03
2.355962586083447604e+03
2.291867952538485497e+03
1.935880294753372709e+03
1.958369790838418567e+03
1.741113473737304048e+03
2.106968216751593900e+03
2.307247451428493605e+03
1.645262405323673875e+03
1.816773370927939141e+03
1.832643056430216802e+03
1.986504752293421916e+03
1.943820089880245632e+03
2.732169767283206966e+03
1.768226003111638192e+03
1.868454516487167211e+03
2.273956629419495130e+03
1.285703049414808902e+03
1.791232935012456892e+03
2.128479818197542954e+03
2.413598884298782650e+03
