-4.833226467530039372e+00 -4.833226467530039372e+00 -4.833226467530039372e+00 -4.833226467530039372e+00 -4.833226467530039372e+00 -4.833226467530039372e+00 -4.833226467530039372e+00 -4.833226467530039372e+00 -4.833226467530039372e+00 -4.833226467530039372e+00 -4.833226467530039372e+00
-4.859799992318585282e+00 -4.859799992318585282e+00 -4.859799992318585282e+00 -4.859799992318585282e+00 -4.859799992318585282e+00 -4.859799992318585282e+00 -4.859799992318585282e+00 -4.859799992318585282e+00 -4.859799992318585282e+00 -4.859799992318585282e+00 -4.859799992318585282e+00
-4.936137758406403009e+00 -4.936137758406403009e+00 -4.936137758406403009e+00 -4.936137758406403009e+00 -4.936137758406403009e+00 -4.936137758406403009e+00 -4.936137758406403009e+00 -4.936137758406403009e+00 -4.936137758406403009e+00 -4.936137758406403009e+00 -4.936137758406403009e+00
-5.053187224555585999e+00 -5.053187224555585999e+00 -5.053187224555585999e+00 -5.053187224555585999e+00 -5.053187224555585999e+00 -5.053187224555585999e+00 -5.053187224555585999e+00 -5.053187224555585999e+00 -5.053187224555585999e+00 -5.053187224555585999e+00 -5.053187224555585999e+00
-5.198891993011784507e+00 -5.198891993011784507e+00 -5.198891993011784507e+00 -5.198891993011784507e+00 -5.198891993011784507e+00 -5.198891993011784507e+00 -5.198891993011784507e+00 -5.198891993011784507e+00 -5.198891993011784507e+00 -5.198891993011784507e+00 -5.198891993011784507e+00
-5.360831526671972824e+00 -5.360831526671972824e+00 -5.360831526671972824e+00 -5.360831526671972824e+00 -5.360831526671972824e+00 -5.360831526671972824e+00 -5.360831526671972824e+00 -5.360831526671972824e+00 -5.360831526671972824e+00 -5.360831526671972824e+00 -5.360831526671972824e+00
-5.528278793419303838e+00 -5.528278793419303838e+00 -5.528278793419303838e+00 -5.528278793419303838e+00 -5.528278793419303838e+00 -5.528278793419303838e+00 -5.528278793419303838e+00 -5.528278793419303838e+00 -5.528278793419303838e+00 -5.528278793419303838e+00 -5.528278793419303838e+00
-5.693107503400824498e+00 -5.693107503400824498e+00 -5.693107503400824498e+00 -5.693107503400824498e+00 -5.693107503400824498e+00 -5.693107503400824498e+00 -5.693107503400824498e+00 -5.693107503400824498e+00 -5.693107503400824498e+00 -5.693107503400824498e+00 -5.693107503400824498e+00
-5.850046562216448365e+00 -5.850046562216448365e+00 -5.850046562216448365e+00 -5.850046562216448365e+00 -5.850046562216448365e+00 -5.850046562216448365e+00 -5.850046562216448365e+00 -5.850046562216448365e+00 -5.850046562216448365e+00 -5.850046562216448365e+00 -5.850046562216448365e+00
-5.996091325847373810e+00 -5.996091325847373810e+00 -5.996091325847373810e+00 -5.996091325847373810e+00 -5.996091325847373810e+00 -5.996091325847373810e+00 -5.996091325847373810e+00 -5.996091325847373810e+00 -5.996091325847373810e+00 -5.996091325847373810e+00 -5.996091325847373810e+00
-6.129876392664300511e+00 -6.129876392664300511e+00 -6.129876392664300511e+00 -6.129876392664300511e+00 -6.129876392664300511e+00 -6.129876392664300511e+00 -6.129876392664300511e+00 -6.129876392664300511e+00 -6.129876392664300511e+00 -6.129876392664300511e+00 -6.129876392664300511e+00
