4.079933711421795728e+00 4.079933711421795728e+00 4.079933711421795728e+00 4.079933711421795728e+00 4.079933711421795728e+00 4.079933711421795728e+00 4.079933711421795728e+00 4.079933711421795728e+00 4.079933711421795728e+00 4.079933711421795728e+00 4.079933711421795728e+00
4.185371270625704909e+00 4.185371270625704909e+00 4.185371270625704909e+00 4.185371270625704909e+00 4.185371270625704909e+00 4.185371270625704909e+00 4.185371270625704909e+00 4.185371270625704909e+00 4.185371270625704909e+00 4.185371270625704909e+00 4.185371270625704909e+00
4.499625254497455984e+00 4.499625254497455984e+00 4.499625254497455984e+00 4.499625254497455984e+00 4.499625254497455984e+00 4.499625254497455984e+00 4.499625254497455984e+00 4.499625254497455984e+00 4.499625254497455984e+00 4.499625254497455984e+00 4.499625254497455984e+00
5.025610446074039395e+00 5.025610446074039395e+00 5.025610446074039395e+00 5.025610446074039395e+00 5.025610446074039395e+00 5.025610446074039395e+00 5.025610446074039395e+00 5.025610446074039395e+00 5.025610446074039395e+00 5.025610446074039395e+00 5.025610446074039395e+00
5.772153427461480746e+00 5.772153427461480746e+00 5.772153427461480746e+00 5.772153427461480746e+00 5.772153427461480746e+00 5.772153427461480746e+00 5.772153427461480746e+00 5.772153427461480746e+00 5.772153427461480746e+00 5.772153427461480746e+00 5.772153427461480746e+00
6.744827193800617238e+00 6.744827193800617238e+00 6.744827193800617238e+00 6.744827193800617238e+00 6.744827193800617238e+00 6.744827193800617238e+00 6.744827193800617238e+00 6.744827193800617238e+00 6.744827193800617238e+00 6.744827193800617238e+00 6.744827193800617238e+00
7.973734857778367768e+00 7.973734857778367768e+00 7.973734857778367768e+00 7.973734857778367768e+00 7.973734857778367768e+00 7.973734857778367768e+00 7.973734857778367768e+00 7.973734857778367768e+00 7.973734857778367768e+00 7.973734857778367768e+00 7.973734857778367768e+00
9.490721690883763273e+00 9.490721690883763273e+00 9.490721690883763273e+00 9.490721690883763273e+00 9.490721690883763273e+00 9.490721690883763273e+00 9.490721690883763273e+00 9.490721690883763273e+00 9.490721690883763273e+00 9.490721690883763273e+00 9.490721690883763273e+00
1.127512063925071928e+01 1.127512063925071928e+01 1.127512063925071928e+01 1.127512063925071928e+01 1.127512063925071928e+01 1.127512063925071928e+01 1.127512063925071928e+01 1.127512063925071928e+01 1.127512063925071928e+01 1.127512063925071928e+01 1.127512063925071928e+01
1.338665413343486676e+01 1.338665413343486676e+01 1.338665413343486676e+01 1.338665413343486676e+01 1.338665413343486676e+01 1.338665413343486676e+01 1.338665413343486676e+01 1.338665413343486676e+01 1.338665413343486676e+01 1.338665413343486676e+01 1.338665413343486676e+01
1.579562928423074197e+01 1.579562928423074197e+01 1.579562928423074197e+01 1.579562928423074197e+01 1.579562928423074197e+01 1.579562928423074197e+01 1.579562928423074197e+01 1.579562928423074197e+01 1.579562928423074197e+01 1.579562928423074197e+01 1.579562928423074197e+01
