0.000000000000000000e+00 2.200829933863133192e-01 3.220487156722811051e-01 3.878780751729209442e-01 4.360231767168443184e-01 4.738638612579961773e-01 5.050491497822804376e-01 5.315089544747024775e-01 5.544410763759515248e-01 5.747357478830963373e-01 5.929213868803344667e-01
0.000000000000000000e+00 2.212334905088937376e-01 3.235909743088996038e-01 3.896626835994538851e-01 4.379480112984310836e-01 4.759259864695195574e-01 5.072144496916735079e-01 5.337702365650329739e-01 5.568076887211645953e-01 5.771486694866325706e-01 5.954161477638990618e-01
0.000000000000000000e+00 2.244895269432163332e-01 3.279588277655420825e-01 3.947015734629530925e-01 4.434084383246954530e-01 4.817699124905630015e-01 5.133577891137974802e-01 5.401650801031792071e-01 5.634292532413383015e-01 5.840196740136889275e-01 6.025053701414435636e-01
0.000000000000000000e+00 2.293661253788741305e-01 3.344893923895142507e-01 4.021613173936202656e-01 4.515449999234988354e-01 4.904835976776666939e-01 5.225286859495099634e-01 5.497326720760611352e-01 5.733744004428444896e-01 5.943420062285440508e-01 6.131807740239310078e-01
0.000000000000000000e+00 2.351077952589548659e-01 3.422126252917223610e-01 4.109283669422438834e-01 4.611943084164522588e-01 5.008089444927463774e-01 5.334291175422549713e-01 5.611319533381902147e-01 5.852801491964783054e-01 6.067331068625207990e-01 6.259738363769429270e-01
0.000000000000000000e+00 2.410647399992740247e-01 3.502693158479814883e-01 4.200981509893608745e-01 4.713302899108384736e-01 5.116798001981806010e-01 5.449089188296056818e-01 5.732341981347417459e-01 5.979983044053369667e-01 6.199359028287290130e-01 6.395651521925174166e-01
0.000000000000000000e+00 2.467672435777785722e-01 3.580002305097877979e-01 4.290605300848255865e-01 4.812206557580793742e-01 5.222973023010126781e-01 5.562523737571609672e-01 5.852871360075369012e-01 6.105959658088977449e-01 6.329810365095909219e-01 6.530580049839045387e-01
0.000000000000000000e+00 2.521190142870182171e-01 3.651661640360543970e-01 4.374512934773520101e-01 4.905027486456674524e-01 5.323522949183825403e-01 5.670791782686137594e-01 5.967333060434611980e-01 6.225376906950259581e-01 6.454142326801957097e-01 6.660513811730197631e-01
0.000000000000000000e+00 2.569953915335645434e-01 3.716189396291156299e-01 4.450454866564541589e-01 4.989177809766260907e-01 5.415804510485031642e-01 5.770209499860357028e-01 6.071955141742364503e-01 6.335191545731504448e-01 6.569753832445712760e-01 6.781467093169339933e-01
0.000000000000000000e+00 2.612995168128691148e-01 3.772896297159604728e-01 4.517058561796147842e-01 5.063778333278605714e-01 5.498656327908975072e-01 5.858658559591276571e-01 6.165621917825774290e-01 6.434872302379517350e-01 6.674812458804808557e-01 6.890528016920143273e-01
0.000000000000000000e+00 2.649485937181452755e-01 3.821906918747117743e-01 4.574537653206789400e-01 5.129644375265343115e-01 5.571190046539413743e-01 5.936377712023386266e-01 6.249249429565679748e-01 6.524087362122372724e-01 6.768076225562253967e-01 6.986981209010991734e-01
