1.081779164972663057e+04 1.081779164972663057e+04 1.081779164972663057e+04 1.081779164972663057e+04 1.081779164972663057e+04 1.081779164972663057e+04 1.081779164972663057e+04 1.081779164972663057e+04 1.081779164972663057e+04 1.081779164972663057e+04 1.081779164972663057e+04
1.092447795392846820e+04 1.092447795392846820e+04 1.092447795392846820e+04 1.092447795392846820e+04 1.092447795392846820e+04 1.092447795392846820e+04 1.092447795392846820e+04 1.092447795392846820e+04 1.092447795392846820e+04 1.092447795392846820e+04 1.092447795392846820e+04
1.124242382184914095e+04 1.124242382184914095e+04 1.124242382184914095e+04 1.124242382184914095e+04 1.124242382184914095e+04 1.124242382184914095e+04 1.124242382184914095e+04 1.124242382184914095e+04 1.124242382184914095e+04 1.124242382184914095e+04 1.124242382184914095e+04
1.176648165439987679e+04 1.176648165439987679e+04 1.176648165439987679e+04 1.176648165439987679e+04 1.176648165439987679e+04 1.176648165439987679e+04 1.176648165439987679e+04 1.176648165439987679e+04 1.176648165439987679e+04 1.176648165439987679e+04 1.176648165439987679e+04
1.249272455298171371e+04 1.249272455298171371e+04 1.249272455298171371e+04 1.249272455298171371e+04 1.249272455298171371e+04 1.249272455298171371e+04 1.249272455298171371e+04 1.249272455298171371e+04 1.249272455298171371e+04 1.249272455298171371e+04 1.249272455298171371e+04
1.342002338631319253e+04 1.342002338631319253e+04 1.342002338631319253e+04 1.342002338631319253e+04 1.342002338631319253e+04 1.342002338631319253e+04 1.342002338631319253e+04 1.342002338631319253e+04 1.342002338631319253e+04 1.342002338631319253e+04 1.342002338631319253e+04
1.455718802718284860e+04 1.455718802718284860e+04 1.455718802718284860e+04 1.455718802718284860e+04 1.455718802718284860e+04 1.455718802718284860e+04 1.455718802718284860e+04 1.455718802718284860e+04 1.455718802718284860e+04 1.455718802718284860e+04 1.455718802718284860e+04
1.593042235280183741e+04 1.593042235280183741e+04 1.593042235280183741e+04 1.593042235280183741e+04 1.593042235280183741e+04 1.593042235280183741e+04 1.593042235280183741e+04 1.593042235280183741e+04 1.593042235280183741e+04 1.593042235280183741e+04 1.593042235280183741e+04
1.759978813386461843e+04 1.759978813386461843e+04 1.759978813386461843e+04 1.759978813386461843e+04 1.759978813386461843e+04 1.759978813386461843e+04 1.759978813386461843e+04 1.759978813386461843e+04 1.759978813386461843e+04 1.759978813386461843e+04 1.759978813386461843e+04
1.968425455827633778e+04 1.968425455827633778e+04 1.968425455827633778e+04 1.968425455827633778e+04 1.968425455827633778e+04 1.968425455827633778e+04 1.968425455827633778e+04 1.968425455827633778e+04 1.968425455827633778e+04 1.968425455827633778e+04 1.968425455827633778e+04
2.240699315223976009e+04 2.240699315223976009e+04 2.240699315223976009e+04 2.240699315223976009e+04 2.240699315223976009e+04 2.240699315223976009e+04 2.240699315223976009e+04 2.240699315223976009e+04 2.240699315223976009e+04 2.240699315223976009e+04 2.240699315223976009e+04
