7.903249111091654316e-03 7.903249111091654316e-03 7.903249111091654316e-03 7.903249111091654316e-03 7.903249111091654316e-03 7.903249111091654316e-03 7.903249111091654316e-03 7.903249111091654316e-03 7.903249111091654316e-03 7.903249111091654316e-03 7.903249111091654316e-03
8.107400773114899206e-03 8.107400773114899206e-03 8.107400773114899206e-03 8.107400773114899206e-03 8.107400773114899206e-03 8.107400773114899206e-03 8.107400773114899206e-03 8.107400773114899206e-03 8.107400773114899206e-03 8.107400773114899206e-03 8.107400773114899206e-03
8.716070982520730814e-03 8.716070982520730814e-03 8.716070982520730814e-03 8.716070982520730814e-03 8.716070982520730814e-03 8.716070982520730814e-03 8.716070982520730814e-03 8.716070982520730814e-03 8.716070982520730814e-03 8.716070982520730814e-03 8.716070982520730814e-03
9.734754932408226993e-03 9.734754932408226993e-03 9.734754932408226993e-03 9.734754932408226993e-03 9.734754932408226993e-03 9.734754932408226993e-03 9.734754932408226993e-03 9.734754932408226993e-03 9.734754932408226993e-03 9.734754932408226993e-03 9.734754932408226993e-03
1.118045115741351722e-02 1.118045115741351722e-02 1.118045115741351722e-02 1.118045115741351722e-02 1.118045115741351722e-02 1.118045115741351722e-02 1.118045115741351722e-02 1.118045115741351722e-02 1.118045115741351722e-02 1.118045115741351722e-02 1.118045115741351722e-02
1.306401303329165695e-02 1.306401303329165695e-02 1.306401303329165695e-02 1.306401303329165695e-02 1.306401303329165695e-02 1.306401303329165695e-02 1.306401303329165695e-02 1.306401303329165695e-02 1.306401303329165695e-02 1.306401303329165695e-02 1.306401303329165695e-02
1.544396287512402911e-02 1.544396287512402911e-02 1.544396287512402911e-02 1.544396287512402911e-02 1.544396287512402911e-02 1.544396287512402911e-02 1.544396287512402911e-02 1.544396287512402911e-02 1.544396287512402911e-02 1.544396287512402911e-02 1.544396287512402911e-02
1.838136166470295471e-02 1.838136166470295471e-02 1.838136166470295471e-02 1.838136166470295471e-02 1.838136166470295471e-02 1.838136166470295471e-02 1.838136166470295471e-02 1.838136166470295471e-02 1.838136166470295471e-02 1.838136166470295471e-02 1.838136166470295471e-02
2.183629924529477059e-02 2.183629924529477059e-02 2.183629924529477059e-02 2.183629924529477059e-02 2.183629924529477059e-02 2.183629924529477059e-02 2.183629924529477059e-02 2.183629924529477059e-02 2.183629924529477059e-02 2.183629924529477059e-02 2.183629924529477059e-02
2.592490983156564566e-02 2.592490983156564566e-02 2.592490983156564566e-02 2.592490983156564566e-02 2.592490983156564566e-02 2.592490983156564566e-02 2.592490983156564566e-02 2.592490983156564566e-02 2.592490983156564566e-02 2.592490983156564566e-02 2.592490983156564566e-02
3.058921351360108579e-02 3.058921351360108579e-02 3.058921351360108579e-02 3.058921351360108579e-02 3.058921351360108579e-02 3.058921351360108579e-02 3.058921351360108579e-02 3.058921351360108579e-02 3.058921351360108579e-02 3.058921351360108579e-02 3.058921351360108579e-02
