-4.833226467530039372e+00 -5.053309460916352691e+00 -5.155275183202320477e+00 -5.221104542702960316e+00 -5.269249644246883690e+00 -5.307090328788035549e+00 -5.338275617312319810e+00 -5.364735422004741849e+00 -5.387667543905990897e+00 -5.407962215413135709e+00 -5.426147854410373839e+00
-4.859799992318585282e+00 -5.081033482827479020e+00 -5.183390966627484886e+00 -5.249462675918039167e+00 -5.297748003617016366e+00 -5.335725978788104840e+00 -5.367014442010258790e+00 -5.393570228883618256e+00 -5.416607681039749878e+00 -5.436948661805217853e+00 -5.455216140082484344e+00
-4.936137758406403009e+00 -5.160627285349619342e+00 -5.264096586171945091e+00 -5.330839331869356101e+00 -5.379546196731098462e+00 -5.417907670896966010e+00 -5.449495547520200489e+00 -5.476302838509582216e+00 -5.499567011647741310e+00 -5.520157432420091936e+00 -5.538643128547846572e+00
-5.053187224555585999e+00 -5.282553349934460130e+00 -5.387676616945100250e+00 -5.455348541949206265e+00 -5.504732224479084834e+00 -5.543670822233252693e+00 -5.575715910505095962e+00 -5.602919896631647134e+00 -5.626561624998430489e+00 -5.647529230784130050e+00 -5.666367998579517007e+00
-5.198891993011784507e+00 -5.433999788270739373e+00 -5.541104618303506868e+00 -5.609820359954028390e+00 -5.660086301428236766e+00 -5.699700937504530884e+00 -5.732321110554039478e+00 -5.760023946349974722e+00 -5.784172142208262812e+00 -5.805625099874305306e+00 -5.824865829388727434e+00
-5.360831526671972824e+00 -5.601896266671246849e+00 -5.711100842519954313e+00 -5.780929677661333699e+00 -5.832161816582811298e+00 -5.872511326870153425e+00 -5.905740445501578506e+00 -5.934065724806714570e+00 -5.958829831077309791e+00 -5.980767429500701837e+00 -6.000396678864490241e+00
-5.528278793419303838e+00 -5.775046036997082410e+00 -5.886279023929091636e+00 -5.957339323504129425e+00 -6.009499449177383212e+00 -6.050576095720316516e+00 -6.084531167176464805e+00 -6.113565929426840739e+00 -6.138874759228201583e+00 -6.161259829928894760e+00 -6.181336798403208377e+00
-5.693107503400824498e+00 -5.945226517687842716e+00 -6.058273667436878895e+00 -6.130558796878176508e+00 -6.183610252046491951e+00 -6.225459798319207039e+00 -6.260186681669438258e+00 -6.289840809444285696e+00 -6.315645194095850457e+00 -6.338521736081020208e+00 -6.359158884573844261e+00
-5.850046562216448365e+00 -6.107041953750012908e+00 -6.221665501845563995e+00 -6.295092048872902524e+00 -6.348964343193074455e+00 -6.391627013264951529e+00 -6.427067512202484068e+00 -6.457242076390684815e+00 -6.483565716789598810e+00 -6.507021945461019641e+00 -6.528193271533382358e+00
-5.996091325847373810e+00 -6.257390842660242924e+00 -6.373380955563334282e+00 -6.447797182026988594e+00 -6.502469159175234381e+00 -6.545956958638271317e+00 -6.581957181806501467e+00 -6.612653517629951239e+00 -6.639578556085325545e+00 -6.663572571727854665e+00 -6.685144127539388137e+00
-6.129876392664300511e+00 -6.394824986382445786e+00 -6.512067084539012285e+00 -6.587330157984979451e+00 -6.642840830190834822e+00 -6.686995397318241885e+00 -6.723514163866639137e+00 -6.754801335620868485e+00 -6.782285128876537783e+00 -6.806684015220525907e+00 -6.828574513565399684e+00
