1.130500099427813296e+02 1.440918907073774733e+02 1.556792115702848207e+02 1.623721732890172404e+02 1.670217785343503465e+02 1.702463517642318607e+02 1.732497530224659101e+02 1.753656525721712285e+02 1.773104767887825517e+02 1.791053840631240632e+02 1.805105772290023367e+02
1.153847187987107077e+02 1.469185750954553953e+02 1.584549627338555240e+02 1.652588419893600076e+02 1.699319037612126522e+02 1.735645672206463814e+02 1.761989410764226136e+02 1.785919100925727037e+02 1.806148422354829961e+02 1.821300381602142693e+02 1.835457937488579887e+02
1.225319709679914695e+02 1.551888816772528230e+02 1.672880969153414981e+02 1.743564938838952969e+02 1.789909753353483950e+02 1.829039875313039261e+02 1.854778378594465380e+02 1.881864281035283852e+02 1.901957548389353292e+02 1.916915351727071197e+02 1.933781612827300194e+02
1.347630314370200040e+02 1.693158641783045653e+02 1.820670825651279756e+02 1.895219655425618157e+02 1.948037865409783649e+02 1.987172994275783822e+02 2.018420210630437737e+02 2.040554971562374647e+02 2.065603420874154779e+02 2.085012977578039965e+02 2.100058860822581437e+02
1.526242619101672631e+02 1.895333861199873695e+02 2.036367455844312246e+02 2.117232713472244541e+02 2.172595864169985589e+02 2.216669076176733313e+02 2.250006713194257486e+02 2.273920530657808854e+02 2.301747554401882212e+02 2.323253865218448482e+02 2.340202311491159719e+02
1.771177349922133146e+02 2.175678096952520377e+02 2.323555324660006818e+02 2.414591524684362867e+02 2.477393348078560678e+02 2.523664863846126423e+02 2.557528597021401140e+02 2.591477843365354943e+02 2.618575527163871470e+02 2.641390694442426934e+02 2.659345806708452074e+02
2.092740002013455580e+02 2.549735537050904952e+02 2.723477586214043527e+02 2.821475400921619325e+02 2.893597728468252512e+02 2.941755450389049997e+02 2.990129480628763758e+02 3.024372052854686217e+02 3.049010525697727303e+02 3.075025260158129754e+02 3.103008269274457120e+02
2.512779030517505987e+02 3.045629153557325708e+02 3.244606371027999216e+02 3.367032508558424979e+02 3.438879152586742975e+02 3.510691879899309242e+02 3.561960852262271828e+02 3.597047924038576525e+02 3.628764831251219789e+02 3.667836302362090919e+02 3.699245770104365647e+02
3.074895835070589669e+02 3.710070043672199063e+02 3.950682293228483104e+02 4.102557080149198896e+02 4.195227043139201442e+02 4.283225573548883176e+02 4.341583735824523274e+02 4.379917294972842114e+02 4.428497354534908368e+02 4.476915140264787851e+02 4.515708171748680115e+02
3.856078692833607420e+02 4.661614442770637652e+02 4.964877799293516318e+02 5.150763935669045850e+02 5.272433823460431768e+02 5.389139356167963797e+02 5.465709725338615499e+02 5.515785787626591627e+02 5.563715694877182614e+02 5.633519869312050332e+02 5.689775109543900271e+02
5.014380696251259337e+02 6.083479616761746911e+02 6.483542864021586638e+02 6.755229808327419505e+02 6.886337786247629538e+02 7.064537756005727260e+02 7.192849628779097202e+02 7.282666236416913534e+02 7.343618177914248690e+02 7.384864017047045763e+02 7.445620616687943993e+02
