8.802169883233952330e-01 8.802169883233952330e-01 8.802169883233952330e-01 8.802169883233952330e-01 8.802169883233952330e-01 8.802169883233952330e-01 8.802169883233952330e-01 8.802169883233952330e-01 8.802169883233952330e-01 8.802169883233952330e-01 8.802169883233952330e-01
9.838018321759851581e-01 9.838018321759851581e-01 9.838018321759851581e-01 9.838018321759851581e-01 9.838018321759851581e-01 9.838018321759851581e-01 9.838018321759851581e-01 9.838018321759851581e-01 9.838018321759851581e-01 9.838018321759851581e-01 9.838018321759851581e-01
1.292258647598210963e+00 1.292258647598210963e+00 1.292258647598210963e+00 1.292258647598210963e+00 1.292258647598210963e+00 1.292258647598210963e+00 1.292258647598210963e+00 1.292258647598210963e+00 1.292258647598210963e+00 1.292258647598210963e+00 1.292258647598210963e+00
1.825911329764172475e+00 1.825911329764172475e+00 1.825911329764172475e+00 1.825911329764172475e+00 1.825911329764172475e+00 1.825911329764172475e+00 1.825911329764172475e+00 1.825911329764172475e+00 1.825911329764172475e+00 1.825911329764172475e+00 1.825911329764172475e+00
2.655621807358858444e+00 2.655621807358858444e+00 2.655621807358858444e+00 2.655621807358858444e+00 2.655621807358858444e+00 2.655621807358858444e+00 2.655621807358858444e+00 2.655621807358858444e+00 2.655621807358858444e+00 2.655621807358858444e+00 2.655621807358858444e+00
3.787255988170270538e+00 3.787255988170270538e+00 3.787255988170270538e+00 3.787255988170270538e+00 3.787255988170270538e+00 3.787255988170270538e+00 3.787255988170270538e+00 3.787255988170270538e+00 3.787255988170270538e+00 3.787255988170270538e+00 3.787255988170270538e+00
5.227929145302217862e+00 5.227929145302217862e+00 5.227929145302217862e+00 5.227929145302217862e+00 5.227929145302217862e+00 5.227929145302217862e+00 5.227929145302217862e+00 5.227929145302217862e+00 5.227929145302217862e+00 5.227929145302217862e+00 5.227929145302217862e+00
7.001067107929699773e+00 7.001067107929699773e+00 7.001067107929699773e+00 7.001067107929699773e+00 7.001067107929699773e+00 7.001067107929699773e+00 7.001067107929699773e+00 7.001067107929699773e+00 7.001067107929699773e+00 7.001067107929699773e+00 7.001067107929699773e+00
9.104871040862235532e+00 9.104871040862235532e+00 9.104871040862235532e+00 9.104871040862235532e+00 9.104871040862235532e+00 9.104871040862235532e+00 9.104871040862235532e+00 9.104871040862235532e+00 9.104871040862235532e+00 9.104871040862235532e+00 9.104871040862235532e+00
1.152803419542590113e+01 1.152803419542590113e+01 1.152803419542590113e+01 1.152803419542590113e+01 1.152803419542590113e+01 1.152803419542590113e+01 1.152803419542590113e+01 1.152803419542590113e+01 1.152803419542590113e+01 1.152803419542590113e+01 1.152803419542590113e+01
1.430459831166412599e+01 1.430459831166412599e+01 1.430459831166412599e+01 1.430459831166412599e+01 1.430459831166412599e+01 1.430459831166412599e+01 1.430459831166412599e+01 1.430459831166412599e+01 1.430459831166412599e+01 1.430459831166412599e+01 1.430459831166412599e+01
