0.000000000000000000e+00 6.331547893350943923e-01 8.824547143194649834e-01 1.042774318302690517e+00 1.163598473893216578e+00 1.259522906155325472e+00 1.340319584349344950e+00 1.410392865946050733e+00 1.471829855319811031e+00 1.526306280073185917e+00 1.575216814693703782e+00
0.000000000000000000e+00 6.287910786122665741e-01 8.801561933832999784e-01 1.043120368183735991e+00 1.165442953788442537e+00 1.262681523647188442e+00 1.345257568154920591e+00 1.416414501312829088e+00 1.478486934862303315e+00 1.533802081008616369e+00 1.583152235969464527e+00
0.000000000000000000e+00 6.216748038386867847e-01 8.782551585427427199e-01 1.047638586413086159e+00 1.173696549587475602e+00 1.276250788981997175e+00 1.362143354224826908e+00 1.435746955256036017e+00 1.499822887497430202e+00 1.556125395018170821e+00 1.606484231979266042e+00
0.000000000000000000e+00 6.146838638705958147e-01 8.807349892304046080e-01 1.056462805328919785e+00 1.189851625607843744e+00 1.297192145495500881e+00 1.386481379900942557e+00 1.462055804462579545e+00 1.527599622851994354e+00 1.585484982602793025e+00 1.637387479779135901e+00
0.000000000000000000e+00 6.148164279657066800e-01 8.918627480015857145e-01 1.075480881667317590e+00 1.214827836476615630e+00 1.325801214024977526e+00 1.416922107444406720e+00 1.494229135554633103e+00 1.561450917008187389e+00 1.620798541869589826e+00 1.675512827103375457e+00
0.000000000000000000e+00 6.217065541532065254e-01 9.067491686437278986e-01 1.098486985105409985e+00 1.241670704835996730e+00 1.354238113995961612e+00 1.447093263039278099e+00 1.525764663074369309e+00 1.595669225280289538e+00 1.659190561767900363e+00 1.716931828425003914e+00
0.000000000000000000e+00 6.302629803103627637e-01 9.233586236405244563e-01 1.119804360136186006e+00 1.264633184044214431e+00 1.378711556553753326e+00 1.472626669048622716e+00 1.555059228940081084e+00 1.628587694933230523e+00 1.694348773769888794e+00 1.753502493957057595e+00
0.000000000000000000e+00 6.379866282877628691e-01 9.380716719024349004e-01 1.137106029014830710e+00 1.282967241004371317e+00 1.397999853961664485e+00 1.495499802094855113e+00 1.581057013125246158e+00 1.656359623571916018e+00 1.723329383257805603e+00 1.783810786731919507e+00
0.000000000000000000e+00 6.437082535958325025e-01 9.497310752230987418e-01 1.149932011703640455e+00 1.296785191676463000e+00 1.413875365677085938e+00 1.514750456848560134e+00 1.601950331027182983e+00 1.678234425646223826e+00 1.746465781528968364e+00 1.808099931964534335e+00
0.000000000000000000e+00 6.493526313715847209e-01 9.593265825060370844e-01 1.159921150723675964e+00 1.307275214407127351e+00 1.428111366811208427e+00 1.530690642393892631e+00 1.618795337082701735e+00 1.696237863845453830e+00 1.765420382675074507e+00 1.827908510884299176e+00
0.000000000000000000e+00 6.548529291176237166e-01 9.667894195590633899e-01 1.167839074005314615e+00 1.316693181346636266e+00 1.440107685386465164e+00 1.543721341549826320e+00 1.632727131993306102e+00 1.711087604697240749e+00 1.781023483341414249e+00 1.844005832837865455e+00
