-8.190088341874798061e+00 -8.190088341874798061e+00 -8.190088341874798061e+00 -8.190088341874798061e+00 -8.190088341874798061e+00 -8.190088341874798061e+00 -8.190088341874798061e+00 -8.190088341874798061e+00 -8.190088341874798061e+00 -8.190088341874798061e+00 -8.190088341874798061e+00
-8.357829065815167269e+00 -8.357829065815167269e+00 -8.357829065815167269e+00 -8.357829065815167269e+00 -8.357829065815167269e+00 -8.357829065815167269e+00 -8.357829065815167269e+00 -8.357829065815167269e+00 -8.357829065815167269e+00 -8.357829065815167269e+00 -8.357829065815167269e+00
-8.779168336281145457e+00 -8.779168336281145457e+00 -8.779168336281145457e+00 -8.779168336281145457e+00 -8.779168336281145457e+00 -8.779168336281145457e+00 -8.779168336281145457e+00 -8.779168336281145457e+00 -8.779168336281145457e+00 -8.779168336281145457e+00 -8.779168336281145457e+00
-9.298088347659358988e+00 -9.298088347659358988e+00 -9.298088347659358988e+00 -9.298088347659358988e+00 -9.298088347659358988e+00 -9.298088347659358988e+00 -9.298088347659358988e+00 -9.298088347659358988e+00 -9.298088347659358988e+00 -9.298088347659358988e+00 -9.298088347659358988e+00
-9.790862163870770019e+00 -9.790862163870770019e+00 -9.790862163870770019e+00 -9.790862163870770019e+00 -9.790862163870770019e+00 -9.790862163870770019e+00 -9.790862163870770019e+00 -9.790862163870770019e+00 -9.790862163870770019e+00 -9.790862163870770019e+00 -9.790862163870770019e+00
-1.020940779678130639e+01 -1.020940779678130639e+01 -1.020940779678130639e+01 -1.020940779678130639e+01 -1.020940779678130639e+01 -1.020940779678130639e+01 -1.020940779678130639e+01 -1.020940779678130639e+01 -1.020940779678130639e+01 -1.020940779678130639e+01 -1.020940779678130639e+01
-1.054870506601582747e+01 -1.054870506601582747e+01 -1.054870506601582747e+01 -1.054870506601582747e+01 -1.054870506601582747e+01 -1.054870506601582747e+01 -1.054870506601582747e+01 -1.054870506601582747e+01 -1.054870506601582747e+01 -1.054870506601582747e+01 -1.054870506601582747e+01
-1.081925823245546781e+01 -1.081925823245546781e+01 -1.081925823245546781e+01 -1.081925823245546781e+01 -1.081925823245546781e+01 -1.081925823245546781e+01 -1.081925823245546781e+01 -1.081925823245546781e+01 -1.081925823245546781e+01 -1.081925823245546781e+01 -1.081925823245546781e+01
-1.103525612941666623e+01 -1.103525612941666623e+01 -1.103525612941666623e+01 -1.103525612941666623e+01 -1.103525612941666623e+01 -1.103525612941666623e+01 -1.103525612941666623e+01 -1.103525612941666623e+01 -1.103525612941666623e+01 -1.103525612941666623e+01 -1.103525612941666623e+01
-1.120827313457266428e+01 -1.120827313457266428e+01 -1.120827313457266428e+01 -1.120827313457266428e+01 -1.120827313457266428e+01 -1.120827313457266428e+01 -1.120827313457266428e+01 -1.120827313457266428e+01 -1.120827313457266428e+01 -1.120827313457266428e+01 -1.120827313457266428e+01
-1.134824755623412784e+01 -1.134824755623412784e+01 -1.134824755623412784e+01 -1.134824755623412784e+01 -1.134824755623412784e+01 -1.134824755623412784e+01 -1.134824755623412784e+01 -1.134824755623412784e+01 -1.134824755623412784e+01 -1.134824755623412784e+01 -1.134824755623412784e+01
