2.452610893056963050e+03 2.452610893056963050e+03 2.452610893056963050e+03 2.452610893056963050e+03 2.452610893056963050e+03 2.452610893056963050e+03 2.452610893056963050e+03 2.452610893056963050e+03 2.452610893056963050e+03 2.452610893056963050e+03 2.452610893056963050e+03
2.569023760135539760e+03 2.569023760135539760e+03 2.569023760135539760e+03 2.569023760135539760e+03 2.569023760135539760e+03 2.569023760135539760e+03 2.569023760135539760e+03 2.569023760135539760e+03 2.569023760135539760e+03 2.569023760135539760e+03 2.569023760135539760e+03
2.900544439377520121e+03 2.900544439377520121e+03 2.900544439377520121e+03 2.900544439377520121e+03 2.900544439377520121e+03 2.900544439377520121e+03 2.900544439377520121e+03 2.900544439377520121e+03 2.900544439377520121e+03 2.900544439377520121e+03 2.900544439377520121e+03
3.419200773182370085e+03 3.419200773182370085e+03 3.419200773182370085e+03 3.419200773182370085e+03 3.419200773182370085e+03 3.419200773182370085e+03 3.419200773182370085e+03 3.419200773182370085e+03 3.419200773182370085e+03 3.419200773182370085e+03 3.419200773182370085e+03
4.096741687771770557e+03 4.096741687771770557e+03 4.096741687771770557e+03 4.096741687771770557e+03 4.096741687771770557e+03 4.096741687771770557e+03 4.096741687771770557e+03 4.096741687771770557e+03 4.096741687771770557e+03 4.096741687771770557e+03 4.096741687771770557e+03
4.922900201062396263e+03 4.922900201062396263e+03 4.922900201062396263e+03 4.922900201062396263e+03 4.922900201062396263e+03 4.922900201062396263e+03 4.922900201062396263e+03 4.922900201062396263e+03 4.922900201062396263e+03 4.922900201062396263e+03 4.922900201062396263e+03
5.894435316281575979e+03 5.894435316281575979e+03 5.894435316281575979e+03 5.894435316281575979e+03 5.894435316281575979e+03 5.894435316281575979e+03 5.894435316281575979e+03 5.894435316281575979e+03 5.894435316281575979e+03 5.894435316281575979e+03 5.894435316281575979e+03
7.010201827137781947e+03 7.010201827137781947e+03 7.010201827137781947e+03 7.010201827137781947e+03 7.010201827137781947e+03 7.010201827137781947e+03 7.010201827137781947e+03 7.010201827137781947e+03 7.010201827137781947e+03 7.010201827137781947e+03 7.010201827137781947e+03
8.270011706981604220e+03 8.270011706981604220e+03 8.270011706981604220e+03 8.270011706981604220e+03 8.270011706981604220e+03 8.270011706981604220e+03 8.270011706981604220e+03 8.270011706981604220e+03 8.270011706981604220e+03 8.270011706981604220e+03 8.270011706981604220e+03
9.673746160496584707e+03 9.673746160496584707e+03 9.673746160496584707e+03 9.673746160496584707e+03 9.673746160496584707e+03 9.673746160496584707e+03 9.673746160496584707e+03 9.673746160496584707e+03 9.673746160496584707e+03 9.673746160496584707e+03 9.673746160496584707e+03
1.121693180840836612e+04 1.121693180840836612e+04 1.121693180840836612e+04 1.121693180840836612e+04 1.121693180840836612e+04 1.121693180840836612e+04 1.121693180840836612e+04 1.121693180840836612e+04 1.121693180840836612e+04 1.121693180840836612e+04 1.121693180840836612e+04
