2.990226243492576153e+00
3.443515035549816083e+00
2.880920145060709370e+00
3.230971978576818948e+00
3.418299840106842513e+00
3.574241719254876326e+00
2.942931922250932253e+00
3.276860114594650764e+00
3.575945350713794380e+00
3.486857263627462178e+00
3.404722727163226548e+00
2.372541233661768167e+00
3.037789172461466070e+00
2.937094308388752406e+00
2.653842584816296313e+00
3.491345011486345129e+00
1.895575274437365509e+00
3.499519467939696593e+00
3.402481867551183647e+00
3.373370117891502318e+00
3.307487824983603719e+00
2.110694149662585062e+00
3.080717203735547027e+00
3.334480497184007852e+00
3.445568693848690245e+00
2.711582295466791415e+00
2.850494625766653467e+00
2.534615920918944276e+00
3.412678363866579190e+00
2.003253079975684248e+00
3.357421065745079591e+00
2.864553191838949520e+00
3.319379452640715655e+00
2.574236636554060986e+00
3.669125379182621938e+00
2.206011461768046189e+00
2.074298183747433466e+00
1.910676747381429230e+00
3.388972665257243388e+00
2.538033258703039863e+00
3.078131328471807038e+00
1.899417445766627077e+00
1.280494014330907593e+00
1.732167223628903852e+00
3.497456387038638592e+00
3.455316170314810087e+00
3.407476923903255628e+00
3.489665471832525512e+00
3.174304525047110026e+00
2.586152977543537901e+00
3.332469254799348413e+00
2.557943905492340519e+00
3.524284128854118237e+00
2.655672002356013639e+00
2.331965479416682197e+00
3.288161372647291802e+00
2.436410671191133304e+00
2.692922971748621830e+00
2.699037158709836515e+00
3.445250634839448711e+00
2.255094520783207823e+00
1.993267329604453852e+00
3.163610263481709595e+00
3.026565048029869143e+00
3.344722499152136042e+00
3.667582834176434492e+00
3.201625171594317809e+00
2.899094508814338944e+00
3.180490087257128451e+00
2.962752780978366474e+00
3.423021057452911187e+00
3.250262630384522122e+00
3.513137915654896748e+00
2.381740793342867146e+00
3.415276335077721992e+00
3.461337573513346033e+00
2.510122950190640800e+00
3.281197503414984062e+00
3.624773724273386843e+00
2.554921408466715338e+00
2.674889344877453556e+00
1.605807453441793431e+00
3.840676788973345968e+00
3.127321541571559393e+00
2.622690440788151722e+00
3.627954779776237260e+00
2.189425523325289280e+00
3.139131133478026303e+00
2.671084493167224405e+00
2.482990188021062750e+00
2.359567647562789805e+00
3.390398462610432428e+00
3.175770989246001985e+00
2.488829307273340952e+00
3.319878617276961652e+00
3.214259447254307123e+00
2.935745904657181438e+00
2.572240616434319449e+00
3.031208743945003725e+00
1.976266459768670769e+00
1.410705605737386348e+00
3.333468755659940719e+00
3.547917489829776727e+00
7.730650115814954759e+00
2.197219217683607617e+00
3.472211289012928415e+00
2.293415779615090244e+00
3.491454931608161338e+00
3.018872008917777183e+00
1.780638752349216647e+00
3.246453714830933368e+00
6.743761488448287267e+00
2.981836938180459029e+00
3.413759144378388566e+00
2.974242355771232305e+00
2.850867213160129143e+00
2.955427959302536767e+00
2.880284264618155898e+00
2.248589175104406923e+00
3.501979198800421411e+00
1.457932354342601045e+00
1.679094546269379817e+00
7.026121763090121597e+00
2.756047732245973769e+00
7.207113488465593854e+00
2.632656292865802161e+00
3.441811954122869999e+00
2.188478336784597911e+00
2.708234794176686666e+00
2.370667121093775975e+00
2.169271650643193272e+00
2.844808905148282108e+00
2.365372203762794445e+00
2.048303668363546937e+00
2.649362379895980002e+00
2.941883397946670975e+00
3.661068894584591060e+00
1.054135362602336423e+00
2.399919904163529960e+00
3.433986161638147294e+00
2.373920359865719476e+00
3.307930571098223638e+00
3.518088444636611634e+00
3.313240587131865311e+00
3.116788055025462079e+00
2.383779607938128375e+00
3.272348381578326304e+00
3.092622099452586593e+00
3.417430454191933809e+00
3.014322925128664732e+00
1.618289522161962202e+00
2.276842640824856101e+00
2.871908432229949959e+00
3.083236298076516668e+00
3.588946037700921021e+00
3.084605295093995281e+00
3.459399936725350511e+00
1.853734655836184908e+00
3.407858493538948874e+00
2.692641444738569145e+00
2.971474512389949307e+00
1.869514931029645943e+00
1.656072174024899812e+00
6.776461008940229291e+00
1.845422885902110233e+00
3.447449367227354511e+00
2.858283611997082918e+00
3.316169394777046975e+00
3.332391187439525115e+00
2.400335968471595027e+00
1.690975641968132992e+00
3.401178487230163583e+00
3.578001132636500436e+00
3.376145591666876555e+00
2.465894603199791923e+00
3.400511442393644668e+00
3.110979228646076677e+00
1.623523208572914767e+00
2.987477477323872144e+00
2.088812812145799391e+00
2.263039448267080367e+00
3.552990015731235296e+00
2.141003161739988503e+00
2.426542346054250121e+00
3.461998407235902686e+00
3.345096688955965458e+00
1.942291083402190921e+00
6.948252131665535458e+00
2.762001816588808278e+00
2.928830167668883711e+00
2.047680640144493136e+00
1.787504967766217590e+00
3.458079822615696575e+00
3.499642122910002762e+00
3.027689617318088722e+00
2.603193965563061152e+00
2.982742113906893255e+00
3.103576015542651056e+00
1.694715129105808682e+00
1.671237409546338482e+00
