-3.458724395212448144e+01
-2.300863698655448388e+02
-3.141420316382755118e+01
-2.613430193637213961e+01
1.900537807228829479e+01
5.190383647723319882e+01
-2.126984839844226371e+01
-5.412397489644899906e+01
-1.359567358457952650e+02
-1.378941664792309894e+02
-1.679475672144526470e+02
-1.193583579319238197e+01
-4.103558198319115036e+01
-6.675724024706141790e+00
-6.333628147182025714e+00
-7.330355072006022965e+01
-1.019353227919091296e+02
5.164670941594522446e-01
-6.348236260238081741e+01
-2.486626452493383113e+02
-1.506126336066354270e+02
-1.246473096896443167e+01
2.686489730294124456e+01
-1.260102999263781385e+02
-2.060753354967491759e+02
-3.584347374211938586e+01
-4.825520806089843973e+01
-2.164707925605216587e+01
-4.016583526849899499e+01
-1.089852495209561312e+01
-5.350431225628562970e+01
-6.901753129318421998e+01
-1.098533904952309967e+02
-1.295042792611639015e+01
1.928879509678763498e+02
-1.093565201929231989e+01
-1.037105093892751029e+01
-2.806548662541717931e+01
-1.155136919785563805e+02
-3.340638949859203422e+01
-2.247391169253387488e+01
-1.123083829041024728e+01
-6.892263665297014086e+02
-2.961350612877431558e+02
-2.969800915663108754e+01
-1.261977606593463861e+02
-8.128760532549131312e+01
-1.217329112436636933e+02
-3.653067555108646047e+01
-1.982408379770458851e+01
-1.610957216043116205e+02
-3.875192091769349645e+01
-2.340424771426714869e+02
-1.202378788609166804e+01
-1.577170682839278015e+01
1.059588785886080586e+01
-1.055764364279275469e+01
-1.801713176729754196e+01
-2.875942015633154369e+01
-2.234366726240295975e+02
-1.126107803712875466e+01
-1.115647679944413539e+01
-1.135598370696970960e+01
1.336072237936605234e+01
-1.862473380380579329e+02
3.640239173248046427e+02
1.532808884600308375e+01
-3.734101925190043403e+01
-4.015841472504871490e+01
-2.528774296669689647e+01
-1.591080805379388039e+02
-1.447471506073634373e+01
6.324696468053389253e+01
-1.655403344151636702e+01
-2.254065301247628668e+02
-8.086471395321132150e+01
6.844378093197519775e+00
-4.171828449376334902e+00
-4.594138401334203081e+01
-2.391126954107130587e+01
-4.508320366065163398e+00
-4.314752252938833408e+02
4.256479165150540211e+02
-3.255896478428803675e+01
-2.968382091634703102e+01
2.597565829681088871e+02
-1.457870760461446480e+01
-3.517782997301765135e+01
1.786721132159073022e+00
-1.744629485245241085e+01
-1.868061528686666861e+01
-1.938688004406521941e+02
-1.557396235314263322e+01
-2.126342429561191238e+00
-1.667381774319128453e+02
-5.731845166588755092e+01
-1.275336594842156046e+01
-9.966325185134337517e+00
-4.582334288144738821e+01
-1.488382982374878338e+02
-6.263713685199927568e+02
-1.897442335280047701e+02
1.341837812958874565e+01
4.565554108421774799e+02
-1.253392358722339850e+01
-1.797857289949643018e+02
-1.419508353723358596e+01
-1.185109459364430222e+02
-3.297259818685415667e+01
-2.507512873191644758e+02
-3.027372540981923521e+01
4.565356564276853533e+02
-1.324444743295316584e-02
-1.407421958412487584e+01
-9.046399133078011801e+01
-2.647219214071992610e+01
-1.094459901540358260e+01
-1.471713560562420753e+00
-7.633663181763040484e+00
-8.449673655456717825e+01
-4.023938331202953123e+02
-3.858402619395274087e+02
4.565124674967946703e+02
-4.554940320887726557e+01
4.565838346269429167e+02
-4.017926216216437751e+01
-1.912332334585062199e+02
-9.811797998898327933e+00
-1.688449553077589371e+01
-1.691500566170361708e+01
-1.164711473846364242e+01
-5.959846621351425711e+01
-1.176839916317112511e+01
-1.313470969097943453e+01
-2.419629113761948247e+01
-2.540798022455419414e+00
-9.318702330609994533e+01
-1.098879781620440554e+03
-3.890611840255587595e+00
-3.134410687859963218e+01
-8.549224904176298878e+00
-2.795815417252924817e+01
1.081092057478117567e+02
-4.041783473073519417e+01
-6.130050055493120453e+01
-1.212739073432385339e+01
-2.421540559552886407e+01
-1.682125775657186750e+01
-6.522241476894305379e+01
-5.319592262928199489e+01
-4.930404711842784309e+02
-1.488776001796941273e+01
-3.419038316922342347e+01
-1.772580212791217491e+01
-3.379386162176888320e+01
-6.387150392640614882e+01
-6.238774449185621052e+01
-2.359957743821505574e+02
-5.277002531947800890e-01
-1.820890472161408979e+00
-2.547005799445651064e+01
-1.088215202090759703e+01
-5.227797513104651443e+02
4.565796995642822367e+02
-1.913316203834019689e+02
8.565137729467278405e+01
-3.246306707707299211e+01
-2.846826042295833759e+01
-5.673247644773437059e+01
-1.218316100723131967e+01
-3.007608115404618729e+02
-7.372452237007928488e+01
7.149906772093436302e+01
-9.456489809980121208e+01
-2.135911459901944909e+01
-1.828210399809740920e+02
-4.299751499289050116e+01
-3.479089254734390124e+02
-2.468227510347060161e+01
-1.199402635143815132e+01
-8.994840442963322857e+00
-9.781012619005196029e+01
-8.175689744621195132e+00
-2.099088940182264196e+01
-2.471972684391766961e+01
-9.361014223304664483e-01
-1.079299345519139024e+02
4.565575554776969511e+02
-3.226887770527537214e+01
5.116727541428190307e+00
-1.302561041798799124e+01
-2.874618958938808646e+02
-3.978129220962546242e+01
3.902564510675802012e+00
-1.870560872794339957e+01
-2.543923656370861863e+01
-2.804264842125849100e+01
-3.065555117898475146e+01
-3.321287763131622341e+02
-4.120842064440603281e+02
