3.624344761229787082e+02
4.405355760144285000e+02
3.564076595402650014e+02
3.680859703518727883e+02
4.833102860781860386e+02
3.935026606846992649e+02
3.613614038191513487e+02
3.757786745290366071e+02
4.254012679433766380e+02
4.262221467636047123e+02
4.860481567281838124e+02
3.347172277257238306e+02
3.686974443749988382e+02
3.586465806988710483e+02
3.486025461830641348e+02
3.997554574274568608e+02
3.079991705384189231e+02
3.824142857473572690e+02
3.832126608193147490e+02
4.784595138934672036e+02
4.640026851359791635e+02
3.211538698092610957e+02
3.654445720776499797e+02
4.614363143247450125e+02
4.564724524752523394e+02
3.555650476648168024e+02
3.608412411624800029e+02
3.450751835400906771e+02
4.788952583148358144e+02
3.132603947723823126e+02
3.798504809900423993e+02
3.586688867675580354e+02
3.850721696207927494e+02
3.459291957029064406e+02
4.969011083552417745e+02
3.272235188590635744e+02
3.231840451573141308e+02
3.055438598742744603e+02
4.474262917847295284e+02
3.451545711564217527e+02
3.617614674272076627e+02
3.119902608531925807e+02
2.621434479143186422e+02
3.064349270475753428e+02
4.862372849850925149e+02
4.493369652788275630e+02
3.859933017668129764e+02
4.878471285152463111e+02
3.671476544901258876e+02
3.479024878616189653e+02
4.458762317182354309e+02
3.386455229770166397e+02
4.516205898179852625e+02
3.456377239383778033e+02
3.347289974142133815e+02
3.766949244209476433e+02
3.448007005461406038e+02
3.477200461093912054e+02
3.546596875640402686e+02
4.058541402072465871e+02
3.314125009320341633e+02
3.139616930762908851e+02
3.705066752721794501e+02
3.631223930970182892e+02
4.831202033333972281e+02
5.080513681892621776e+02
3.709417876365625375e+02
3.572327047774603557e+02
3.718152018209409562e+02
3.675595830377375819e+02
4.824758492539375538e+02
3.724037790719614236e+02
4.887886169903923701e+02
3.390698640208685219e+02
4.402584844620600393e+02
4.323867012214228680e+02
3.453297278725822252e+02
3.699473084315289952e+02
4.305343538759687476e+02
3.479970943910666392e+02
3.508085271911622840e+02
2.930708604141436808e+02
4.924312847436223137e+02
3.683688990008120072e+02
3.433687195780014463e+02
4.838723887983314853e+02
3.304235459142179252e+02
3.720715090620951173e+02
3.501992738865385490e+02
3.393872653292158361e+02
3.316919678516809427e+02
4.647452376351316730e+02
3.723150858085892310e+02
3.373286907509953494e+02
4.446914246775422157e+02
3.706785125956002389e+02
3.613787970476049622e+02
3.423885034142014661e+02
3.651609420384847340e+02
3.160058000539909813e+02
2.805013085495307905e+02
4.219453077989427356e+02
3.876147355171950721e+02
4.950165808582827935e+02
3.278841695748049005e+02
4.361481406155340892e+02
3.361003494730599641e+02
4.229603464392585579e+02
3.628097601002824604e+02
3.026667071920281273e+02
3.670868823261313310e+02
5.016829961790222683e+02
3.666680652221381251e+02
3.790700232676379073e+02
3.604538858353041633e+02
3.559015175786222471e+02
3.592167706840972414e+02
3.542579116834725141e+02
3.282153688488496641e+02
3.867345508984612934e+02
2.841936088355768106e+02
2.917419267502452271e+02
5.002052193662645436e+02
3.555905083939376823e+02
4.968575751753868417e+02
3.587010371729339795e+02
4.515310167805938022e+02
3.255763397476540035e+02
3.484521601107292668e+02
3.356887180622013602e+02
3.303523342117468928e+02
3.591080713298373439e+02
3.332758865090916629e+02
3.243200912247696692e+02
3.514017176138964373e+02
3.604312928359470902e+02
4.112220385677182435e+02
2.475949888139769541e+02
3.361658814376620512e+02
4.806833212259622314e+02
3.297612566726843397e+02
3.694044931290114846e+02
4.861822457026819961e+02
3.895419026052974800e+02
3.650391250446634217e+02
3.432158022225630702e+02
3.769292820188894666e+02
3.721153258365240504e+02
3.957383660163689569e+02
3.620474119482073547e+02
2.922354131418262000e+02
3.334963881656592548e+02
3.620557025290430602e+02
3.653344574139476890e+02
4.232418334862225038e+02
3.679930258149850033e+02
4.158634839610058407e+02
3.082183598956748369e+02
4.848661240306986429e+02
3.484896464326750447e+02
3.629546355412733192e+02
3.118692068540464106e+02
2.938410441292220980e+02
5.010579244458989479e+02
3.063174378222302039e+02
4.887779810235944069e+02
3.501659331098633174e+02
3.767927759400520245e+02
3.773313302872835493e+02
3.368394673102085903e+02
2.934358090493304303e+02
3.911209444003369526e+02
4.841769975520723506e+02
4.845026928349315654e+02
3.431140797451220692e+02
4.512550259576821077e+02
3.587112706971538501e+02
2.934628026647193906e+02
3.658391562117863032e+02
3.211690976345167314e+02
3.325825699853160700e+02
4.130942914480848458e+02
3.246346941040478100e+02
3.365518182704303740e+02
4.369138426991723918e+02
3.737499734726121687e+02
3.231559347584358193e+02
5.059107932528735887e+02
3.518261211737951157e+02
3.603149611551670546e+02
3.182874558936159133e+02
3.055417107368832603e+02
4.928159588305675243e+02
3.825073360138680982e+02
3.615602400824016058e+02
3.516224645390350929e+02
3.590390114129552899e+02
3.713568985388096166e+02
2.923445656436882700e+02
2.984778247403871205e+02
