3.036542760328575241e+01
2.905987140914385236e+01
3.045777546837598493e+01
3.069227899638826784e+01
3.176453691002370761e+01
3.256087236413895880e+01
3.117832613635619055e+01
3.084859726003924152e+01
2.974345595951217547e+01
2.972286695534512546e+01
2.997296143140647473e+01
3.036712928290580749e+01
3.065164725768227072e+01
3.065520614571141778e+01
3.080673403583296022e+01
3.082569505979336100e+01
3.058685930150022614e+01
3.157434932178966847e+01
3.061243440533871762e+01
2.921010365897109295e+01
3.032166831442646071e+01
3.054722484225476364e+01
3.139003556093848601e+01
3.049760353863803175e+01
2.929773068275062542e+01
3.040108922558101767e+01
3.033864350901058060e+01
3.064185643717519270e+01
3.109416411948222958e+01
3.119095800067952950e+01
3.065930032745200151e+01
3.029772330256764690e+01
3.016357690483164333e+01
3.020751023649609124e+01
3.424296443024104519e+01
3.065918531035640626e+01
3.093013406331556325e+01
3.241762406023826770e+01
3.093363092880554177e+01
2.997124151057960262e+01
3.071648772459138854e+01
3.103538730318814487e+01
2.579656604345382220e+01
2.890502637785448314e+01
3.119733669568722689e+01
3.044606031596504181e+01
3.021720197734248359e+01
3.036219215832261398e+01
3.049827572366939421e+01
3.022616995454336575e+01
2.963414068836027582e+01
3.050867829218987026e+01
2.963734595051846554e+01
3.078155295670148917e+01
3.062941537463848363e+01
3.150035549008771341e+01
3.029653308701199421e+01
3.039592418824395281e+01
3.034251109466822527e+01
2.904505587000403466e+01
3.101577497359903646e+01
3.139383847088538460e+01
3.098576778486221883e+01
3.107899175384591217e+01
2.971407385584461736e+01
4.332027249560997006e+01
3.137655143288338877e+01
3.056107064821844688e+01
3.061171744352759561e+01
3.091909594718617882e+01
3.005764938410720788e+01
3.136216405438244692e+01
3.247623089178250666e+01
3.030114717778360500e+01
2.946919084778528486e+01
3.097231082061443885e+01
3.085190098464954644e+01
3.090886599776877119e+01
3.093775716954405652e+01
3.010031603451898263e+01
3.071750047641944548e+01
2.751819052855535119e+01
9.626382659267801500e+01
3.033996731320075924e+01
3.068323341365157830e+01
3.594976187542033585e+01
3.043163166988051671e+01
3.056146029261708463e+01
3.050603203774517169e+01
3.039017652685015491e+01
3.058754462577144295e+01
2.991824731668202730e+01
3.085014317846344056e+01
3.066530930099997931e+01
2.994031406116391736e+01
3.071751698402022157e+01
3.117556358134606853e+01
3.035548908894725173e+01
3.016854376699211571e+01
3.057866247893980471e+01
2.644064148731195019e+01
3.001973358315535734e+01
3.173068359733770194e+01
7.236033440897948822e+03
3.040838127438928495e+01
3.003699389246958162e+01
3.061629144584185269e+01
3.018630673359984939e+01
3.072068672969635372e+01
2.939586731885810877e+01
3.058112020478529303e+01
7.231507610430928253e+03
3.089696657182503259e+01
3.082408014176235156e+01
3.009408045258351194e+01
3.054264588062142138e+01
3.084393180552524427e+01
3.071197638100147742e+01
3.038138199791865190e+01
3.015151909835640254e+01
2.836859438153896917e+01
2.806588619188823941e+01
7.232077131308274147e+03
3.033336386844803201e+01
7.234069307980866142e+03
3.041950844004259125e+01
2.984325477869333554e+01
3.049061834697567974e+01
3.031047800085525523e+01
3.020370423881558963e+01
3.120110454239420505e+01
3.032195524867893255e+01
3.062215464885230176e+01
3.075976769497083296e+01
3.005829742184232600e+01
3.062523964517458808e+01
3.041805352993924316e+01
2.152272156981462103e+01
3.065050077362684533e+01
3.118460008903093694e+01
3.085621070301385771e+01
3.102562064640278550e+01
3.307983917825731623e+01
3.123961055413201393e+01
3.054554106616888021e+01
3.051278332429410511e+01
3.125870859699898574e+01
3.094517746895326127e+01
3.026346726815427246e+01
3.036896589183015749e+01
2.712599218994182593e+01
3.086002538980392274e+01
3.042950789127371536e+01
3.057697524456125393e+01
3.104158572959113371e+01
3.095331768930373073e+01
3.060356409906307817e+01
2.954307983109629276e+01
3.172594831118294678e+01
3.067684967959394271e+01
3.046539937826037203e+01
3.140205430045261892e+01
2.700085420026334759e+01
7.233609435704428506e+03
2.971188485739094176e+01
3.298941989219292736e+01
3.072582482545840321e+01
3.081264218785509001e+01
3.092543239186306891e+01
3.043522341772768414e+01
2.919166425060302572e+01
3.109026477868337679e+01
3.263894811836144072e+01
3.064849210592456075e+01
3.035438691327999550e+01
2.981300911310700030e+01
3.091690672101140080e+01
2.846271281342887960e+01
3.041906857293542998e+01
3.102748454237280384e+01
3.091154868229114072e+01
3.045507305542741960e+01
3.065315171016845852e+01
3.046926622949195007e+01
3.158703739830798440e+01
3.144013670438835106e+01
3.084180002815446642e+01
7.224371899195608421e+03
3.036495642553200014e+01
3.093583275464516191e+01
3.122518788928391587e+01
2.896769115176539344e+01
3.147641343404120562e+01
3.129581651954231347e+01
3.090763156166667613e+01
3.024762731645296299e+01
3.064114943534150370e+01
3.063120117462494818e+01
2.874151775451173307e+01
2.810718343036114675e+01
