3.624576565835662336e+02
4.405421006276079652e+02
3.564284937374947049e+02
3.681085236863100363e+02
4.833289673653988530e+02
3.935093723117209379e+02
3.613722638373462246e+02
3.757976463092427934e+02
4.254167604708883914e+02
4.262352141526454830e+02
4.860561313417767906e+02
3.347288452508529417e+02
3.687282760633088969e+02
3.586620374400579863e+02
3.486205933884590991e+02
3.997630146827796693e+02
3.080076374788271210e+02
3.824179832353830761e+02
3.832243443655272017e+02
4.784744633370977454e+02
4.640098928957406201e+02
3.211622948434538785e+02
3.654550564685761174e+02
4.614588552484577804e+02
4.564787395111546857e+02
3.556636029362850877e+02
3.608552830576077781e+02
3.450863582697552943e+02
4.789138941964453693e+02
3.132770154724340728e+02
3.798714372606418692e+02
3.586913385877700762e+02
3.850902627799789002e+02
3.459657549805035046e+02
4.969234369895708028e+02
3.272496711340068600e+02
3.231911738036349675e+02
3.055529518786558469e+02
4.474307157755335993e+02
3.451634185862976096e+02
3.617928965468749993e+02
3.120089176411442509e+02
2.621475921073909490e+02
3.066423991321652238e+02
4.862481593643568090e+02
4.493433766874633193e+02
3.860391519528929507e+02
4.878538095188819170e+02
3.671750414756987198e+02
3.479120997523685332e+02
4.458817712998796310e+02
3.386594205695913047e+02
4.516365239144762427e+02
3.456826924209523213e+02
3.347397344146806404e+02
3.767277833736113735e+02
3.448091640302366727e+02
3.477464893697633670e+02
3.546703106711786404e+02
4.058661007987391258e+02
3.314329917422834342e+02
3.139722689864811969e+02
3.705656011707577591e+02
3.631649169387811185e+02
4.831269933752494126e+02
5.080754680439653725e+02
3.709520779918296967e+02
3.572431374766977683e+02
3.718545137849148432e+02
3.675751332324125542e+02
4.824816682544182527e+02
3.724459525770582218e+02
4.888057887729617050e+02
3.390894952565916469e+02
4.402641559921335102e+02
4.323925348923649494e+02
3.453762252971983457e+02
3.699585833599105058e+02
4.305483126603800770e+02
3.480075741951050645e+02
3.508387096446989517e+02
2.930818282265375387e+02
4.924505262993122301e+02
3.684297909463105611e+02
3.433983099462855648e+02
4.838801367601198535e+02
3.305403809065058454e+02
3.721110611690942847e+02
3.502169125864587045e+02
3.394030598927129745e+02
3.317033782755862603e+02
4.647511916421713067e+02
3.723382251044841382e+02
3.373407220771451875e+02
4.447052707712851429e+02
3.706955339211357341e+02
3.614103503517003446e+02
3.424158000364090526e+02
3.651755348557070420e+02
3.160338979363889962e+02
2.805967650209542512e+02
4.219583809303406952e+02
3.876185566686541506e+02
4.950229477067335893e+02
3.279028200230467860e+02
4.361560824592766039e+02
3.363343038706394736e+02
4.229757240658825026e+02
3.628190162684213078e+02
3.026736832525309069e+02
3.671048750641095353e+02
5.016963850351345968e+02
3.666785531682705255e+02
3.790835796775351128e+02
3.604664919330379576e+02
3.559178924676793940e+02
3.592264267839476020e+02
3.542994708083949149e+02
3.282406351706326291e+02
3.867742728580660128e+02
2.844734002710978302e+02
2.917523398619577506e+02
5.002139200245470079e+02
3.556034844974843736e+02
4.968688677221288117e+02
3.590961803187159376e+02
4.515377547702207721e+02
3.255857210394426602e+02
3.484681044647480235e+02
3.357043002896278381e+02
3.303728684472397390e+02
3.591184246965803482e+02
3.332868167739858336e+02
3.243259222669538531e+02
3.514111511047157137e+02
3.604471991934571520e+02
4.112358168457855072e+02
2.476041068724993295e+02
3.361754405635560374e+02
4.806914693859026215e+02
3.297771582015584499e+02
3.694164970573449978e+02
4.861968547392147570e+02
3.895553342075513683e+02
3.650527327680509302e+02
3.432411707739679514e+02
3.769500577435827040e+02
3.721813357754523963e+02
3.957429597640940528e+02
3.620765125496309906e+02
2.922660277324874301e+02
3.335067854404604191e+02
3.622646760892894804e+02
3.653988329991320825e+02
4.232559036405784809e+02
3.680335204766926154e+02
4.158681500355422713e+02
3.082296274935407610e+02
4.848751285170198457e+02
3.485009206259675807e+02
3.629924545610546716e+02
3.123501342130178386e+02
2.938529797711092897e+02
5.010731876388661590e+02
3.063286231297282143e+02
4.887865985653732537e+02
3.501738945059544790e+02
3.768039978938273293e+02
3.773391802447946475e+02
3.368611818264637918e+02
2.934494277712415169e+02
3.911279191615427635e+02
4.841867314990866475e+02
4.845119718792933554e+02
3.431252613341018218e+02
4.512636700350358865e+02
3.587191874281170385e+02
2.937999468296644636e+02
3.658508501698023565e+02
3.211806790835551624e+02
3.326008841726026048e+02
4.131112931073876098e+02
3.246422334398497469e+02
3.365635479737313744e+02
4.369315774390599358e+02
3.737888010444214046e+02
3.232324700494474996e+02
5.059239277705788140e+02
3.518458264538858202e+02
3.603465340016505820e+02
3.183118559430752725e+02
3.055486549547962341e+02
4.928393578927798444e+02
3.825225232516272627e+02
3.616062097518619680e+02
3.516314182620307065e+02
3.590541894077745155e+02
3.714783258088527305e+02
2.923579267317197150e+02
2.985828592131697405e+02
