1.915506198482461286e+03
2.874423849498115487e+03
1.901075448351726891e+03
1.877137232311066327e+03
1.676202739291099761e+03
1.533835473166936026e+03
1.855164434707707642e+03
2.005104605416378945e+03
2.394907030079551078e+03
2.404430471009917710e+03
2.553978227561932272e+03
1.813220875071281625e+03
1.944936697415965682e+03
1.789709475367226560e+03
1.788183509739670853e+03
2.094333968114731761e+03
2.229934894763089687e+03
1.757707531792284954e+03
2.048484040578866370e+03
2.973288238926684699e+03
2.467298724275104632e+03
1.815589898584375987e+03
1.641884162356621573e+03
2.346235639068009277e+03
2.748757858597311952e+03
1.921228741627813406e+03
1.978053712175243618e+03
1.856865593452435860e+03
1.940958980697566631e+03
1.808577212960437009e+03
2.002242850062304115e+03
2.074283628185307407e+03
2.267952228385787294e+03
1.817766234305728176e+03
9.598401712717916325e+02
1.808743356680989336e+03
1.806217251234510968e+03
1.885882158475779988e+03
2.295268729197401626e+03
1.910131830945528009e+03
1.860595916992653201e+03
1.810064476071394893e+03
5.832760921876344582e+03
3.232680148106770503e+03
1.893284328535805344e+03
2.347149554890032960e+03
2.131855178594853896e+03
2.325417604840708918e+03
1.924361411139864458e+03
1.848648966977056034e+03
2.519579164838692122e+03
1.934497991719857737e+03
2.895357207276303143e+03
1.813614766100075940e+03
1.830423233558600714e+03
1.713139084740052112e+03
1.807051978451112291e+03
1.840515455906676152e+03
1.889027502871991146e+03
2.839384161422727630e+03
1.810199831474120629e+03
1.809731641086274749e+03
1.810624655846099358e+03
1.700970525449197794e+03
2.646746260842345691e+03
3.332806103723384581e+02
1.692326583038338413e+03
1.928057468795221212e+03
1.940925054399508099e+03
1.873307685648942424e+03
2.509634239399293619e+03
1.824601349614472156e+03
1.485520650788578223e+03
1.833937576941717452e+03
2.849744970253991141e+03
2.129862181927023357e+03
1.729689190591579290e+03
1.778549288806786763e+03
1.967420801585964000e+03
1.867086053963441373e+03
1.780047894143301164e+03
4.029840145642886000e+03
1.243544030393930200e+02
1.906277859552668360e+03
1.893219958134274975e+03
7.064747627849216087e+02
1.825067943823929909e+03
1.918195855303871440e+03
1.752072849477095588e+03
1.837948218745147869e+03
1.843500701063927181e+03
2.685771398669300652e+03
1.829535249874067404e+03
1.769447370618973764e+03
2.547893414535747979e+03
2.019878331187356252e+03
1.816883135950867199e+03
1.804407090491016334e+03
1.966878843880515433e+03
2.458491360882565459e+03
5.353504859888881583e+03
2.664623205027319273e+03
1.700717030625841517e+03
2.262917922809906202e+01
1.815899893291481703e+03
2.613840160081729209e+03
1.823346873333390704e+03
2.309780792396234574e+03
1.908158707800617549e+03
2.984495301389033102e+03
1.895896851907955579e+03
2.269356165616028065e+01
1.760058800101634006e+03
1.822804735606451459e+03
2.175257063865804867e+03
1.878666396966250659e+03
1.808783395184057781e+03
1.766537289108936648e+03
1.793984517773382322e+03
2.146999664517408291e+03
3.850892216790422935e+03
3.750972980877466398e+03
2.276913868490420256e+01
1.965621297068837976e+03
2.253654350887518376e+01
1.941020368154746393e+03
2.672250052709883221e+03
1.803716099054621509e+03
1.835422672031734237e+03
1.835559802500444448e+03
1.811928023396324306e+03
2.030444276052873647e+03
1.812471084574531687e+03
1.818592175311291612e+03
1.868373830772507063e+03
1.771290504111505015e+03
2.188193759034410050e+03
9.823911313270331448e+03
1.777297139806254791e+03
1.900757035284698077e+03
1.798073229289514984e+03
1.885395803054274893e+03
1.298197626038929457e+03
1.942111217816204771e+03
2.038343419132241934e+03
1.814078781025509443e+03
1.868460202814966351e+03
1.835138454024504881e+03
2.056583045528344883e+03
2.000819119321167364e+03
4.423667622618462701e+03
1.826454810682030484e+03
1.913699464231367301e+03
1.839205119009699729e+03
1.911894800593476702e+03
2.050294375450273947e+03
2.043394541257001492e+03
2.905716990251807601e+03
1.762343218086120714e+03
1.768089344779512885e+03
1.874132216497004947e+03
1.808503945480769517e+03
4.621584441360566416e+03
2.255001995349116584e+01
2.672754313635688050e+03
1.391228483544575965e+03
1.905841881024000259e+03
1.887707588384174642e+03
2.017165711906535535e+03
1.814328578631265145e+03
3.258488022507835012e+03
2.096306759657295515e+03
1.450616062084232453e+03
2.194749895694009865e+03
1.855566946789091389e+03
2.629277152749968536e+03
1.953918805449542560e+03
3.527145410642817751e+03
1.870570210413002314e+03
1.813481477056805943e+03
1.800064244246373846e+03
2.210217993574572574e+03
1.796404768243568014e+03
1.853906744344571507e+03
1.870739504089343427e+03
1.764157313396245172e+03
2.258696197462763848e+03
2.262218960632197451e+01
1.904959134397636262e+03
1.737326015034745524e+03
1.818103184796246751e+03
3.184549797842370481e+03
1.939201116041611840e+03
1.742698772329336862e+03
1.843613183628079469e+03
1.873992816956898196e+03
1.885778668540732951e+03
1.897630135152153571e+03
3.436073685377495167e+03
3.910032487100726030e+03
