7.174651922825351846e+01
7.221992778314464090e+01
7.148427085485495525e+01
7.076342700832523747e+01
6.790514904358330739e+01
6.578523798322956395e+01
6.914981280865799818e+01
6.963861785607319632e+01
7.184781647640187430e+01
7.187991998631041213e+01
7.031069332503527392e+01
7.219036062711198554e+01
7.060495990036241665e+01
7.128157846105936812e+01
7.075620569464564369e+01
6.931771602369845198e+01
6.955743302027880759e+01
6.819998852452822291e+01
7.028140698895323624e+01
7.122991517656855365e+01
6.943906743925531089e+01
7.154671318552550474e+01
6.936784537803382023e+01
6.935233141882717689e+01
7.190206548597571157e+01
7.159534216416534491e+01
7.156509119378310402e+01
7.103111049326508919e+01
6.905915415346156294e+01
6.931537793718371177e+01
7.032205236486717581e+01
7.128420617138036164e+01
7.090197866693232243e+01
7.273178751535061792e+01
6.268864264134131048e+01
7.118338599507323750e+01
7.024241870194767046e+01
6.464468493389431103e+01
6.801924408403225186e+01
7.316185584189649660e+01
7.075169842688924859e+01
6.985535177587065903e+01
7.217882804164104016e+01
7.121116908254474254e+01
6.891061466203350960e+01
6.953340543408971541e+01
7.131538722116221152e+01
6.993251545614003817e+01
7.123826100303232067e+01
7.253118265208043169e+01
7.169130679561384056e+01
7.115658487539644739e+01
7.000436799656786491e+01
7.073165269133262711e+01
7.119208529017586784e+01
6.866122901109605436e+01
7.246557934134639822e+01
7.196919851112645006e+01
7.194402173172775861e+01
7.242836518410500446e+01
6.992366661976556941e+01
6.859735403702315182e+01
7.002721847237273778e+01
7.019020043709873846e+01
7.083623853796906644e+01
3.561798140788823019e+01
6.918819722362049163e+01
7.100008052528276892e+01
7.076394332479033267e+01
6.998122071032318559e+01
7.020282588763627984e+01
6.864128700077627343e+01
6.630170266646240407e+01
7.233164272395615058e+01
7.082607937365025919e+01
6.863512950347177366e+01
7.085746001544222850e+01
7.044051258138101446e+01
6.949264089321066251e+01
7.289403675519116632e+01
7.110559602242987864e+01
7.298095027724187389e+01
-1.330237657821858193e+02
7.187706223149038465e+01
7.072377000330016017e+01
5.813901229628454814e+01
7.191148065952118884e+01
7.104248328298515958e+01
7.197096549765765872e+01
7.200071422085538586e+01
7.128154201745614671e+01
6.991792052024044324e+01
7.041958779465593921e+01
7.133567010907735551e+01
7.045627042277995145e+01
7.003678509050700995e+01
6.933207786985020959e+01
7.226992358722910126e+01
7.221634526299126833e+01
6.855119575523119124e+01
7.156246262082457577e+01
6.964344595998525733e+01
6.791187815471458578e+01
-6.345222018900062722e+03
7.203354983857740024e+01
6.980943653839919705e+01
7.126956780499779143e+01
7.063389265095256064e+01
7.052509636023640383e+01
7.049459517335053249e+01
7.107204470418579945e+01
-6.344893731718443632e+03
7.056458692980557146e+01
7.054124255054723847e+01
7.156209701478388752e+01
7.128406701462529327e+01
7.053390001079439742e+01
7.118478603428323481e+01
7.222461668419838077e+01
7.148233120428864140e+01
7.049804956958908519e+01
7.209318758821393658e+01
-6.344940187667695682e+03
7.163869935008976597e+01
-6.345072577262892082e+03
7.144280176844448249e+01
7.025186915246118247e+01
7.179802644677646128e+01
7.229229659276455777e+01
7.266748837781698001e+01
6.926463306551147525e+01
7.139244650943857096e+01
7.129705859947949875e+01
7.078611863356363187e+01
7.303652111934218283e+01
7.146814956386201345e+01
7.034809002530947453e+01
7.559487841421831433e+01
7.135296196684333836e+01
6.892172243051416558e+01
7.053844773838483206e+01
6.955155125657095994e+01
6.508316878000461259e+01
6.854011527521629432e+01
7.056410661781207239e+01
7.167447164883463984e+01
6.880668552000261684e+01
7.006026489129196477e+01
7.148431996099185426e+01
7.135698693828842920e+01
7.280894181984569968e+01
7.039856794282049179e+01
7.152825527441407871e+01
7.133774387731216393e+01
6.937595863332599322e+01
6.906342666382528250e+01
7.033565492535009867e+01
7.030456332949549392e+01
6.764741494191159177e+01
7.130117539716977149e+01
7.157639043235219845e+01
6.857405469792243480e+01
7.245102156395185489e+01
-6.345039635043495764e+03
7.072817006473616175e+01
6.496311135755293265e+01
7.051729594282433311e+01
7.029201376555766956e+01
6.931201623287610403e+01
7.194607164863496962e+01
7.002688902143016492e+01
6.836812573248893443e+01
6.589912851581350139e+01
6.949589537698216191e+01
7.204929583444818775e+01
7.055434494095948139e+01
6.962713343846517944e+01
7.157001979404780911e+01
7.175538860777672312e+01
6.986781440457235703e+01
7.033517708768974330e+01
7.011718002905602987e+01
7.125918538700602767e+01
7.165200796511490466e+01
6.764000501753483263e+01
6.864129115092754319e+01
6.851504933459311530e+01
-6.344361359154350794e+03
7.179467612093220907e+01
7.052947703032009485e+01
6.915215853653847944e+01
7.119102852900419975e+01
6.771695696981065282e+01
6.924405769649800391e+01
7.015447150436602897e+01
7.234461086582578560e+01
7.090525781697220964e+01
7.088768775658309096e+01
7.092197313788813062e+01
7.123830759805812818e+01
