-8.843259604545892216e-01
-2.569039048299873684e+01
-2.521120062103545933e+01
-2.202267269297726671e+02
-2.138622587275494880e+01
3.692958344072394539e-01
2.662275613563451770e+01
-1.985900819533526374e+00
-2.423203619676587550e+01
-1.826393821659421519e+02
-1.171874707970100644e+02
6.031217610512612737e+00
-3.612872047031241891e+02
-1.145153873110057248e+02
-1.586540479802351911e+00
-4.870267516556668852e+01
-9.136712643897317321e+01
-8.076769471951229207e+01
-2.442447540121975180e+01
-1.645415814401167154e+01
-3.850720791937146714e+01
-4.495558010142303829e+00
-2.053569433279362784e+02
7.157952095512882806e-01
-5.149988573261452984e+01
5.227307711832236237e+01
1.262441116432819399e+01
-6.028169133703977423e+01
-3.838582805430187364e+02
-2.225602968438670359e+01
3.641151480957887543e+00
-5.364248196914286382e+01
-9.409906420169136254e-01
-2.239962430746400059e+02
-6.534703526453449740e+01
-3.455026049528078147e+01
1.496908842987068056e+00
-6.380460260988729715e+01
-5.273214262837427668e+01
-1.521571776847131332e+02
1.017999154257904593e+01
1.542079685664157296e+01
-3.523439528959352174e+01
4.668169189966647536e+00
-1.026821885331446538e+01
-1.730097067813312606e+02
-1.361554551444114622e+02
7.198606668922366225e+00
-1.297682124087987177e+01
-2.588078865068746381e+01
-3.663630209590428422e+01
-1.587478129904939124e+02
-4.328002094543990097e+00
-2.284673521325203183e+00
7.070489050355718064e+00
-1.649724454178158339e+02
-3.923268177745740104e+01
6.542631108695786679e+00
6.914231104451573628e+00
2.164071108944881416e+00
-5.439267302500593360e+01
1.042935046323691495e+00
-2.872300712011929136e+01
5.190148214463988552e+00
-1.898025540383059706e+01
-3.031648425102648616e+02
8.688870545619465702e+00
-1.470551066214738967e+01
-7.700404117615562427e+01
6.609970511058872944e+01
3.688108599658335152e+01
-6.878018840881941287e+01
-9.321422066434934095e+01
-3.428379673358267610e+01
-2.292324787711095269e+01
8.171441719726317388e+00
-9.886145695868435723e+00
-1.515905863346170008e+02
-1.435131576040475920e+00
-6.487498152611533442e+01
-1.784051921917580330e+01
-2.967366320372093469e+00
-3.165036856495134998e+01
-1.026950296543782315e+01
-2.385554269152371489e+02
-1.859546207645962568e+01
-4.250718465929185186e+01
-9.378616175834031310e+01
-3.269266073439212050e+00
-7.609218961829174077e+01
-3.718275251807881432e+01
-2.730246850956427807e+01
-1.404533450906365033e+01
-5.180033592308518564e+01
-7.155866556776618381e+01
7.445775505457277177e+00
-1.907235580142441904e+02
6.878452334599387541e+00
-8.020572383502076264e+01
-1.528796322148909894e+02
-2.648993097722723178e+01
-4.352203281159272592e+02
-4.579769795309312030e+01
3.047963772061575582e+01
2.027030463419578155e+01
1.347988991064539732e+01
-2.193892532341815240e+02
-4.051187473261052219e+01
-1.020182410219704252e+02
-4.173144311649593874e+00
-2.918848574235171327e+02
-7.729787204045715043e+01
-7.300931441995999194e+00
-1.911656812051387533e+01
8.859294282261362241e+01
-6.197240959419559658e+01
-8.535987940370432625e+00
-1.232789961663911527e+00
-1.757423658626348697e+02
-6.056619239269275567e+01
-1.081336605130654789e+02
-4.977564967255239026e+01
-1.891716313138531405e+02
-5.952005652401385305e+01
-4.595015683645760873e+01
-1.437633637453654956e+01
-5.843491841675131582e+01
-8.239165170939577365e+01
-9.756960389476171258e+01
-5.972525740013225004e+00
-3.126036993671277742e+01
1.263681663334682526e+01
-2.140754866948554991e+01
-2.231343266510248213e+01
-8.455243738432727696e+00
9.209017421245334845e+00
-1.000014444397957050e+02
-4.042356588534948969e+01
-2.231820270789376082e+01
-2.469468871914841657e+02
6.525501257810901734e+00
-9.368884774125945114e+00
-8.011103964762696705e+00
-1.034977522648114245e+01
-9.059177838674622762e+01
-1.705710716804132971e+02
-3.667596228022193827e+01
-5.057730304428696400e+01
-9.320954236029319873e+01
-1.267153433780258638e+02
-1.263406573120646499e+02
-1.695645408515156305e+01
-1.982920823368858692e+02
-1.862693802667399723e+01
-4.807551343808336242e+01
-1.272044402739566067e+02
-6.530083585617103381e+01
-3.103988500726427446e+01
-3.202086309430342226e+01
-8.047119193787693803e+00
-7.523396518844037928e+01
-8.319816308895497059e+00
1.525933985222127376e+01
-7.308722116802618984e+01
-4.923782840158492036e+01
-2.137835162060828225e+02
-1.285026047989840663e+02
-2.818291998486447483e+02
2.507524421666767012e+01
-3.040700178198767389e+01
-1.055789393512914103e+02
-1.347968589223637537e+02
-7.730454160499903082e+00
-6.066374652607009921e+00
-2.788912720650841948e+00
-2.255041767743659875e+01
3.764560119471752841e+00
4.737518217357319372e+00
1.091798497486161068e+01
-4.055569949287291820e+01
-1.091124184883501584e+02
-1.560577977196589927e+01
-6.519229522029945656e+01
-1.342100636054419738e+01
4.134540377666780842e+00
3.739644457940903521e+01
-5.884712173216303199e+01
-3.289143547517505795e+01
-1.974419581919482880e+01
-2.291693656281458971e+02
-1.604621760812915454e+01
-1.121156096896356757e+01
-1.443809191044410909e+02
1.016940438241335869e+02
-4.484522916388141311e+01
-1.012937722753849812e+01
-1.978725250864044938e+01
3.005882162941816205e+00
-5.852105895817658165e+01
-6.368150204441735696e+01
3.250500481901417515e+01
4.276621951822562551e+00
-1.373008387425215915e+01
-8.606289183702301671e+01
-2.482877573911619038e+02
-7.557079115693341009e+00
-3.564101283700892964e+01
-6.716555022030297550e+01
-3.634446177348763740e+00
-1.689730973746009113e+00
-7.647238484411900572e+01
-6.157741764106140181e+01
-6.847053778501867782e+01
-2.276230933138322143e+01
-2.727402531690495380e+02
-2.612474587517681357e+01
1.746009943775516149e+01
1.020629264304352546e+01
-1.410184909288363997e+02
-2.334949920801591361e+00
-7.428951183989465790e+01
-1.449796618603977549e+01
3.790741487270861398e+01
-1.457671717424645976e+02
4.045784955181261466e+01
-1.312511430309314164e+00
-9.749903016995358485e+01
-2.645646621895139106e+00
-1.590514765966781852e+01
1.454303526315925410e+00
-1.912475214613732533e+01
7.616345494023335050e+00
-1.953072978352884093e+01
-1.596249342644041462e+02
-1.516547978682447138e+02
-1.528497777819893599e+02
-1.875356668266667839e+02
-1.121806302593704459e+02
-1.728043579094901361e+01
-1.022848537051595486e+01
-5.423066698130242003e+01
3.286080176713676337e+01
-2.102453855108851712e+02
-1.158007001409223449e+02
2.975471950718747394e+01
-3.655673286078035744e+01
-5.341706507201615750e+01
-2.450244999765527609e+01
1.095178101508008695e+01
-3.038856561915927159e+02
-1.062559171636939936e+02
-4.779420182017565821e+01
-4.851378942770952563e+01
-3.541871371433717286e+01
-5.469877528751658247e+01
3.440650156909759971e+01
6.452096204284316627e-01
-1.222303567319895592e+02
-5.863679387750380556e+01
-3.141540538382650993e+01
-4.569429053171461419e+01
-4.227617764822571189e+01
-1.545502423035104584e+02
-3.417725673147288035e+00
-1.191809065827737868e+02
3.827175369109772873e+01
-1.284720639452643809e+00
-1.392418452946185425e+01
-3.143142841494409367e+01
-6.022007201620908745e+00
-2.344001727031518385e+02
-2.803567679564393984e+02
-4.035343385124451743e+01
-1.339940771538476838e+01
2.454908762623745133e+00
-8.006553453619744687e+00
4.172239004087714420e+00
4.574085020813072333e+00
-1.320991610650708026e+00
-2.779216640115919290e+01
2.644627999679869390e+00
-1.331068633495578979e+01
2.853203883888454584e+00
-9.250730792290414684e+01
-1.077975482818992532e+02
-1.821059947151306915e+02
-2.988960899436096952e+01
-1.953694707324120827e+02
-5.083343959413650737e+01
-4.577656919823766657e+01
-6.901931156324644689e+01
-7.350941589390095032e+01
-7.774908697153932735e+01
-8.350413390085941501e+01
-1.487091598026481734e+02
-4.476419411580081942e+01
-6.145762417641071806e+01
-9.199665587627350760e+00
2.197546012534075999e+00
-1.138985256738960743e+02
-1.275022733313935532e+02
-2.973604275331126701e+01
3.873656106449743675e+00
-9.603340631812898209e+00
-6.869295749166667520e+01
-1.893401824097909412e+02
-1.049467239933073870e+01
-2.790160351545546291e+01
-5.888146872701327084e+00
-4.712399155376624549e+01
2.266505613606568659e+00
-5.626295250775456225e+01
-1.912916551057605830e+02
5.235263121502612194e+00
9.820760488902124052e+00
-1.383914366089084069e+01
-9.952644745163524931e+00
-7.486600669475865288e+01
-2.361150768980087378e+02
1.842223100134197011e+01
-1.009950189459950707e+02
-1.958837666650197207e+01
-3.406726416292258364e+01
-1.378580223145308992e+01
-5.763782472585808137e+01
-1.969752581870625363e+02
-1.228079467048064544e+02
-1.102696957143461987e+02
-9.460456656132919306e+00
-2.082336191336371485e+02
9.235413870734191732e+00
-4.118032511270303075e+01
-1.248551593625052192e+00
-1.780192115552508767e+02
-1.836406296494715207e+00
2.857643087689393724e+01
-1.498398613272320290e+02
-1.178358132298062628e+02
-1.314526970278893714e+01
1.416465297744070995e+01
4.987506469533400377e-01
-5.513178808860175195e+00
-1.951408671652943667e+02
-6.740081713141807995e+01
-8.164873003223601700e+01
-1.717976809981882980e+01
6.183827568600827362e+01
-1.709080810566410946e+01
-1.027862436685954890e+02
-5.586253827185737464e+01
4.192529422504503600e+01
5.485135053090743895e+00
-5.773339405946717307e+01
-6.592170769519543683e+01
-1.130936819809694498e+02
-1.254392198454297613e+00
-1.259262210354254421e+02
-8.576877365720974922e+00
-1.525198031271957007e+02
-2.961030410464263696e+01
-1.409325814614840056e+01
6.107009055918751983e+00
-5.347594491630388802e+01
-2.231946456965451944e+02
-2.761099066500901245e+01
-1.802230225956573122e+02
-3.594145600141200703e+01
-5.537657103462697705e+01
1.143672520114978397e+01
-4.482565635000082693e+01
-9.972425603609735845e+00
1.225146270815457683e+00
-4.245379004590995464e+01
-2.995078062265929475e+01
-1.200383434696523182e+02
-5.131709623624374217e+00
-8.938233577147912001e+00
-4.396397547267042683e+00
-4.036353709763261577e+01
-2.375117883343282301e+02
2.426019872057622706e+00
8.462119841940875631e+01
-1.457349640574821024e+02
-3.095037820049674337e+01
-2.368918678095024006e+02
-1.726896830758960277e+00
-4.132460145708046184e+01
-5.428735796523142199e+00
-7.964121714358952886e+00
-1.472182651683460790e+02
-6.729695412772343843e+00
-3.008257645840058103e+01
-3.745796541540494218e+01
-1.125521682090384274e+02
-3.675133235480279836e+01
-2.701540288181331562e+01
-8.624696277030670899e+01
-1.857592639620970658e+02
-7.189598059421768994e+00
-9.211778953734210518e+01
-2.152006032039134880e+02
-8.473916064987588470e+01
-2.798908815115009929e+01
-2.014081927756660662e+02
-5.612778510304451629e+01
-1.470394271530039987e+01
-1.326446449735794886e+01
-6.044625245566385274e+01
-1.079477603882514813e+01
-1.569786558369642080e+02
-2.654445454644337588e+01
1.721574160330601444e+01
-4.741817481001635315e+01
-2.008744866493343579e+02
-8.109264533441910316e+01
1.266545824425884348e+01
-1.840645953885014023e+02
-1.575902934635814745e+01
-2.080874331587256165e+01
-3.986067664318397874e+00
-5.184403607631793420e+00
-4.833555255009741813e+00
-6.949403571074071806e+00
-2.847644673652575875e+02
-8.302577664175259997e+00
-7.405076853206082887e+00
-3.948463715518937533e+01
-8.570965002569391800e+01
-2.417423963375131279e+01
-8.433668291865069477e+01
-4.979783647583644779e+00
1.236367216666803870e+01
-1.530744750733720139e+01
1.988567252958637255e+01
1.205074827465978160e+01
1.324870904692579643e+01
-4.836915445420436299e+01
-1.207479499578485047e+02
-1.651407625739575451e+02
-4.383767702872955851e+01
-1.414416431464333073e+02
-7.865420026903848338e+00
-1.299178322510306316e+01
-2.684912255102572090e+02
1.087513892560582462e+01
-1.346741750596811471e+02
-6.161177032882278581e+01
-1.504347458761549206e+01
-6.422239509791234013e+01
-8.005366251375107822e+01
1.011766362655362173e+01
-4.130334462007385810e+02
-3.916991789822259307e+01
-4.076268638558940438e+01
-2.352139117636488663e+01
-1.404644858841065798e+02
-2.216960790254688618e+01
-2.995194330735557742e+01
-3.013135378897241026e+02
-2.660648437262898369e+01
1.355375557502611628e+01
2.524660599964590801e+00
-6.743311208399973111e+00
-9.537415791075363813e+01
-2.385320744034361269e+02
1.782390977416071109e+00
-3.822334601674810983e+00
-3.068342264658895147e+00
6.103883137649972923e+00
9.257916062535514357e+00
-1.577818387582756259e+02
-3.658236368106645386e+01
3.692406232040048053e+01
-3.009055205716595083e+01
-1.145866966412058900e+02
3.979960614643459849e+00
-1.649107001718857646e+01
1.545354496656727861e+01
-1.313949902384865709e+01
-3.433094444380367349e+01
-6.719564825108136574e+01
-8.770301284340803250e+01
-8.748379429581291333e+00
-1.771280893392031430e+01
1.892665444579415635e+01
1.299870366566028679e+01
-4.044162078618683154e+01
-5.605090773157462536e+01
2.526418231945444859e+01
-2.561607500119498582e+01
-1.131475300556157890e+02
-1.461749273008399541e+02
-7.725421044074209931e+00
-8.248338535150014650e+01
-8.772954431412836129e+01
-1.082310408727062168e+01
-2.408906071999717824e+01
-4.631695245180890197e+01
-4.356658489998244477e+01
-2.371853339719073119e+02
-2.357013632534562930e+01
1.678294594255021366e+00
-9.877806107056312612e+01
-4.390949911026837071e+00
1.578064215734229947e+00
-1.426405830486419291e+01
-7.335761211468070542e+01
5.353706781625078293e+00
-1.032406713247291918e+02
-4.855198247092175734e+01
1.530807291508244816e+01
1.906042664695632993e+00
-3.212333245330864884e+01
-5.605521128998589120e+00
-2.705437109305330523e+01
-1.654223201606055227e+01
-1.857957218064620974e+01
-7.711318699636285601e+01
-7.437267426674770832e+01
-2.449640031269609608e+01
5.704563333773148770e+01
-2.596223193024443390e+02
-1.279940652395362122e+01
5.470092993282378302e+00
-1.171838814432385334e+02
1.488064833320959224e+02
-8.723290926928711997e+00
9.092272039400086214e+00
8.881668631579486828e+00
-3.145078866961739550e+00
-6.716905047394902795e+00
-6.698508682855936058e+01
-6.017456143061372131e+01
-2.213168799692630273e+01
-3.201001169150731585e+01
-7.150618148715147981e+01
-5.359823925568889535e+00
-1.470554356096090487e+01
-1.109292592694782797e+01
-3.557680959092249395e+01
-3.047998356209018311e+02
-2.860840015327539732e+01
-8.618849039243195875e+01
-1.685268803502212904e+02
5.284002783705545880e+00
-1.747754410129709868e+01
-1.560041643595604910e+02
-5.845872168684600183e+02
-1.698260603638573230e+01
1.767115882928828796e+01
-8.838024989758741867e+01
-1.004835088470272240e+02
1.373632691691727814e+01
1.278692471261820174e+00
-5.926905636900482932e+01
-1.961248400482872967e+00
3.149797263340587961e-01
1.491865484333175118e+01
-1.414172817594317166e+01
-6.965958191990284831e+01
-7.436544923642759386e+01
-4.564949709580832860e+01
-2.264578002256257605e+01
-3.439626482130097429e+01
-5.866322176176163339e+01
-3.853239482550634420e+00
-2.316447853931495047e+02
-1.921700474014141946e+01
-9.293058311807544669e+01
1.288489280450448859e+00
-3.268558841474532528e+01
-1.102474064135212757e+02
-7.329597824931806826e+01
-1.447188382607992025e+02
-9.204199312865785032e+01
-9.719755456157145090e+00
-1.193936931699408888e+01
-5.250503857543935737e+01
2.545524657327405293e+00
-1.140270488872374699e+01
2.484271954534051474e+00
-8.504523930578216095e+00
-1.013971700183719804e+01
-4.309888834787125234e+01
-5.746854161277042294e+01
2.854194749471480463e+01
-1.686788534340303158e+01
-7.868684057154405309e+01
-3.973331614447488391e+00
-6.869176920347854320e+00
-8.450653982997209823e+00
-3.804414865348007879e+00
-1.065564691347435655e+02
-5.451806904406203103e+01
-4.444938427380475332e+01
2.200607501255308307e+01
-1.407310726413043085e+02
-2.560250091573534519e+02
5.475529511525564885e+00
-4.285737898958996084e+01
-8.082870473361799668e+01
-2.373512592284841958e+02
-4.216451243263691140e+00
-8.737018272942623298e+01
-1.688822009546038316e+01
-1.295126671822345088e+01
-6.226188988555895776e+01
-1.513669044682355889e+02
-8.582488655983615899e+01
-2.947606516916857800e+01
-8.380207491898090666e+01
-2.619232045373883011e+01
-2.019403460773919505e+02
-3.351683983498769521e+02
5.768658432671145420e+00
3.375260660620369890e+00
-5.319713855759891885e+01
-1.098575587917093799e+01
-1.208128375498245077e+02
-4.876375910646584089e+01
2.110374274107834935e+01
-2.228796279587822937e+01
-2.613750430104119005e+00
-4.310393161341653467e+01
-1.393927909877547791e+02
1.847347707841436204e+01
1.547787456490741533e+02
-1.160807977543354355e+02
-1.609233956877505989e+02
-6.354163044346751121e+01
-3.870782999515540723e+01
-8.281620532593478856e+00
-5.135300511691639258e+00
-1.821884470057302678e+02
-2.134106864487512212e+01
-4.741154214949892776e+01
2.843695958914941002e+01
-5.063668658404185408e+01
-4.881930582360291737e+01
-1.723915725147371631e+02
-7.319113605584425386e+01
-5.487383901373050321e+01
1.651899159070944734e+01
-4.487532420730531157e+00
-1.682111429567567029e+02
2.002618581631395500e+00
2.782825015146954684e+01
-4.774067640532302903e+01
-4.209218509011316200e+01
-6.809977116567188204e+01
2.207972965900808049e+00
5.132689392690735986e+01
-2.155775200310381479e+01
-7.034762032372145768e+01
-1.117819054416004292e+02
-9.208730413950797811e+01
-7.316064741764421342e+00
-1.253799946769686358e+01
-1.790974114458667827e+02
-7.189378652480354503e+01
-6.468824988103369833e+01
-2.740188169562043186e+01
-5.061472136373231479e+01
1.752888407316004304e+01
-5.856840221843776817e+01
-1.426307489013224767e+02
-8.396199182585405651e+00
-5.312352169038604188e+00
-5.581421576957836805e+00
-1.018787308872351787e+02
-1.974135222528348095e+02
-2.905721814771823119e+00
-1.114498431122037800e+02
-1.794193154484037223e+01
-5.131301261674070702e+01
1.267319697696711955e+01
-1.487450139034626773e+01
-1.570425469189740397e+01
-2.161479196657664943e+02
7.927585023025130795e+00
-2.582139032803570444e+01
8.360344284064012754e+00
8.052928733389308036e+00
-1.758211420902616737e+02
-6.857624976812076056e+01
-1.389339384528529990e+02
-2.261949434302187001e+01
-7.798536596994381398e+01
-2.020376240579935256e-02
-1.740318167660079780e+02
-5.062827491246935097e+00
-9.024373376264338731e+01
1.251123558320159646e+01
-7.779756827164874267e+01
-6.300623506824194919e+00
-9.607089562417058914e+00
3.411417599015294400e+00
-5.029978412713080616e+01
-5.068794261907351029e+01
-7.071223316857867758e+00
-1.064452649096392634e+02
-1.590733010607436881e+00
3.465939464261282410e+00
-1.377988444176862686e+02
-7.086250417090832343e+01
-2.953747824981110170e+01
-2.525820938634842605e+01
-5.998631838308028819e+00
4.263446614005260926e+00
-3.295375763453439504e+02
-4.292346342384553282e+01
-1.163079951718073062e+02
7.908591502581657551e+00
-1.927996053329043207e+02
-8.184902530726321856e+01
-4.581268956301300932e+01
-1.326013290993250848e+02
-1.171556483198655769e+02
2.097961538596791797e+01
-3.847873489184439677e+01
8.209496815826696547e+01
8.675413008828400052e+00
-9.942116512972188502e+01
-2.242775057597827981e+01
-3.077901153942957535e+02
-7.425765843962017243e+01
-1.649837135230518470e+01
-4.018655000596663740e+01
1.034762474980925617e+01
-1.562367441825062997e+02
9.544861042574666499e+00
-5.472058417136395292e+01
-3.646555705436003336e+01
1.186505002897774830e+01
-1.032698826146588544e+01
-1.388394749955377847e+02
-1.050205858940626058e+01
-1.825305041413157596e+02
-1.216273337354696196e+02
1.579622753701187321e+00
-3.114310343149827531e+01
-1.013548009028909291e+01
-5.265661278077186580e+01
-6.847019317084232171e+00
5.957411735007553943e+00
6.379514560834013537e+01
-6.004506649292943621e+01
-5.154037752473414002e+01
4.021358919615522609e+00
-3.546328217997051979e+01
-9.507855266203569045e+01
-3.596725296493877977e+01
-2.208426971197704916e+02
8.398203404234664049e+00
-6.049927936612129997e+01
-9.537160839678563207e+01
-3.485524576107582106e+01
-5.035447197000576125e+01
-1.359491795883841405e+02
-1.656750268979067187e+01
-1.329779051434070425e+01
-6.413132740662604192e+01
-6.452876048997404723e+01
-2.881018201517326816e+01
-3.181254358069054433e-01
-4.978631923174725671e+01
-2.979102162601520831e+00
-3.368472118471954673e+02
-1.459776945101457386e+02
-1.219968109335004556e+02
1.982964188113146520e+01
-1.476690956292713963e+01
1.137282347385553294e+01
-1.591786667480846518e+01
-3.257642613833922951e+00
-7.907226397081103642e+00
-1.178210188017692417e+01
-3.265044230109288037e+01
-4.114956080797128379e+00
-5.261294503418321256e+01
-1.994844603739520608e+02
-1.988902933435765590e+02
3.806287025490746601e-01
-5.931497550593394408e+01
-1.389038691583873515e+02
1.083522508612168167e+01
3.538093065397333703e+00
2.798346931105243129e+01
-4.199912253892125591e+01
-1.720948409328320849e+01
-2.641681766388137476e+01
-8.178344005625149293e+00
-9.182559564620805759e+01
-4.577432648738340504e+01
-4.879779509825584682e+01
3.759041928360602469e+00
-7.563680108620337705e+01
-4.323155420751754718e+01
-4.761273068369609973e+01
-1.689375910864964681e+01
-1.090311679711703619e+01
-3.946804096406594908e+00
3.274616920851258328e+00
-8.175196718873576174e+01
-5.622108444088553370e+00
-9.568459463838826196e+01
-1.442690656563718221e+01
-2.281273350478386419e+01
-7.536587422970023908e+01
-8.093424315515312628e+01
-1.775817528322895669e+02
-2.978770231601993146e+01
-2.031285316662015248e+02
-7.802736807334440527e+00
-5.091589358706005441e+01
-5.081393086095886247e+00
-9.162074061910880118e+01
1.304253501542007143e+00
-1.370741731291391261e+02
5.954096541329818137e+00
-1.045179778880628874e+02
4.161310428600700106e+00
-5.154015129900199099e+01
-1.304717396613796154e+01
-5.852050209661865665e+01
-1.041085971007669286e+01
7.276136586689972319e+00
-1.285451604492118349e+02
-3.197639541529406415e+01
-8.947290760072064586e+00
6.472881742018216755e+00
-5.663749778191868245e+01
-9.245852006597488071e-01
-2.372615783835226466e+01
2.929470764046527620e+00
-1.615410482632887579e+01
-5.534459609868554253e+01
-2.862028352024353808e+02
1.534436921025007905e+01
-2.828722511977321119e+01
-2.846460980274696340e+01
2.862601932262896298e+01
-2.407501687041167315e+01
-3.343035243987560534e+01
-3.002594116388936527e+02
-4.190507215011439257e+01
-1.312564950431715260e+02
6.866016278454480926e-01
-6.363487616208658437e+00
-1.745794473410842329e+01
-9.825630898771214561e+01
-1.407727438237543538e+01
-2.967017186947186929e+02
-3.154710276176137995e+01
-1.302415949941168947e+02
-3.248552755740638531e+01
-1.324467201825900702e+02
-3.822141587161058851e+01
-6.158900992411872721e+00
-1.948294973163592658e+01
-2.448847408831061330e+02
-1.598314519865616603e+02
-1.193444432152864465e+01
-4.618299173429932125e+01
-2.303806781700586725e+00
-2.800054929568868829e+02
-4.676678198746049020e+01
-1.766179246391129709e+02
6.009158631821264862e+00
-2.335482705825597805e+00
-9.479320857125549082e+01
1.774633104051645205e+00
-1.988468932821888302e+02
-4.339758517983045749e+01
-2.331746212784400996e+01
-7.880387147916189861e+01
-2.468938412734951271e+01
-1.321825963038554619e+01
-2.107139658262303783e+02
-8.206981200216796424e+01
1.433685664396762149e+00
-1.896409432141808793e+00
-1.578032264367629978e+01
-1.781289173055574793e+01
-1.919617535295437847e+02
-4.706353169624708244e+01
-2.492564949887309922e+00
5.324688134624011582e-02
-1.011794269426900428e+00
-1.571598153426748468e+01
9.974054703101501218e+00
-3.440531759612786118e+02
-7.819314179508364759e+01
-2.330550616637265193e+01
-8.516726540271156409e+01
-1.224568243162830186e+02
-6.366228015159413189e+01
-1.114660565229514759e+02
8.307986803312815027e+00
1.530611602838234830e+01
-1.834564488098385482e+01
-8.120715471682160569e+00
1.018195019025279180e+01
6.918730533137932071e+00
-1.907801455361486660e+02
-9.420709904187424399e+01
-4.060339080347876006e+01
-3.280658447845326009e+01
-1.190597468708847373e+02
3.771500428956642281e+00
-8.248924906208594621e+01
-1.283895438501594981e+02
-6.320590769954287680e+01
6.003265042561906739e+00
-2.061711688965915528e+02
-2.616354876871719171e+01
-8.617379280362820282e+01
-9.181852452862767677e+01
-1.169797402416188561e+02
-1.245034954415050379e+02
2.733114276152264210e-01
-1.660830186126804620e+01
1.477361527565790311e+01
-2.102496979901752638e+01
-8.405000001843836799e+01
1.043256084719541832e+01
-4.199288524131588929e+00
1.321458466985859559e+00
-3.440473523660239152e+01
-1.431759744995424626e+02
-5.393612414998551685e+01
-2.394511177445838257e+01
-9.032621888007179223e+01
-2.974401769485393743e+01
8.327786343942534586e+00
-6.567208400991148665e+01
-4.931300863005981228e+01
-1.999276765504873765e+00
-3.338455384161443362e+01
1.453790322195982299e+01
1.756218462365541200e+01
-2.948798111673477251e+01
-5.990976055310329684e+01
-5.282314898457298113e+01
-1.167995146406610729e+00
-2.078682788561991401e+02
-3.467659062373631969e+02
-3.950086296994959412e+01
4.225549868277084897e+00
-1.521274731126595725e+01
-4.827936530140232207e+01
-1.314886158614535816e+01
1.097859204952328582e+01
-1.924044808603257479e+02
-8.891614822564770293e+01
-1.369776862764774705e+02
-1.631672110818817600e+01
-2.577422316240063083e+01
-1.615271489062424735e+02
9.565435558326498722e+00
-1.297203202531636634e+01
-7.652761541730433237e+01
-2.087815539561142941e+01
-3.790359386788622942e+00
-5.539371781935369654e+01
-1.604800311252893152e+01
-2.914962531665878487e+01
-8.756675807983629056e+01
-4.436781418931695953e+01
-3.270811375664070511e+02
-3.206011900743760634e+00
-3.401886805949397967e+02
-5.296171869743375282e+00
-4.220198458081540593e+01
-1.996956669564860931e+01
6.077701989782326564e+00
1.355355154262724682e+01
-6.282052728786584339e+01
1.367308303908612288e+01
-4.563251138076975622e+01
-3.896597899656626396e-01
-3.632187325721042725e+01
-9.583117829279217403e+00
-7.580987742066099599e+00
-6.655821209778878256e+00
-1.453864811740349978e+02
-8.434876317736961937e+01
-5.048239772582519436e+02
1.535567299587000889e+01
-1.046766577769540163e+01
-2.387117839306483802e+01
-7.030310546303917363e+01
-3.857293280640715238e+01
-1.405058675472746472e+02
-1.553163103508759377e+02
-2.103068577292833652e+01
5.994315098700099043e+00
-4.907597280718619004e+00
8.958062371084452025e-01
-4.762932872433975717e+01
