1.584114496777405634e+01
1.534026791120396105e+01
1.477047506246829123e+01
1.909291285042479558e+01
1.625172823694295943e+01
1.383844981118412498e+01
1.511532870377466686e+01
1.673499101698026337e+01
1.495574834613746518e+01
1.782591708986842960e+01
1.619035219581859764e+01
1.813402531464660328e+01
1.070790047821415136e+01
1.630139857089578825e+01
1.397622686286374893e+01
1.991884706150391793e+01
1.822840759690810586e+01
1.725509711303568849e+01
1.736534095777355446e+01
1.335502646000541027e+01
1.669403301875699697e+01
1.429674244788683346e+01
1.836438640180042370e+01
1.348593034570355265e+01
1.557785678373413063e+01
1.893689388812322960e+01
1.608737701331062908e+01
1.793552515724850593e+01
1.909720742618094391e+01
1.436650649672396263e+01
1.560846273530617268e+01
1.765482262927928758e+01
1.320816330313024700e+01
1.902147284945659322e+01
1.836326219229798085e+01
1.515873075371220047e+01
1.178247529598019483e+01
1.647754661055417813e+01
1.547623310726009649e+01
1.114618793948104525e+01
1.484645593229114091e+01
1.975379945137711957e+01
1.606529484862862134e+01
1.550838799210215591e+01
1.489939526207725784e+01
1.802164582200758147e+01
1.712472629936707946e+01
1.288124980835449485e+01
1.298499885715130553e+01
1.752028739274262747e+01
1.570236701832927650e+01
1.815581112905534411e+01
1.668539111801820951e+01
1.795427658949850169e+01
1.600101532088600464e+01
1.849540493848907374e+01
1.569884623445840433e+01
1.435373897871122750e+01
1.270420170577148866e+01
1.381974976451527404e+01
1.607019945360006474e+01
1.336137833290585419e+01
1.718800611403797518e+01
1.346567285652067447e+01
1.410810211250760560e+01
1.854258054260023414e+01
1.334561408478056421e+01
1.396472483494611438e+01
1.656776650014173669e+01
2.017345946609337304e+01
1.606547200796214625e+01
1.743694938636526359e+01
1.641230175273154757e+01
1.501593796218350008e+01
1.425751425212002488e+01
1.548782712016193308e+01
1.739335168315736979e+01
1.629321609521344172e+01
1.200657858784767562e+01
1.669461233013812773e+01
1.629455123719819909e+01
1.561930982850624439e+01
1.568051600225203579e+01
1.644714158948142924e+01
1.929801643471470385e+01
1.359234580878132981e+01
1.781771846819071925e+01
1.710894592549108140e+01
1.539916031521806161e+01
1.658516922517858561e+01
1.403281424090786089e+01
1.592011317740550425e+01
1.394087923470710777e+01
1.663064521218532832e+01
1.429675749474358426e+01
1.646210106871404832e+01
1.816031063589656824e+01
1.323021416435660846e+01
1.665304283938678509e+01
1.741041692760521542e+01
1.585294998345839801e+01
1.057849588312957501e+01
1.703617572487381082e+01
1.604891380091346775e+01
1.439377368161126824e+01
1.328391227313155198e+01
1.770361041879887054e+01
1.549110436435016958e+01
1.839148151386800478e+01
1.411844429961763048e+01
1.988695955711039076e+01
1.573875580299664279e+01
1.343006555905538413e+01
1.367485776514665119e+01
1.876638888664959026e+01
2.092884093945782809e+01
1.756033659309716199e+01
1.493078335691596159e+01
1.731740733589917269e+01
1.511183095182428637e+01
1.757425193576118261e+01
1.743805174233572686e+01
2.095692656077046934e+01
1.554981445356571435e+01
1.511401684231676690e+01
1.723484265477965138e+01
1.714040516157348648e+01
1.649155684617863216e+01
1.634517797472008027e+01
1.750920744006864282e+01
1.637115711649175509e+01
1.418323040086619002e+01
1.354692780371162186e+01
1.400016623381033654e+01
1.413250931489132434e+01
1.308947693577662363e+01
1.696110211751505403e+01
1.431386390320187019e+01
1.511035940268138944e+01
1.096823556705254887e+01
1.412829165137691945e+01
1.317012972422989492e+01
1.220634271501126733e+01
1.392734602655335330e+01
1.598615113286503231e+01
1.711697302283402422e+01
1.521790597486976360e+01
1.615955243040579248e+01
2.030839410131162026e+01
1.626533129852467496e+01
1.669767723108506985e+01
1.736758008677718124e+01
1.811730311706370600e+01
1.403102513392312822e+01
1.642753891835596392e+01
1.697858384299273382e+01
1.526788089251735947e+01
1.453883811936932346e+01
1.522845872596051642e+01
1.515645431878610161e+01
1.701101705120758467e+01
1.729181525208694126e+01
1.501022286586529297e+01
1.722777711813417412e+01
1.748270660753126293e+01
1.787402309529009514e+01
1.800239075606475936e+01
1.083081046325544783e+01
1.533790541024573351e+01
1.383976537417245822e+01
1.644498329187478092e+01
1.742148847814968349e+01
1.433259092111545741e+01
1.179707981239309689e+01
1.434413809893876213e+01
1.431684934770524720e+01
1.641073815429415816e+01
1.304371795501974418e+01
1.285417044845226364e+01
1.480662772636123137e+01
1.658722064836577559e+01
1.731409408070430445e+01
1.724128787278125330e+01
1.493078418587434264e+01
1.444039380812813533e+01
1.693126364709634046e+01
1.650129862393309921e+01
1.609122676150544606e+01
1.510358408721053536e+01
1.777042495955551615e+01
1.436173611621046220e+01
1.302679650051211269e+01
1.711202116185867084e+01
1.933516798880901888e+01
1.425366096571536545e+01
1.832506016876922317e+01
1.603458261449622313e+01
1.420404101650077244e+01
1.581588828010960057e+01
1.548211727770195445e+01
1.910201620307752535e+01
1.431351838837272439e+01
1.757685110259879124e+01
1.828020173797798975e+01
1.856811656473539784e+01
1.244722416260838749e+01
1.514516887818908941e+01
1.672571871386808340e+01
1.312326840982356657e+01
1.320393671737256014e+01
1.719504039102992365e+01
1.593709433990494695e+01
1.748073852218665536e+01
1.342751003314797487e+01
1.794858013022421517e+01
1.503622251557898615e+01
1.464116548586623168e+01
1.324933880187988144e+01
1.591901897051186765e+01
1.179865775272290129e+01
1.782556707504118521e+01
1.554078383970652766e+01
1.532612775599594457e+01
1.823779009238037219e+01
1.608819847764161182e+01
1.292437904884072886e+01
1.605264397679075827e+01
1.405963262403709102e+01
1.363280595167135090e+01
1.791004903421800165e+01
1.502764814621496825e+01
1.442741584670291566e+01
1.506902919056687828e+01
1.886522660768057946e+01
1.835011336075310595e+01
1.845687444122474119e+01
1.858649836242360465e+01
1.861214855531274992e+01
1.603523682103844195e+01
1.528402383462614011e+01
1.743544069253066908e+01
1.543029487691621249e+01
2.031545124167150362e+01
1.693920101802913436e+01
1.787178291594859658e+01
1.528923691178307287e+01
1.602267454489357590e+01
1.519472801721602551e+01
1.815332322591420322e+01
1.920592659248092460e+01
1.715248160061140936e+01
1.486384781108012021e+01
1.717990910364846613e+01
1.498617151708008599e+01
1.614574133600867256e+01
1.648236590217343434e+01
1.516567385682544433e+01
1.775747167354682077e+01
1.720870804067081039e+01
1.551221420633942749e+01
1.695786232067838384e+01
1.600214731197774043e+01
1.832337648255431617e+01
1.194582953595734764e+01
1.632772161204709249e+01
1.851197689586285478e+01
1.243768938360117993e+01
1.604012135919164805e+01
1.661737376529701748e+01
1.261928759153107826e+01
1.754940175227883259e+01
1.083948592505659292e+01
1.499419202428010145e+01
1.418877088514223495e+01
1.472959407465302561e+01
1.376828669267536931e+01
1.306546586080951755e+01
1.455369683435295514e+01
1.507600568315108802e+01
1.755302292913425077e+01
1.604624064076987011e+01
1.469647119479214936e+01
1.203430615470995590e+01
1.677319804853617313e+01
1.957874992830890548e+01
1.742894263457252890e+01
1.470997779411188766e+01
1.764762318506773298e+01
1.768149301631375536e+01
2.003906434299108952e+01
1.607400528021423014e+01
1.631556288255452358e+01
1.686600797696324250e+01
1.785039647446501121e+01
1.723299034045634315e+01
1.575250999280883235e+01
1.523636851958064575e+01
1.888134633719128885e+01
1.590206517504497974e+01
1.796273763964961034e+01
1.120140924138150318e+01
1.444211492191630697e+01
1.588475047263959539e+01
1.459749399839513018e+01
1.642536082755472648e+01
2.097641340332275206e+01
1.683778832692378558e+01
1.538242281433233494e+01
1.311321830219610263e+01
1.555979847834222340e+01
1.292644955190755596e+01
1.545851546176263724e+01
2.013733907523173983e+01
1.549934330303098839e+01
1.532295570263780782e+01
1.438910312990100948e+01
1.518165950989435409e+01
1.613295606160190232e+01
1.855723739375872228e+01
1.425126717748963756e+01
1.723538286496838978e+01
1.444769757850132130e+01
1.557461040230870708e+01
1.442707133364039684e+01
1.667593393411342362e+01
1.109093404746409917e+01
2.135880758206528895e+01
1.911554719047430240e+01
1.283050596998731763e+01
1.664305866428735214e+01
1.475047841808493487e+01
1.521735329003817583e+01
1.587359511586407024e+01
1.893977574659026786e+01
1.302660021728469530e+01
1.944525268213253000e+01
1.765843492717164409e+01
1.594242592657604618e+01
1.406353354008732737e+01
1.612447024385540573e+01
1.326907649180247439e+01
1.186524696792653266e+01
1.934906336229369472e+01
1.611267807027661902e+01
1.798079910048278762e+01
1.329380520894126860e+01
1.777737751032237767e+01
1.448205759339608889e+01
1.694892072802510086e+01
1.474803722018379659e+01
1.596857190504209356e+01
1.520942025841534395e+01
1.746487477732493687e+01
1.648043398739324417e+01
1.714972692254390552e+01
1.188181061394220350e+01
1.569110488926886759e+01
1.480810079709227800e+01
1.762657521288003437e+01
1.423981150668519291e+01
1.489752136519163805e+01
1.445727428795105141e+01
1.703912128719511543e+01
1.844896090702063773e+01
1.780796426643418684e+01
1.829698813233427401e+01
1.691290654984999264e+01
1.600241401991400281e+01
1.324957831181197676e+01
1.679502788420877479e+01
1.345323885649975360e+01
1.232303522492756187e+01
1.559147409542649143e+01
1.453411640158297402e+01
1.791829485638745822e+01
1.571302926181080295e+01
1.290379723886220198e+01
1.280352012007372942e+01
1.428847142043098906e+01
2.168466215990322965e+01
1.206321729852685110e+01
1.837967899001468552e+01
1.941468255817734700e+01
1.584976990783160211e+01
1.868153447839399561e+01
1.168818816759650225e+01
1.518527421529632448e+01
1.166979675553531948e+01
1.548773028453318723e+01
1.652365169794778765e+01
1.511435562181212688e+01
1.460050811280468608e+01
1.540657376095213671e+01
1.777196416160493797e+01
1.619414603053495583e+01
1.732038907355237711e+01
1.789374094705167551e+01
1.720415307359252921e+01
1.382496225982938398e+01
1.953736240890480147e+01
1.106704508839531620e+01
1.797334382876215741e+01
1.867894800203312755e+01
1.848846458557637007e+01
1.712460683933758077e+01
1.517054989385429487e+01
1.379272590398891118e+01
1.636520706868040520e+01
1.476011431291482268e+01
1.791760717214467746e+01
1.598955617044788902e+01
1.747570622861942979e+01
1.538683320428641998e+01
1.848682600980166413e+01
1.737134933574139239e+01
1.350272680191341657e+01
1.741604469392422772e+01
1.306340904025690364e+01
1.540998567347188164e+01
1.716016736197817494e+01
1.240805272729874176e+01
2.138956431787891788e+01
1.174186984758427066e+01
1.926426416493537630e+01
1.679379091888697317e+01
1.495639730515644850e+01
1.764933114473083364e+01
1.783526508684010281e+01
1.736368108189540749e+01
1.832433369404951407e+01
1.174100176721923461e+01
1.441076920257603078e+01
1.686398194941653372e+01
1.654267667398824315e+01
1.394310740234943502e+01
1.530459295700141276e+01
1.626289000516547745e+01
1.575436726432136503e+01
1.679824656555895857e+01
1.538799018512945160e+01
1.915136775958904281e+01
1.219037241660393356e+01
1.365676616609197325e+01
1.760878480026273962e+01
1.406300181577994657e+01
1.626419105144005073e+01
1.506764020987389152e+01
1.683162172118858990e+01
1.673138793398940294e+01
1.788456874621154569e+01
1.907544041739346952e+01
1.058940550495737476e+01
1.695465176638172622e+01
1.612368402423126312e+01
1.673853985814243828e+01
1.622699408983885050e+01
1.654084119759507132e+01
1.415326288117913300e+01
1.792891237162463369e+01
1.646082467458618837e+01
1.403758861055648310e+01
1.217239111556921038e+01
1.519103684544619171e+01
1.674938522665251028e+01
1.819152933677594319e+01
1.258834063438784412e+01
1.329559553072628297e+01
1.803564396669748504e+01
1.432445366238138718e+01
1.426203762331751967e+01
1.108231669657448393e+01
1.419533241596465878e+01
2.039355945775383816e+01
1.531161611925697130e+01
2.143308220964881272e+01
1.475526430788654686e+01
1.578723111962333903e+01
1.687502093143081083e+01
1.308174882472437872e+01
1.467440540091748247e+01
1.576642294771097674e+01
1.606183724825243431e+01
1.213020573248976675e+01
1.733180817503532722e+01
1.408953240655476336e+01
1.454210807498848546e+01
1.628254965903257911e+01
1.797637157030801447e+01
1.993798527820612065e+01
1.510906051878348499e+01
1.786447179691163356e+01
1.775355119179936381e+01
1.264826604779924324e+01
1.507192018629646846e+01
1.615229837296853788e+01
1.636602857950246204e+01
1.479236603278105378e+01
1.538760643305391440e+01
1.521863971491363898e+01
1.740957487574867457e+01
1.440804688417244073e+01
1.371326082013106884e+01
1.770312025187146787e+01
1.317770273194381581e+01
1.426956143075975092e+01
1.481704165135297124e+01
1.672852905564435844e+01
1.610172615705712573e+01
1.697254260057326292e+01
1.860353912015417421e+01
1.328284216598802026e+01
1.634019288772784861e+01
1.766051852116102694e+01
1.635358594073733940e+01
1.524599224097113748e+01
1.385969520050664627e+01
1.776544004575606550e+01
1.604462043346362421e+01
1.819748717593471099e+01
1.594796119928365741e+01
1.690194404437550446e+01
1.750758439856297244e+01
1.452520033632802487e+01
1.638819095474677212e+01
1.916875367028998056e+01
2.539666870958341960e+01
1.356827985205385545e+01
1.406905301676475872e+01
1.901932119642941288e+01
1.501221411614743140e+01
1.311613462043190559e+01
1.538960106256868166e+01
1.694865340146508004e+01
1.410377658475523610e+01
1.338307111596349230e+01
1.466429769857615462e+01
1.248677905216812789e+01
1.498668055645774189e+01
1.243824793831324449e+01
1.585572588749714384e+01
1.086959021439397688e+01
1.459468482146394663e+01
1.701476370323612031e+01
1.842784033818387712e+01
1.286083619002410927e+01
1.475665637535782970e+01
1.644043614315868851e+01
1.040477419298961692e+01
1.521527005728808213e+01
1.402341888878578224e+01
2.009507506336064608e+01
1.620651894897271461e+01
1.692398184359135271e+01
1.599154453140183740e+01
1.749001633868423511e+01
1.291398246109352499e+01
1.219320340334531316e+01
1.391572119842500754e+01
1.392572579503134378e+01
1.489239630595729658e+01
1.554588434821014609e+01
1.477533520846928106e+01
1.383699039166684130e+01
1.525500631391575723e+01
1.474234189885831192e+01
1.174026565452422943e+01
1.815986108727136994e+01
1.864282498934938914e+01
1.836407398681421199e+01
1.473952001293204361e+01
1.400029750212770630e+01
1.784698065333121875e+01
1.688473179188946460e+01
1.708230316726512399e+01
1.734118444073086351e+01
1.773157244277848577e+01
1.347977011876758091e+01
1.569718029289870564e+01
1.307100024125808702e+01
1.286438062733523147e+01
1.288834672485032407e+01
1.436538054325640879e+01
1.261873046394667952e+01
1.548032501531518434e+01
1.550005292805040291e+01
1.956218016113099623e+01
1.641810863239656371e+01
2.077636921471919251e+01
1.316392973540726530e+01
1.521718457650687739e+01
1.280165866147418186e+01
1.281759316083410916e+01
1.718245503898013737e+01
1.605831935924211962e+01
1.582424135745018390e+01
1.711026449410653782e+01
1.815161202948477381e+01
1.093528477798998999e+01
1.319316131349993526e+01
1.481862285827391723e+01
1.739258805166447885e+01
1.721836491251609758e+01
1.302357888639808614e+01
1.737336963707832282e+01
1.475346876446425171e+01
1.338692700227584353e+01
1.532226708418740380e+01
1.809103000588323695e+01
1.739265761976923486e+01
1.706995753950053185e+01
1.610650429838954878e+01
1.617419865021152603e+01
1.889142080949451596e+01
1.904129705349106061e+01
1.383458466435813961e+01
1.347298319865256744e+01
1.757909028961514508e+01
1.528382456545872614e+01
1.729159206372105473e+01
1.600969238533332728e+01
1.631273418369626071e+01
1.355425632666345770e+01
1.514208242590111553e+01
1.466375278914568980e+01
1.776725183780147788e+01
1.688020252366327512e+01
2.243126855664169028e+01
1.813721081039603078e+01
1.939929678355843734e+01
1.642316035800114093e+01
1.507517052891423681e+01
1.569245795248548880e+01
1.381725650823736373e+01
1.789154931817786931e+01
1.486412745420228099e+01
1.554150371650776030e+01
1.637488129782644108e+01
1.823528984572795864e+01
1.767998726400293918e+01
1.696015485953158475e+01
1.646248873537739144e+01
1.523133853806881532e+01
1.738022617480058685e+01
1.147469367256490358e+01
1.967438553525563094e+01
1.348860933257297745e+01
1.683271907062940898e+01
1.773538898964975274e+01
1.586762748841582393e+01
1.727345239874958693e+01
1.312525962298547633e+01
1.619635057392907740e+01
1.474665089229057280e+01
1.570187942643479317e+01
1.731401255525093674e+01
1.648611086210480536e+01
1.280533235580445783e+01
1.360102423750450384e+01
1.830349413941273795e+01
1.670494770758621428e+01
1.824910317610540034e+01
1.119106168029655279e+01
1.560312214260046737e+01
1.548400750391727243e+01
1.575566406759942772e+01
1.643084295509139992e+01
1.497974383092078021e+01
1.163508596808636320e+01
1.311155171479841641e+01
1.912500668657378711e+01
2.112639732018318028e+01
1.275886513661636634e+01
1.583083836211035234e+01
1.499680046388457555e+01
1.543113300145643407e+01
1.417844387404651307e+01
1.313771393845345870e+01
1.704235556935167040e+01
1.644782369426580715e+01
1.605628640402564855e+01
1.708097232563009626e+01
1.452683026296884350e+01
1.319784548453381312e+01
1.851340262635724088e+01
1.746795054220159571e+01
1.890234201369458233e+01
1.434381188958285058e+01
1.678868451212435886e+01
1.279656293728957550e+01
1.927812639650041149e+01
1.257282309945060028e+01
1.786981635399768464e+01
1.568305389764711677e+01
1.531456242740038221e+01
1.553652842230680342e+01
1.445326252890887453e+01
1.420361991442869609e+01
1.805505506399879323e+01
1.808455026315019865e+01
1.228261109886736335e+01
1.780679590516044541e+01
1.530597625571232179e+01
1.256708337786315788e+01
1.706332692646097726e+01
1.468293046150266079e+01
1.618656819158055526e+01
1.830933942737081210e+01
1.841045406131960505e+01
1.240748882155795130e+01
1.778995482404800299e+01
1.532848984269711501e+01
1.739960592851297960e+01
1.804305026416794533e+01
1.997214326547353380e+01
1.869383816270357812e+01
1.977733304061099773e+01
1.775079866558053965e+01
1.629572446302085353e+01
1.466720759782669958e+01
1.682735630678200422e+01
1.857171848032723105e+01
1.279010862591144004e+01
1.588538210587294230e+01
1.401288637731243192e+01
1.849714759307523337e+01
1.737492873503463287e+01
1.339305129086101331e+01
1.610476074413518788e+01
1.504822568201734256e+01
1.625525136487895139e+01
1.429550963567240629e+01
1.946687756585831508e+01
1.604030254128157296e+01
1.355297088900641711e+01
1.559658687057511273e+01
1.759881100243853069e+01
1.350535202199798057e+01
1.868129739009447476e+01
1.856830939814847881e+01
1.494509933912690514e+01
1.695336656805074327e+01
1.233394627252403630e+01
1.622370201889642161e+01
1.652932854739177770e+01
1.337359118593169605e+01
1.830301883812241215e+01
1.802176425816488958e+01
1.679301525693725239e+01
1.400750714271405961e+01
1.672197264876967537e+01
1.880318006705234524e+01
1.562677737080622187e+01
1.789832684281294561e+01
1.394186156047005731e+01
1.854322424739671149e+01
1.693383188476630963e+01
1.691844816747699554e+01
1.697813036882073590e+01
1.980724394420401069e+01
1.519635565194601767e+01
1.711990949179420696e+01
1.729815583963084435e+01
1.657305305765958181e+01
1.637400465621758272e+01
1.221710374994487935e+01
1.545611987636385720e+01
1.176331036919376238e+01
1.956391391804649516e+01
1.778546801845893555e+01
1.928543810888486476e+01
1.402196956860667321e+01
1.543342790609710313e+01
1.843360587784981419e+01
1.409819340447685221e+01
1.273352318325671995e+01
1.271674228486808644e+01
1.252458948701313801e+01
1.572547382721109344e+01
1.532181572697399474e+01
1.603295364323551553e+01
1.684750710136841434e+01
2.051997409963833974e+01
1.388263742230518361e+01
1.499794850168256843e+01
1.696336472764133418e+01
1.372160866509999799e+01
1.358652907940716226e+01
1.773474492800331603e+01
1.569520949070650673e+01
1.577240640876110689e+01
1.638309697440492130e+01
1.424244618576294208e+01
1.687908959195830860e+01
1.638758557262010029e+01
1.720800580796140267e+01
1.237585634011244906e+01
1.757705710044603364e+01
1.595822588963689626e+01
1.706693112297032044e+01
1.454651289175164841e+01
1.582319918068244213e+01
1.295325516535321242e+01
1.328505558371842632e+01
1.594323103872289948e+01
1.278619800949810781e+01
1.727562154164382235e+01
1.612330251777877521e+01
1.444293310414619214e+01
1.669142973367907601e+01
1.647662904339658141e+01
1.998788019026229534e+01
1.475357098976722448e+01
1.770674679355337133e+01
1.246179253147711208e+01
1.639163331922782163e+01
1.862946859030724767e+01
1.721178644443279282e+01
1.247882447457164190e+01
1.871497699028591555e+01
1.276233393715334685e+01
1.727451642126091613e+01
1.354745608664756773e+01
1.601668583263110790e+01
1.393563295334715235e+01
1.866019051372002480e+01
1.444575070219170776e+01
1.245942357007925949e+01
1.744031001784578905e+01
1.533742938597387351e+01
1.265549661894186784e+01
1.274769683803266851e+01
1.679329977334127122e+01
1.259173869906593168e+01
1.396896927747804718e+01
1.703257748226301516e+01
1.815735264731116771e+01
1.642532234589703677e+01
1.818604320156626386e+01
1.496365619341235131e+01
1.548237098626466768e+01
1.501148413090099787e+01
1.727827585921444253e+01
1.442045233680071981e+01
1.434812328750611776e+01
2.047733792446522472e+01
1.494541157767697470e+01
1.673471568133355802e+01
1.274816288397696873e+01
1.225011392647900799e+01
1.521868485055754938e+01
1.687346301042881436e+01
1.498036405384445757e+01
1.087832273205303935e+01
1.507810869717277136e+01
1.894257844808963043e+01
1.449252917186029954e+01
1.969486083750613759e+01
1.504466668579415689e+01
1.234349534982190555e+01
1.578587024233819491e+01
1.099399816805944141e+01
1.871935908741908960e+01
1.461305664391387182e+01
1.425912492149200084e+01
1.565371651230257299e+01
1.911838780759487832e+01
1.589740045346522379e+01
1.856610512298097149e+01
1.295243591703586539e+01
1.231661343837691014e+01
1.836489322657173773e+01
1.240528227646369608e+01
1.907997549869908838e+01
1.503678447363088821e+01
1.814712336299457718e+01
1.665295861330320193e+01
1.550179996431734786e+01
1.410839237288885606e+01
1.778814436510317165e+01
1.897535274251302440e+01
1.301223993878817886e+01
1.503192351639267166e+01
1.461511773808553372e+01
1.465702653501744557e+01
1.684786558136178769e+01
1.716270237182424196e+01
1.363170118611301973e+01
1.198203783083970109e+01
1.391723590567628932e+01
1.333573094582259344e+01
1.530787581562168143e+01
1.076775055365235012e+01
1.737517689196533510e+01
1.664034175793733183e+01
1.538191847243848542e+01
1.643840286496701353e+01
1.125542944268060630e+01
1.703177051346752435e+01
1.339378999115366575e+01
1.631659635491014626e+01
1.359248792813793472e+01
1.904936366626836985e+01
1.388526758517875237e+01
1.670754617532471187e+01
1.741228874459476827e+01
1.715662504223194063e+01
1.670507711648750870e+01
1.630657381961872332e+01
1.616103267794251153e+01
1.750885598610268801e+01
1.709151125343183253e+01
1.111324191114076498e+01
1.453299878991027683e+01
1.557605224657567788e+01
1.929224577535447338e+01
1.396480025001740799e+01
1.520047319755358650e+01
1.474798634441312650e+01
1.703681781444304733e+01
1.696858426548379128e+01
1.552330143329080769e+01
1.553798770076482683e+01
1.748622455332264281e+01
1.653376996606127491e+01
1.840333272267483622e+01
1.714559533278727343e+01
1.451230921364054183e+01
1.555786735052390135e+01
1.531121281205520468e+01
1.758941033458580705e+01
1.618866516865874416e+01
1.516533190380655327e+01
1.593968626516164910e+01
1.686985521783397246e+01
1.795641867901231592e+01
1.619073237232656481e+01
1.819164846966344840e+01
1.160730562380228470e+01
1.654610751937753221e+01
1.559058781711914854e+01
1.424668606177221086e+01
1.438148977247915461e+01
1.721508190565054619e+01
1.540278836463062184e+01
1.674280329436326653e+01
1.844052189203072345e+01
1.870134070047143382e+01
1.866135194741740477e+01
1.531586256123818934e+01
1.300071789334503336e+01
1.559000252131864528e+01
1.674022680412533859e+01
1.560311012024312483e+01
1.763200774471187060e+01
1.801046231743696424e+01
1.766861164121375083e+01
1.560795462808259693e+01
1.703749010064768044e+01
1.634771893349516603e+01
1.538857835633560178e+01
1.403328467916135835e+01
1.618608162999399624e+01
1.588641634062820174e+01
1.233254687639604086e+01
1.656273063414062818e+01
1.423943937524902381e+01
1.665758971569076863e+01
1.806550058576170414e+01
1.492799688576054962e+01
1.090882479726924004e+01
1.435471136971573891e+01
1.898184852343854701e+01
1.429803190323428197e+01
1.679401271829938835e+01
1.534187190782492749e+01
1.338957776746198114e+01
1.393626020077037353e+01
1.806238407975882154e+01
1.507092153292646586e+01
1.724063989019586884e+01
1.322113302486023301e+01
1.722649436117583832e+01
1.471016959112617251e+01
1.512349540986194540e+01
1.279138346185167130e+01
1.677943267859991394e+01
1.849422247550809217e+01
1.045007574445460286e+01
1.843144179669016225e+01
1.463882249417842729e+01
1.571984163118451860e+01
1.716237957096407385e+01
1.420720322320386053e+01
1.654229144910034677e+01
1.778042835863256599e+01
1.603851188431501029e+01
1.555948307950721876e+01
1.574961369930028354e+01
1.477043727051762012e+01
1.655351202801616495e+01
