2.679400193032142852e+01
2.654195243825688522e+01
2.654936004267983662e+01
2.579001805605912523e+01
2.674153957901398826e+01
2.662735719568445347e+01
2.695892207070937729e+01
2.703319953055688529e+01
2.663898969062393007e+01
2.591730171339258959e+01
2.613390201673428237e+01
2.712055409524145944e+01
2.444784851053555030e+01
2.600741179559099692e+01
2.670320610163253150e+01
2.719164912152064062e+01
2.651185501459895022e+01
2.645546652698521939e+01
2.680118859309095569e+01
2.657298552265274338e+01
2.667399216109060944e+01
2.668431787490317220e+01
2.587230930415898911e+01
2.678141547418726987e+01
2.656688681600917334e+01
2.770787128644769837e+01
2.690083907171174360e+01
2.687821383905702533e+01
2.466516371787020034e+01
2.647980850801559427e+01
2.684555470677150879e+01
2.691436778194565704e+01
2.663704312210938951e+01
2.578437764950831479e+01
2.677660170977833332e+01
2.653467661775448505e+01
2.691952450316057366e+01
2.651402963153759629e+01
2.630660906002322008e+01
2.618862013472607941e+01
2.688010658365328709e+01
2.760095185201134882e+01
2.658740447767922888e+01
2.677862073342930671e+01
2.655190725294505683e+01
2.597054940988982707e+01
2.614520010980413645e+01
2.663324890295189107e+01
2.665673402689026261e+01
2.682244688215450878e+01
2.640300212494457810e+01
2.612433294308539189e+01
2.705419180310400407e+01
2.710647797977617302e+01
2.706513461457507219e+01
2.603011377803977666e+01
2.666153985113578528e+01
2.683022562112819287e+01
2.678276481905686524e+01
2.658032376045957790e+01
2.640939944885758450e+01
2.671375203256138775e+01
2.678621268632468855e+01
2.650076801602335763e+01
2.654601309392910480e+01
2.517839387423555308e+01
2.668793834488678840e+01
2.653346632889406465e+01
2.651518801306701789e+01
2.803342341535790183e+01
2.705601142336945486e+01
2.660988928485767246e+01
2.648881507737678476e+01
2.666328755383074167e+01
2.647246141561026889e+01
2.679225600995050627e+01
2.705931030598821962e+01
2.580571503462397231e+01
2.722508490255586366e+01
2.647808959450503608e+01
2.670412021071842901e+01
2.684167167818941380e+01
2.641443562918721000e+01
2.690650888733489410e+01
2.567767033017480571e+01
2.643631955963519431e+01
2.702255312484066962e+01
2.615629310370241001e+01
2.680580406584613229e+01
2.631244628633066895e+01
2.641320485277628904e+01
2.672805714554579026e+01
2.657008887954179954e+01
2.658283320686132356e+01
2.614601243736615288e+01
2.693106310369421408e+01
2.591348445557650848e+01
2.667595498141690769e+01
2.645289132256129960e+01
2.603284612097104400e+01
2.646456758903241280e+01
2.389068425222558290e+01
2.666156031161153805e+01
2.716183301017372287e+01
2.688775918619012373e+01
2.662028502626162663e+01
2.565019995057718916e+01
2.662886517682909471e+01
2.642317963396635605e+01
2.668993665401376347e+01
2.557726581049519154e+01
2.620085249401745386e+01
2.662269932570416131e+01
2.653449707672461955e+01
2.808293888629214052e+01
2.716914004693717288e+01
2.716699300226264313e+01
2.667077087714187655e+01
2.596587621464732365e+01
2.627631988532630203e+01
2.633114898598887521e+01
2.681247518896270776e+01
2.631640360786877864e+01
2.632958980132752913e+01
2.651922945980095392e+01
2.706163681572797941e+01
2.663287969472912664e+01
2.649046388114311412e+01
2.614827980791142181e+01
2.710502826039282809e+01
2.669696174181535753e+01
2.679079393273423193e+01
2.639884874699055217e+01
2.641474037844182021e+01
2.660848530652947375e+01
2.678677615945616708e+01
2.643654555125158367e+01
2.636259206684280798e+01
2.660082004150081048e+01
2.550397458781480964e+01
2.677378536072228599e+01
2.645094730776690994e+01
2.664739936765636230e+01
2.666136949383871979e+01
2.638241059079973638e+01
2.600901838746631256e+01
2.661349975883149455e+01
2.656497145705361618e+01
2.689331973710523016e+01
2.617885641193061019e+01
2.618418721595753595e+01
2.684094187421760580e+01
2.587186990929603780e+01
2.651715471219085885e+01
2.646347475433049112e+01
2.623732732103053422e+01
2.622994634647147905e+01
2.633538588715964579e+01
2.640634035528273671e+01
2.652283283201359154e+01
2.630697578339913889e+01
2.700725622144000226e+01
2.687081664388551872e+01
2.679838035740522173e+01
2.695532314977026545e+01
2.577248444967244723e+01
2.630702429997836589e+01
2.514757905438182206e+01
2.686420827333768102e+01
2.642923937422710878e+01
2.612376111339926865e+01
2.622252662188566319e+01
2.669426918995304732e+01
2.698676984612211527e+01
2.652618200640972645e+01
2.652258658252685564e+01
2.714532892299484956e+01
2.657321208651137567e+01
2.654423550558476563e+01
2.653443676833012432e+01
2.622797066132898181e+01
2.688448333878568519e+01
2.658036368029570440e+01
2.649060437999105488e+01
2.665993704444736068e+01
2.713993505782764259e+01
2.653733966153959045e+01
2.663473321796573146e+01
2.664353049512283178e+01
2.562388957286020741e+01
2.660211278413135005e+01
2.670963804204620828e+01
2.616260085568046634e+01
2.820084096649497951e+01
2.658881202748489159e+01
2.704750599145336309e+01
2.669972691240400309e+01
2.672360416116134729e+01
2.621447245764738909e+01
2.634783973307457927e+01
2.764780682750279084e+01
2.671757633094239281e+01
2.697337915962270927e+01
2.658469845011040888e+01
2.553392946875374037e+01
2.657817024063024292e+01
2.636497038839934248e+01
2.644900635035446612e+01
2.670811210210285935e+01
2.648800688125174929e+01
2.657575531772272370e+01
2.646713823147729272e+01
2.677725621338140627e+01
2.646281391244156111e+01
2.536263896562468290e+01
2.656381465535196185e+01
2.688721485390033195e+01
2.683603133147789777e+01
2.585959924820417655e+01
2.719910952781538072e+01
2.667612273868053308e+01
2.673334724761389225e+01
2.702584064027087152e+01
2.636840193137595634e+01
2.706923781023397169e+01
2.646180203723270097e+01
2.628207839259903267e+01
2.653580169313227088e+01
2.669105670858425583e+01
2.709382276661654032e+01
2.658762790528908226e+01
2.683018973687467223e+01
2.658935723921968020e+01
2.617330698934438260e+01
2.625535323817439348e+01
2.609680976166055189e+01
2.602062910764470871e+01
2.638230116711656592e+01
2.672611018429779506e+01
2.665144319862429256e+01
2.674500759248621762e+01
2.696972949464543490e+01
2.617866061243330478e+01
2.624923678456707421e+01
2.746479123995504779e+01
2.657838356025968096e+01
2.635851408397411433e+01
2.665603493661910761e+01
2.721978836144262459e+01
2.523151837132354558e+01
2.633724577771954500e+01
2.650790812934155838e+01
2.676256935740548215e+01
2.663342697413554561e+01
2.669323190158502257e+01
2.709306258231026732e+01
2.684879111386817385e+01
2.634650365784273163e+01
2.663422365131827974e+01
2.648631437088261009e+01
2.667564400769242638e+01
2.659612446136907238e+01
2.616845503736203682e+01
2.697882547823974164e+01
2.599977486817533645e+01
2.760451717671367078e+01
2.702849372061336908e+01
2.678904919765045634e+01
2.698053591129519191e+01
2.674593988405104028e+01
2.562023516017688962e+01
2.506337072507267294e+01
2.636396938688449154e+01
2.643318401300621190e+01
2.685186516749672592e+01
2.641181687029074965e+01
2.662949780684266443e+01
2.682987472496188275e+01
2.670548373683686805e+01
2.688818415383593674e+01
2.688790451935983583e+01
2.653326566248597373e+01
2.675482798979555810e+01
2.643154608447093779e+01
2.673208789320779033e+01
2.590232168503644061e+01
2.641070235973438685e+01
2.590620502102046885e+01
2.665698475847148075e+01
2.725125770363138145e+01
2.636041806054799963e+01
2.646175096226033929e+01
2.631300801586348825e+01
2.655835426456997084e+01
2.606256832007238700e+01
2.645621637632211787e+01
2.630866531824722188e+01
2.723282176841803448e+01
2.692240837006556831e+01
2.645313212834844308e+01
2.649317796412560710e+01
2.646832600449215533e+01
2.685983299006693414e+01
2.660943397527171328e+01
2.642997188391382224e+01
2.628433073501309991e+01
2.687496756234668283e+01
2.643893317881520488e+01
2.668815382509728806e+01
2.654139265383309976e+01
2.648161833852009295e+01
2.630529003484389250e+01
2.629476692378193547e+01
2.685431873290690419e+01
2.680158354619288730e+01
2.667757849451663787e+01
2.666729607936122193e+01
2.629255965726588329e+01
2.562759781640215806e+01
2.684796207025101467e+01
2.647707896636347868e+01
2.654157155980101379e+01
2.667963125476126152e+01
2.668696215850286535e+01
2.671990584697960003e+01
2.582622718969014386e+01
2.679803152600015892e+01
2.669033918721197551e+01
2.674993704269127193e+01
2.571435604325870372e+01
2.672937390955212322e+01
2.636637346354564215e+01
2.677933616275731765e+01
2.623379338702306995e+01
2.669914549154873384e+01
2.772554505890639120e+01
2.615776891270979831e+01
2.595182717140596651e+01
2.667053137602761126e+01
2.689207382258882717e+01
2.667174232967772696e+01
2.716169892031848576e+01
2.625374838900916075e+01
2.640933167537059489e+01
2.663133676002689754e+01
2.662165176599501137e+01
2.759087013918633602e+01
2.648547872411381832e+01
2.636833946643855597e+01
2.625837086515912233e+01
2.704554876741167391e+01
2.678895213289524690e+01
2.660346599929016520e+01
2.636484766323337681e+01
2.639714038224246906e+01
2.748011718385987479e+01
2.592233015547935793e+01
2.644980292478066985e+01
2.618079967327958002e+01
2.646548906653060840e+01
2.655579942196618504e+01
2.676907855552417459e+01
2.665719194475150289e+01
2.577931184699718870e+01
2.680804773428098997e+01
2.602148860529268859e+01
2.681370303781022812e+01
2.653796072852128418e+01
2.667065750702749938e+01
2.677652340735403413e+01
2.672379290659682738e+01
2.710198529930494260e+01
2.649951923801381781e+01
2.664379934510088788e+01
2.661225425821976387e+01
2.674940344985134288e+01
2.648616368262355536e+01
2.667696157899536047e+01
2.655599194711339806e+01
2.604545299204710318e+01
2.655078435854102281e+01
2.795912567208597466e+01
2.648407916939322604e+01
2.663298536590809817e+01
2.565095497326183249e+01
2.700554633446427033e+01
2.652573059761198238e+01
2.695361084784872219e+01
2.670678867047627136e+01
2.611865401097838912e+01
2.662550451536117180e+01
2.658902832119383675e+01
2.658491303237951797e+01
2.659628624992728874e+01
2.669137833620425226e+01
2.711572943745704833e+01
2.642834258656512247e+01
2.585746519170788815e+01
2.651384423836861970e+01
2.697693964040900028e+01
2.567633374425804504e+01
2.653365304790986556e+01
2.707260772102927149e+01
2.593398072990657965e+01
2.658513517054416297e+01
2.680134533915497741e+01
2.643201352984942787e+01
2.650946510620997287e+01
2.657043362628974137e+01
2.611408525054685015e+01
2.664793237278809102e+01
2.706367476767354674e+01
2.652853725492786907e+01
2.590706317247077095e+01
2.659798487590978766e+01
2.679650151582882245e+01
2.596870147160188935e+01
2.654873856799531495e+01
2.668967306365630066e+01
2.698504690535810369e+01
2.678780074894257268e+01
2.779934507592042792e+01
2.705044540816379595e+01
2.534603831912136229e+01
2.687725406591380306e+01
2.667048170086036407e+01
2.686297521189953841e+01
2.648609599977407925e+01
2.683707029338165739e+01
2.675649667809557286e+01
2.715532219938177150e+01
2.662027674410092004e+01
2.676146196746230999e+01
2.698210141955132713e+01
2.683382709606303251e+01
2.672270576282699039e+01
2.675720096670647763e+01
2.617596396695171279e+01
2.604915520252870920e+01
2.634534549897762190e+01
2.661090312415126391e+01
2.670412700552060414e+01
2.664765265420464857e+01
2.532389709298513480e+01
2.672742689148162754e+01
2.593305707958006678e+01
2.639295056018545438e+01
2.678485037801874569e+01
2.652594161340402934e+01
2.676624430163792567e+01
2.751451195584377274e+01
2.396960420979394257e+01
2.673707839805592812e+01
2.660801719307710300e+01
2.674392941986479855e+01
2.615769117631498375e+01
2.678300953887264768e+01
2.638971818209392950e+01
2.512943994734996522e+01
2.695595698053966771e+01
2.680472281724814820e+01
2.699480749974827631e+01
2.672344285377948836e+01
2.640661291592186899e+01
2.564802339499692607e+01
2.667046667297927343e+01
2.654641227211595833e+01
2.724392876054389490e+01
2.676304662419352098e+01
2.679027895652416191e+01
2.610123869809467578e+01
2.653158358188011334e+01
2.799415881061395339e+01
2.663144158733757649e+01
2.680274939439732407e+01
2.676075926211433398e+01
2.694884185121281917e+01
2.701963363085815217e+01
2.679561814105454687e+01
2.638278456660646043e+01
2.626789989961707761e+01
2.618877736086324148e+01
2.680015672452009312e+01
2.692046073806614004e+01
2.678974505397127359e+01
2.665909466622633772e+01
2.671059549883830186e+01
2.662922223329223925e+01
2.779516290780338750e+01
2.664829206814920326e+01
2.642082631167068030e+01
2.614185907954106369e+01
2.653126385625000694e+01
2.614163440788070147e+01
2.618989580867128097e+01
2.681606612295217928e+01
2.658247295126056997e+01
2.644545424636817188e+01
2.645977438128738868e+01
2.560963960461413080e+01
2.638776378608599771e+01
2.655039768293772795e+01
2.647582136089658889e+01
2.660963354299929051e+01
2.670797957634385966e+01
2.639512871703664132e+01
2.655032341260721296e+01
2.698840733997076313e+01
2.625425689374878857e+01
2.680598360666681401e+01
2.687913455938905827e+01
2.684557304630379804e+01
2.690032585142034804e+01
2.681217989787364786e+01
2.671159037229335809e+01
2.645541923478685931e+01
2.718286407503637747e+01
2.643633406172648392e+01
2.662703651020092366e+01
2.673931011336844676e+01
2.727668316759900335e+01
2.543038250276185863e+01
2.670046850137532601e+01
2.686527443833438156e+01
2.661960143030773907e+01
2.992211749136822618e+01
2.643576511774517712e+01
2.655482006199417810e+01
2.748994609712281090e+01
2.681030634461785667e+01
2.654340785573731409e+01
2.644058268318622140e+01
2.669394571246721171e+01
2.668305480127128249e+01
2.640052118610037724e+01
2.616641089655149699e+01
2.660502684429866349e+01
2.664955219237617712e+01
2.663006802666313888e+01
2.663518477305206034e+01
2.486229648217704380e+01
2.641462515225339303e+01
2.646535584860157542e+01
2.614757307903528272e+01
2.658248073806953471e+01
2.669236661883041961e+01
2.605458865839318605e+01
2.275465523588354699e+01
2.656809294688719092e+01
2.656870022311613866e+01
2.686774619886818982e+01
2.643226138188219920e+01
2.699672073813053430e+01
2.700572883485347120e+01
2.675004089655612916e+01
2.663379352522042609e+01
2.687816152939558378e+01
2.674945930519697868e+01
2.645092220686819928e+01
2.640717134893566254e+01
2.625802928997927665e+01
2.636385656322454452e+01
2.643053679863987782e+01
2.671596197413600748e+01
2.628009351448417874e+01
2.724950841237750865e+01
2.571632309966753382e+01
2.726097118871439307e+01
2.649754834685245442e+01
2.669353069510361820e+01
2.640527194787955523e+01
2.645735168875216914e+01
2.653605235459599498e+01
2.607134285019401432e+01
2.656479185496391437e+01
2.719187737627908064e+01
2.656679839930075104e+01
2.629339179853286623e+01
2.672319908943336486e+01
2.661455443407066923e+01
2.652765901934617432e+01
2.667285578429891757e+01
2.670041068353566516e+01
2.667304256795159745e+01
2.655072368250057480e+01
2.771244901064255828e+01
2.682351572166226106e+01
2.715034299690069020e+01
2.660351875842388836e+01
2.674708616478801559e+01
2.646391192948249227e+01
2.658012517681618192e+01
2.630799467064480268e+01
2.664742832389674732e+01
2.668954827217476122e+01
2.728795716006061411e+01
2.627242226950056647e+01
2.516070258039144392e+01
2.681335558459250024e+01
2.650239506175148563e+01
2.653082057564824936e+01
2.559667764588175487e+01
2.666660738399605179e+01
2.655375622525934887e+01
2.634906320319987572e+01
2.668227642028159607e+01
2.621872837445698678e+01
2.615907407205668278e+01
2.674585154619944660e+01
2.686392653789334872e+01
2.639400700307396619e+01
2.672556896368951129e+01
2.610988972039649525e+01
2.502489935086487094e+01
2.662156795764258277e+01
2.697621420087125443e+01
2.671414832371738157e+01
2.670927382565150765e+01
2.624906879540867521e+01
2.661731758645782975e+01
2.696419706550204864e+01
2.621236523123843654e+01
2.666981943667178712e+01
2.659319626024898753e+01
2.616916320198015455e+01
2.703017052774612239e+01
2.950186490693795349e+01
2.642272680755286274e+01
2.643973807442580437e+01
2.639502535817791795e+01
2.654147667982215353e+01
2.681093583473739272e+01
2.664797918671683874e+01
2.590198705120656086e+01
2.651287576701361104e+01
2.629919507975500892e+01
2.691555411901936168e+01
2.703771451653483382e+01
2.686877281162560394e+01
2.599072369475561572e+01
2.655408582248037419e+01
2.621402659849445627e+01
2.717289140609500464e+01
2.714778903018668643e+01
2.617563852524745016e+01
2.671870442411363911e+01
2.707307167803264747e+01
2.683444433453678357e+01
2.655326518884794496e+01
2.677066349442429782e+01
2.662383161993238900e+01
2.716316111520063714e+01
2.651652082661348686e+01
2.632269002263910807e+01
2.630741547166871896e+01
2.633023274622701138e+01
2.662662274536705809e+01
2.659058403009021276e+01
2.592429770399758127e+01
2.649845400385675021e+01
2.667715699792643136e+01
2.732400417587177799e+01
2.638697358247918601e+01
2.687382718529170234e+01
2.662145775423323357e+01
2.613985692358346569e+01
2.652813455020714173e+01
2.727102576694414893e+01
2.663384831467465119e+01
2.660523909604034998e+01
2.624594496368899854e+01
2.706996358370543021e+01
2.591840907462938048e+01
2.665170946860780532e+01
2.630010649830092007e+01
2.656903848460387962e+01
2.652881705532308843e+01
2.690987989455152274e+01
2.564995990243187407e+01
2.666754324799876485e+01
2.663207531132957229e+01
2.675782457733657793e+01
2.665380497534442839e+01
2.608234728114985046e+01
2.658690860969272762e+01
2.647645451312200748e+01
2.653338538693333248e+01
2.634048953581168462e+01
2.688877299061914528e+01
2.618123174804532027e+01
2.653390808339281648e+01
2.659798468967983354e+01
2.687205300455207180e+01
2.634238391205872176e+01
2.672402213378700253e+01
2.652699863707857730e+01
2.679765815829159692e+01
2.703634190390948788e+01
2.694866363903747697e+01
2.668977317961071094e+01
2.635246723252748779e+01
2.676164228145353263e+01
2.664529028035849478e+01
2.621628517265071423e+01
2.621599406789391651e+01
2.665616489866260963e+01
2.716182509238569764e+01
2.730742375599857041e+01
2.686658754262134607e+01
2.502154196327683167e+01
2.638088317529764026e+01
2.631689103449934919e+01
2.734925905594445794e+01
2.621797778903692233e+01
2.659809462987323059e+01
2.715501584222147358e+01
2.616515601849096129e+01
2.625845649905568280e+01
2.682536536119096127e+01
2.650590639113761426e+01
2.806831558996782405e+01
2.687990438132055715e+01
2.624649843544193573e+01
2.646806355806620559e+01
2.519248355203308165e+01
2.660591789068439539e+01
2.651173122644559044e+01
2.651871844792822230e+01
2.688404860139598895e+01
2.602931960296245961e+01
2.656722216820253379e+01
2.710971477376733674e+01
2.672345219144153816e+01
2.683462363480157364e+01
2.673351880485643051e+01
2.626292197856037092e+01
2.674534495367242926e+01
2.622293406897642853e+01
2.656879648570065910e+01
2.673600853834250302e+01
2.675225001615490328e+01
2.658230531868321123e+01
2.662124163793032494e+01
2.682464047511257377e+01
2.678700025540729257e+01
2.780771206023291597e+01
2.677608968666572764e+01
2.666966941625378240e+01
2.661906173908846540e+01
2.667078156638308428e+01
2.675499330452203139e+01
2.638148571604597237e+01
2.575020697420404758e+01
2.674976897914984875e+01
2.688301940239671239e+01
2.654056749142091576e+01
2.706962608378671575e+01
2.676982813881386392e+01
2.662257710706307989e+01
2.665751456025736843e+01
2.686777470174365590e+01
2.669630236815373792e+01
2.659011073267356551e+01
2.669247444215307041e+01
2.686546784080928774e+01
2.635822600479241373e+01
2.693404238156472275e+01
2.497604571819465491e+01
2.629818596887707827e+01
2.659526718778488430e+01
2.683007705984618951e+01
2.687956211071468715e+01
2.742236007256451558e+01
2.661427462442134129e+01
2.668758563550545659e+01
2.666765247794319293e+01
2.655855543704092270e+01
2.630958561846819066e+01
2.680959636352235975e+01
2.660154132550724171e+01
2.579706717220960854e+01
2.620333354918784607e+01
2.653900960348983062e+01
2.625576413222825067e+01
2.614754953407918947e+01
2.683437970360955660e+01
2.669934822053073731e+01
2.717916698335284309e+01
2.655650451541441726e+01
2.671608278704752593e+01
2.670594650079419807e+01
2.665038568905310967e+01
2.642330993429186492e+01
2.638033543883648235e+01
2.671217863527181180e+01
2.687310967007852014e+01
2.660400369912076712e+01
2.648484619334340096e+01
2.677031235486811056e+01
2.655179240583856881e+01
2.671215227508400858e+01
2.664388034127114224e+01
2.660750588195787714e+01
2.645752497094872524e+01
2.674673099478422955e+01
2.643872374399506953e+01
2.685567388129675237e+01
2.651344758001778246e+01
2.665442783966409479e+01
2.646677987863131420e+01
2.625992438790945016e+01
2.639214199725574872e+01
2.582940938287902100e+01
2.664314657357590477e+01
2.647894063829335209e+01
2.716585730781935126e+01
2.637803379603701615e+01
2.668121077975865774e+01
2.630976905169700331e+01
2.684293886199066037e+01
2.645237007067225932e+01
2.665176090709428536e+01
2.661684163790960156e+01
2.649013678007486305e+01
2.693979537001996505e+01
2.644193026414995984e+01
2.671488011466499302e+01
2.616574792938445171e+01
2.654674920331672183e+01
2.640635294795629306e+01
2.671035691359702469e+01
2.686613709004814154e+01
2.647855844019795768e+01
2.655285581178304710e+01
2.696754255550058588e+01
2.718120789834847528e+01
2.667972113626001374e+01
2.531999573266421066e+01
2.688256457900024543e+01
2.676235235820149683e+01
2.647798174878607824e+01
2.726821904433563759e+01
2.650003069034482905e+01
2.655991036448995146e+01
2.544630538452565816e+01
2.649771291995784850e+01
2.621042232396393956e+01
2.676500958790347795e+01
2.685786008280138049e+01
2.672748364133440191e+01
2.645739939366012550e+01
2.673113135537641938e+01
2.503111559497119742e+01
2.660653486870160123e+01
2.654847488514678844e+01
2.643522547889187990e+01
2.656310206196121726e+01
2.641374758372239739e+01
2.678446233507293073e+01
2.650023129387318477e+01
2.530567623959996126e+01
2.610267407472565537e+01
2.659698173540891730e+01
2.633260816346773936e+01
2.700704613830112066e+01
2.540043368621536501e+01
2.645522404394432670e+01
2.602203890935106756e+01
2.662222961029692669e+01
2.677679864980564162e+01
2.674399834195628500e+01
2.677418449550441437e+01
2.613954107446807029e+01
2.637104089379499783e+01
2.700145851567413047e+01
2.649933989317833039e+01
2.671576831122001749e+01
2.659680399169337761e+01
2.575740742202651745e+01
2.663654964048328111e+01
2.655928415157086420e+01
2.674844372165080131e+01
2.666162773851920065e+01
2.666097575032381428e+01
2.574399326888396899e+01
2.687657681379914720e+01
2.645361230716207501e+01
2.654934580130429822e+01
2.670878960745449149e+01
2.672871716471854597e+01
2.670260516413782170e+01
2.465798831391020940e+01
2.646620751855152776e+01
2.677449948554840375e+01
2.631825389965433715e+01
2.613599699964470346e+01
2.698881037048977305e+01
2.629833799710559106e+01
2.677193992434058600e+01
2.692668676453104126e+01
2.664011390407540603e+01
2.735828896305883973e+01
2.680130301087774569e+01
2.726706124753036420e+01
2.582766289707433316e+01
2.645638053213770036e+01
2.675014127676331555e+01
2.667224373628687317e+01
2.625232861677250185e+01
2.704670543388692749e+01
2.627605766373017104e+01
2.624116584918101580e+01
2.623190476881427458e+01
2.678461459652226040e+01
2.598011414961183618e+01
2.639050756505184836e+01
2.614662623960339261e+01
2.606156168366214843e+01
2.626132144158418669e+01
2.623136900719600817e+01
2.710373484965293756e+01
2.679501957979209692e+01
2.733905673811568704e+01
2.687056697580919717e+01
2.674526820367918845e+01
2.699129799075944902e+01
2.649955988250894734e+01
2.671434678890273062e+01
2.641894403173500905e+01
2.615138692979417101e+01
2.655604316904737061e+01
2.659661580725969543e+01
2.637982838408879616e+01
2.673190659249939927e+01
2.731583617583146406e+01
2.648417467350009247e+01
2.683103614717037999e+01
2.745253259371384047e+01
2.680669896356630488e+01
2.698728530878815945e+01
2.685097573582515906e+01
2.658734615753746766e+01
2.665238310735912819e+01
2.650325241244172503e+01
2.694699721702727402e+01
2.581614542976421944e+01
2.487789663097100856e+01
2.709892566148027981e+01
2.683006394351377821e+01
2.647176180959013436e+01
2.652195140912590432e+01
2.685078030223849055e+01
2.680480862742206227e+01
2.576953421853249893e+01
2.672288718455729395e+01
2.623618261594947398e+01
2.647774990892776259e+01
2.677149531209852285e+01
2.592498303325555753e+01
2.692075274554917996e+01
2.648876482933974330e+01
2.654474875515825261e+01
2.665233810987865581e+01
2.675097830055074155e+01
2.623641692012824933e+01
2.652232963175902114e+01
2.683128210761697119e+01
2.678300320177004323e+01
2.656212852712087624e+01
2.488432705330978933e+01
2.689759187349227432e+01
2.498715640776299551e+01
2.666993613015347364e+01
2.669491827478032064e+01
2.672768035357785266e+01
2.654405348549425980e+01
2.678786612414842239e+01
2.667756804230248235e+01
2.688526122578241484e+01
2.675440530191644939e+01
2.675052946568212064e+01
2.680993752158065035e+01
2.657147368803816789e+01
2.669858925659627857e+01
2.652237961499758967e+01
2.604869120708008268e+01
2.659603432888252428e+01
2.324378981504924013e+01
2.743663432891935372e+01
2.645201325161178829e+01
2.650977020484151581e+01
2.651634847149125562e+01
2.639567956719201902e+01
2.590247613913379610e+01
2.616293848579971382e+01
2.667643995257094502e+01
2.687268346916516748e+01
2.683344845470583095e+01
2.677166215471879696e+01
2.666262705958615697e+01
