1.554346262211219312e+02
1.542051757997674599e+02
1.520931235017346808e+02
1.675429320888872553e+02
1.584283677591546109e+02
1.465042312320290705e+02
1.527981314953863716e+02
1.566362497664677562e+02
1.526004974475999916e+02
1.633679023290948180e+02
1.609090986993749084e+02
1.602631274029820645e+02
1.370395707141420587e+02
1.595981719081470374e+02
1.512151675062205243e+02
1.669313350415681612e+02
1.653602909977705622e+02
1.623861501490042087e+02
1.596328556026822980e+02
1.447492698550042292e+02
1.598753932370183293e+02
1.498108872667180833e+02
1.677726025274568258e+02
1.453547416475680620e+02
1.562048320528188583e+02
1.566475545322018945e+02
1.580346010171186606e+02
1.626760888834246259e+02
1.704779175752245521e+02
1.531094251083902407e+02
1.523240757512572543e+02
1.619133283554165530e+02
1.508881462193834295e+02
1.686425569780632827e+02
1.613188686345691849e+02
1.540018566242573286e+02
1.430522224183160915e+02
1.599296610373758085e+02
1.557916563681020534e+02
1.374005936205894898e+02
1.492149323208723217e+02
1.674520726842963541e+02
1.609939501584379400e+02
1.523976829857580526e+02
1.547474450705592233e+02
1.678357389632162722e+02
1.622343899076352614e+02
1.514323865944330123e+02
1.481255017023262326e+02
1.603931943661009996e+02
1.559679900130221597e+02
1.638344343388261279e+02
1.502869835061081858e+02
1.604579329530862424e+02
1.533604749834950951e+02
1.639931871446070488e+02
1.595967512619914430e+02
1.484516064999294827e+02
1.450964870365266961e+02
1.517057222019115841e+02
1.536531516158813417e+02
1.407070857973839964e+02
1.600657161647621649e+02
1.465996642856322012e+02
1.549255956720763265e+02
1.684204977579771878e+02
1.474609666069362106e+02
1.461617025968554344e+02
1.555683333978614939e+02
1.639353465081203467e+02
1.569454361263714190e+02
1.597466688165059168e+02
1.546263897391797855e+02
1.508257649771790625e+02
1.520355987033895815e+02
1.539743628626736438e+02
1.577572271197008433e+02
1.592189981190451817e+02
1.412000226950637227e+02
1.626731015427773173e+02
1.606927447885057916e+02
1.527352328621542199e+02
1.536103469162511317e+02
1.550830962671739712e+02
1.690433540093566762e+02
1.453861262254721680e+02
1.571158510950760672e+02
1.626692908400738702e+02
1.545613280754606365e+02
1.594045965355770136e+02
1.472864630398445058e+02
1.521817525262374602e+02
1.456136027654555676e+02
1.615620002957514885e+02
1.532426493840575574e+02
1.558823080123182763e+02
1.630795294409215614e+02
1.486372595040793385e+02
1.585548535007923192e+02
1.635383404040041455e+02
1.592397914382549970e+02
1.360824328532746677e+02
1.557363799730090932e+02
1.503956009591952352e+02
1.439233468206018358e+02
1.482277460582949686e+02
1.655882983201420871e+02
1.503878302695229081e+02
1.656988808534569557e+02
1.505203452068750494e+02
1.742348131895612084e+02
1.552678673549974349e+02
1.464193873134138641e+02
1.478257125728367498e+02
1.610766868819183060e+02
1.702047586025835813e+02
1.592368068051632406e+02
1.537973788102272863e+02
1.617607710359792463e+02
1.531094011480908534e+02
1.623797841619315818e+02
1.585461590658031525e+02
1.805176010373462248e+02
1.554034822181256743e+02
1.538781415363385747e+02
1.580855756942279982e+02
1.622480810742474944e+02
1.542435877775706103e+02
1.570415920746202403e+02
1.578715534017118216e+02
1.597100646248667886e+02
1.509366370387020027e+02
1.495014427180971381e+02
1.542627206873200691e+02
1.494098947267512187e+02
1.459683452524604945e+02
1.595267598237671791e+02
1.559641972367834910e+02
1.536325323608226938e+02
1.365106150735889798e+02
1.475984356956778925e+02
1.471124460010959751e+02
1.416717948401520175e+02
1.518162008220922985e+02
1.572360008554070987e+02
1.586415313734057975e+02
1.514989824356929091e+02
1.565627907467140858e+02
1.681398224975094422e+02
1.619456004944253209e+02
1.568478599615078224e+02
1.616802978330213989e+02
1.637195572356529567e+02
1.468381825192970211e+02
1.604260352540147210e+02
1.590226665275883136e+02
1.561129434348004281e+02
1.542633516439000800e+02
1.536618684752209845e+02
1.533413602695564180e+02
1.612473798000549721e+02
1.557246974941220685e+02
1.531010662008588952e+02
1.571975517967484279e+02
1.626630340402757042e+02
1.631876538179438398e+02
1.630374376545468351e+02
1.393093149992593567e+02
1.569305232653678388e+02
1.497425220881520147e+02
1.597227814715787417e+02
1.605238317294629269e+02
1.517382440650557385e+02
1.399028218991103643e+02
1.502602710230968626e+02
1.493737855323867052e+02
1.548237313934627082e+02
1.509835060730714531e+02
1.480795856937813255e+02
1.515418052546628473e+02
1.585841280890506937e+02
1.602573527551599000e+02
1.618267778630673490e+02
1.540516168125524530e+02
1.498178038354226658e+02
1.563170653877646146e+02
1.590403847321306614e+02
1.598383158433356641e+02
1.537284764520951796e+02
1.657080372343784234e+02
1.491339065073956363e+02
1.452802058785671306e+02
1.574001493454528884e+02
1.622906015275254106e+02
1.517576217985070741e+02
1.567513946302709371e+02
1.598768429711211638e+02
1.515218724646464636e+02
1.543560621714056822e+02
1.589209264666212960e+02
1.627692593316208161e+02
1.548417382078243634e+02
1.622270011898636142e+02
1.631654242714179759e+02
1.680360814478889040e+02
1.414996273890161547e+02
1.515469425768866927e+02
1.581197669711365563e+02
1.470532988875637841e+02
1.490162021975187372e+02
1.568140154613277844e+02
1.605146004879529471e+02
1.645420541178673375e+02
1.560807038270662019e+02
1.647174949442671732e+02
1.515047216576554661e+02
1.541972027121703661e+02
1.505819024071035699e+02
1.564883324016446409e+02
1.383981576425674405e+02
1.609445757373364359e+02
1.578410878523563952e+02
1.531988149824786660e+02
1.631939554430679209e+02
1.557267087731587480e+02
1.455459857328779378e+02
1.564633560397170982e+02
1.496801487460906230e+02
1.451062640326008477e+02
1.589568553890644864e+02
1.533940018524683353e+02
1.504472323302361758e+02
1.543115573884325897e+02
1.664874156178747739e+02
1.617957269205986961e+02
1.671634343146953654e+02
1.635950966912991760e+02
1.681909913476747818e+02
1.534846662357544744e+02
1.520902687189916946e+02
1.587925901975266072e+02
1.546865058660543468e+02
1.739668190201731761e+02
1.613599119362960721e+02
1.572903001854113541e+02
1.583068406172745313e+02
1.549528843095308730e+02
1.499923295714915525e+02
1.644585908920002453e+02
1.692485852204077617e+02
1.610795744854657414e+02
1.490442278611948836e+02
1.578637778714665387e+02
1.512557880930183956e+02
1.573052490445197407e+02
1.569071700538059133e+02
1.534598647665932276e+02
1.615271362918026341e+02
1.579336977663584207e+02
1.576257946208516216e+02
1.615093270840020239e+02
1.570857214679235199e+02
1.648547447498214069e+02
1.411026324586777321e+02
1.595875832628978515e+02
1.625271986870848764e+02
1.433686963924110955e+02
1.541555720127377072e+02
1.546296924695997745e+02
1.496401436143817136e+02
1.642796861182003738e+02
1.384438010184262566e+02
1.530880017906769979e+02
1.482260919954881615e+02
1.498648113168374607e+02
1.501288367324794422e+02
1.450471380446417697e+02
1.509445194251267424e+02
1.532431607863653085e+02
1.551300067979506139e+02
1.558148188822667350e+02
1.562984088350026184e+02
1.446153330642564185e+02
1.592729166167266612e+02
1.661074924723468769e+02
1.614363872947649838e+02
1.534700218055862138e+02
1.622178704020244027e+02
1.636284868006194415e+02
1.663723649324593339e+02
1.608013092015050347e+02
1.567876034122707267e+02
1.564720276002110779e+02
1.594173807830679266e+02
1.640619381767015170e+02
1.551419953591583578e+02
1.519616340434537278e+02
1.673288441948801619e+02
1.555679755569090617e+02
1.587679892932092116e+02
1.402392194095185687e+02
1.534182494947269504e+02
1.588789454553477185e+02
1.522024977983974736e+02
1.603364541384170820e+02
1.790595631431548611e+02
1.562442638713785641e+02
1.540420842913430022e+02
1.440703270423975653e+02
1.518342055747061750e+02
1.463946279905944152e+02
1.533765324231735576e+02
1.662911648668020348e+02
1.581043718954242649e+02
1.538754464667418915e+02
1.481900806776386332e+02
1.553106983476577057e+02
1.556905639668419497e+02
1.658422665564749821e+02
1.471315037256622702e+02
1.614906044181222740e+02
1.517068278815281701e+02
1.541761789325942971e+02
1.489995712384195485e+02
1.544964932172589442e+02
1.375691312298022240e+02
1.836237866539588595e+02
1.642285676819477374e+02
1.460667119782879695e+02
1.634582379305453514e+02
1.513890065139445937e+02
1.542320074522112634e+02
1.543255359046285378e+02
1.649868318971630003e+02
1.463777396092249319e+02
1.635530450310360209e+02
1.630335370852695860e+02
1.599168303464167593e+02
1.508361307788646570e+02
1.560551702941031351e+02
1.470489091299492657e+02
1.394991422536784285e+02
1.671567801716388431e+02
1.581794434947776153e+02
1.645518557868632854e+02
1.478323803207150604e+02
1.531655478361217035e+02
1.555465045214981217e+02
1.634619812483062447e+02
1.509510122067785005e+02
1.572470054602447647e+02
1.546188608574904038e+02
1.605758886586571066e+02
1.585390420349133365e+02
1.581583723932838552e+02
1.352812120591289329e+02
1.538120720959198025e+02
1.523036240589243278e+02
1.617877952991925099e+02
1.516064543883251758e+02
1.518955479827578756e+02
1.526028715135256846e+02
1.625988900776544597e+02
1.636775497175360101e+02
1.637647820857880276e+02
1.605424811844727913e+02
1.593118167479677822e+02
1.570560099641678562e+02
1.488964216791304978e+02
1.565839525857267915e+02
1.461375504223642281e+02
1.430372125329217852e+02
1.550414890175880203e+02
1.525356793127475612e+02
1.602895370457177364e+02
1.534557803252994859e+02
1.457769021231258932e+02
1.469358365868424414e+02
1.528577223239003047e+02
1.982678677229122286e+02
1.417922666599794468e+02
1.588164062834745778e+02
1.649865998827456508e+02
1.519430664209787949e+02
1.661637954858022397e+02
1.419737405955921759e+02
1.570088507651919940e+02
1.415740057231355138e+02
1.544171233070561868e+02
1.586710158506806749e+02
1.496901403810410329e+02
1.507800104087299076e+02
1.593205047619256902e+02
1.637675806319100218e+02
1.562584115608202922e+02
1.599039636760178382e+02
1.603941757492038391e+02
1.603027278429806586e+02
1.513332166991422980e+02
1.639810402807032403e+02
1.380084469795933160e+02
1.616953052886973978e+02
1.612721535739608498e+02
1.610598533784670963e+02
1.602439525020182600e+02
1.514876195510375965e+02
1.436656080750131821e+02
1.574515133590426217e+02
1.500607355192925922e+02
1.671809198500660045e+02
1.597861237002060193e+02
1.594937981079379483e+02
1.550601509210781899e+02
1.616851041713662767e+02
1.621054727643148397e+02
1.482231951825899046e+02
1.615024610623301839e+02
1.439041662950243960e+02
1.569789916954148907e+02
1.611683283723390616e+02
1.437587190919810780e+02
1.653631461867899191e+02
1.408366179818857802e+02
1.699652894092782276e+02
1.594647125511709760e+02
1.530259459055027094e+02
1.608401020211893524e+02
1.627327514327226083e+02
1.579295212069054060e+02
1.665240916664153588e+02
1.395428363113745434e+02
1.473237595831542421e+02
1.600908255597268237e+02
1.574652809830550098e+02
1.484971039382617164e+02
1.532285236970818403e+02
1.629795064783156704e+02
1.567193440479513811e+02
1.572547864461608924e+02
1.548905794207097983e+02
1.640383049676809435e+02
1.444082691141499311e+02
1.491605526732793408e+02
1.657237767140570952e+02
1.517874664413796779e+02
1.557776881776630091e+02
1.571805799618149422e+02
1.590589347128481847e+02
1.602201792809368897e+02
1.597944764071467034e+02
1.607035424386383511e+02
1.380041022049621517e+02
1.604949714369947174e+02
1.540182709144317528e+02
1.589187273840861963e+02
1.558362587323123023e+02
1.579551442605255431e+02
1.495241983320786119e+02
1.702547364157373408e+02
1.546337019716430348e+02
1.490563302866340791e+02
1.431012814481623820e+02
1.512660487880672804e+02
1.597089422020732457e+02
1.622525182871058007e+02
1.473418055015689845e+02
1.459075155018638839e+02
1.607214906039394293e+02
1.510585162420591701e+02
1.519339845540710598e+02
1.385632470449764355e+02
1.573164761221069341e+02
1.668168919426133527e+02
1.516170423629183972e+02
1.804700122563013167e+02
1.542251955839432469e+02
1.537231877709473054e+02
1.553312659915038125e+02
1.465669527713968705e+02
1.540447253454615861e+02
1.573670252382278534e+02
1.566621298178314987e+02
1.421039506599069853e+02
1.580864142214534525e+02
1.513389395854035513e+02
1.526285774326883313e+02
1.505413123225509651e+02
1.653441160855348926e+02
1.604524316627700955e+02
1.522008163367054578e+02
1.613405344438501174e+02
1.631040008852679932e+02
1.449578640492271404e+02
1.579068418584655547e+02
1.572669572850116708e+02
1.610093644923525176e+02
1.502841234380333333e+02
1.538437671057434954e+02
1.558649220488698290e+02
1.625031963645930659e+02
1.509514254601936898e+02
1.513229602865030188e+02
1.629010007012043388e+02
1.480177570935156837e+02
1.504716642245049627e+02
1.561025385739622777e+02
1.586411073292483707e+02
1.544222664067200128e+02
1.612406980991994772e+02
1.641786233997774218e+02
1.476481305902595977e+02
1.571727303191022997e+02
1.575407197595344257e+02
1.526984876518904173e+02
1.515983482159831510e+02
1.500686576356938247e+02
1.593880524696623411e+02
1.566785692527097069e+02
1.637313177939787749e+02
1.598673620331895791e+02
1.590777521051176961e+02
1.653261548267180103e+02
1.453730320060275574e+02
1.581642872112857958e+02
1.666738251220552911e+02
2.268333811137083273e+02
1.523583007693466982e+02
1.514336697750544829e+02
1.622607876159067928e+02
1.509103967424583743e+02
1.522771197804859753e+02
1.542540030151469352e+02
1.567400889874130314e+02
1.459258695437573294e+02
1.501872470259048384e+02
1.539841976126619443e+02
1.459456568560970311e+02
1.532183714716722136e+02
1.417803870286747383e+02
1.595048300331593225e+02
1.366001011934442317e+02
1.521022153936069401e+02
1.590966928789549684e+02
1.632367835639898033e+02
1.460899772319333465e+02
1.522204134093450421e+02
1.585765006740889191e+02
1.334488997691788654e+02
1.561498678019379724e+02
1.521531616110400762e+02
1.727731138093016341e+02
1.535605331700315332e+02
1.583697123120085166e+02
1.485533389175766956e+02
1.608224507505616998e+02
1.478218494439972517e+02
1.430623220606046004e+02
1.466510113621411620e+02
1.484905478708175224e+02
1.516012648467840620e+02
1.521700064729493249e+02
1.501303818206989149e+02
1.521530293480226135e+02
1.514731822624708002e+02
1.542281347905022812e+02
1.396129203621526074e+02
1.625457898400005377e+02
1.649224056429422376e+02
1.602347087008035373e+02
1.552757309881566243e+02
1.549172273171151062e+02
1.616157066683791186e+02
1.602848138261599047e+02
1.596749923374062803e+02
1.610029130834229818e+02
1.615855099657125322e+02
1.478531741264961852e+02
1.589392004541567758e+02
1.447080620235004176e+02
1.434337939710596004e+02
1.478142834201514688e+02
1.510157935091153831e+02
1.413566355362188744e+02
1.536868046812731734e+02
1.544214432261840102e+02
1.624521169049324669e+02
1.565464572443520979e+02
1.682168613860186497e+02
1.440855946560998859e+02
1.597917468032462125e+02
1.461253943653153726e+02
1.514329194658722599e+02
1.632545021420862952e+02
1.559934554734911387e+02
1.587130205801121861e+02
1.524609729614388982e+02
1.641315075262559446e+02
1.356648640809508208e+02
1.435403386954604059e+02
1.563512790488593396e+02
1.614754262440796708e+02
1.613968214666771246e+02
1.475381118505036966e+02
1.582193329612046853e+02
1.533994301750275042e+02
1.489786929999536085e+02
1.534708500428225761e+02
1.648503185142547238e+02
1.572180050227017318e+02
1.569962825124364088e+02
1.575179896123740946e+02
1.572245425247744492e+02
1.676096093681796049e+02
1.700831446602349502e+02
1.479537912583791410e+02
1.472154546200375194e+02
1.584612100617604540e+02
1.549561491300968044e+02
1.609377951483162974e+02
1.521931251122943820e+02
1.558681055029491915e+02
1.490184688041103698e+02
1.499022318123299442e+02
1.499541615639215308e+02
1.646224146741652703e+02
1.577535829634594222e+02
1.770843665161767717e+02
1.620176483056914662e+02
1.666554661493402705e+02
1.564017816378883481e+02
1.530022484250939101e+02
1.532676047256670699e+02
1.508062403449808926e+02
1.660371541517571075e+02
1.496716646665154258e+02
1.566168417471792793e+02
1.536914620238902103e+02
1.597225514521254013e+02
1.625864342013009036e+02
1.606878084532179969e+02
1.552110337485646028e+02
1.543772330469568317e+02
1.542026451123332720e+02
1.416138439239646516e+02
1.675461631926417283e+02
1.485519740270304112e+02
1.593003853963612642e+02
1.568750810037783481e+02
1.541708781832538762e+02
1.592359948589351575e+02
1.483688890625624026e+02
1.575553754852650172e+02
1.528326718121515739e+02
1.598802371122497163e+02
1.615315317739374166e+02
1.606585297270447938e+02
1.480752973214773931e+02
1.484796184847394045e+02
1.643485722135911260e+02
1.600092485363634012e+02
1.619923019326473650e+02
1.433310542918976580e+02
1.553680246329043655e+02
1.545314745945647985e+02
1.584309058996292379e+02
1.572887250314599328e+02
1.536134261879875567e+02
1.404320629341760309e+02
1.452889726831208748e+02
1.677719699568510521e+02
1.901887008163467385e+02
1.444914543520071675e+02
1.590847595000178671e+02
1.527370631626097861e+02
1.563466861833136079e+02
1.490815142388336199e+02
1.448033223313980216e+02
1.620855775391109432e+02
1.598100694823127128e+02
1.564343976674038004e+02
1.592285670144937626e+02
1.538573608681150517e+02
1.494130968353043727e+02
1.673164378447497711e+02
1.625106251138708160e+02
1.659832210148584295e+02
1.476223422839571811e+02
1.564741272275550159e+02
1.420790315654885205e+02
1.667102886378614812e+02
1.455719730483739056e+02
1.646247865132621655e+02
1.506115092301612037e+02
1.545410183518304734e+02
1.561323840443068036e+02
1.488804492359939218e+02
1.473151041431232784e+02
1.587877139780527500e+02
1.653133350704640918e+02
1.453819256761243537e+02
1.619023319078335703e+02
1.533655798927795786e+02
1.431588339716382166e+02
1.605485749997505707e+02
1.495070436738650699e+02
1.570322451992987283e+02
1.653324338616813236e+02
1.645784684888560889e+02
1.446100274790842377e+02
1.648780610816809542e+02
1.545277569595702403e+02
1.575203109582716081e+02
1.598636718640200058e+02
1.707552232056036701e+02
1.637816416228150160e+02
1.717660325756060047e+02
1.628058773880404715e+02
1.564503567979666059e+02
1.533741183445702347e+02
1.556988460683273274e+02
1.577824202932440016e+02
1.433379296023942686e+02
1.577274374959488625e+02
1.485800437597414714e+02
1.668729277083265288e+02
1.587348076385129616e+02
1.478886462216931079e+02
1.519532163082382112e+02
1.518803868022058055e+02
1.582570098649285057e+02
1.510191013127347617e+02
1.663267322504567858e+02
1.528907664417635885e+02
1.490657530333255636e+02
1.562120104653873796e+02
1.644022990945559854e+02
1.469173713176690512e+02
1.650875135851498499e+02
1.621264556416075209e+02
1.513975691628229185e+02
1.596804615786689396e+02
1.455237974240290839e+02
1.568253348336450301e+02
1.585258034654758603e+02
1.472985521062113321e+02
1.564634058526488332e+02
1.584360971096559467e+02
1.573427091846886299e+02
1.502994252813053322e+02
1.593829824990393149e+02
1.645456535581501782e+02
1.561095330171656315e+02
1.619132928321664053e+02
1.515652796610850430e+02
1.660485578718945021e+02
1.542519088391913442e+02
1.599274573186213217e+02
1.586281988385454724e+02
1.673689149551126718e+02
1.504880674914337817e+02
1.584637442774655085e+02
1.565646045414819696e+02
1.589006476850827028e+02
1.575148872376454960e+02
1.449051762404635610e+02
1.520823993755920469e+02
1.476734481699733692e+02
1.772310992424116023e+02
1.666768104463213547e+02
1.662478269878018295e+02
1.480846845957986488e+02
1.511510223118427234e+02
1.603435842089883465e+02
1.480785476486368566e+02
1.451155188845755504e+02
1.452063266045559260e+02
1.456065792716013618e+02
1.586384018479874101e+02
1.540627489287549849e+02
1.612795000215600965e+02
1.601901258068685081e+02
1.760621132613024429e+02
1.509390270704927275e+02
1.538394635710056377e+02
1.595065801467584947e+02
1.466954693711385005e+02
1.518747590996400447e+02
1.614680951153951582e+02
1.577962465386926283e+02
1.543954395994874744e+02
1.611760012325353557e+02
1.496504732500658292e+02
1.631011536161898903e+02
1.590143413739849905e+02
1.589506535877583246e+02
1.490690481824473181e+02
1.590924678476337988e+02
1.567208969515056651e+02
1.602905336311630720e+02
1.553665620688727529e+02
1.556559234886308047e+02
1.439511256942921875e+02
1.467160821559920976e+02
1.539192922448289380e+02
1.441073175098428010e+02
1.582188860311455016e+02
1.528805198355102846e+02
1.519271195254501663e+02
1.541726088768855902e+02
1.569927606180756356e+02
1.702737545046662149e+02
1.535795742072432688e+02
1.624211102264108035e+02
1.451528384933759810e+02
1.570488576029098908e+02
1.636066079436996290e+02
1.622750454425852240e+02
1.459433142523630806e+02
1.658317763526052602e+02
1.450049104089737568e+02
1.610951391230626655e+02
1.487628290866216503e+02
1.580362016688593485e+02
1.472619057107662286e+02
1.679558441638690169e+02
1.491461954935112715e+02
1.447124670227450167e+02
1.605574458175140933e+02
1.533365535834489606e+02
1.487206505198352033e+02
1.441654597884492546e+02
1.575765611335960443e+02
1.486040010548196904e+02
1.460975312260022463e+02
1.588229028226363084e+02
1.638449158322715107e+02
1.536114347128631721e+02
1.672966682404700407e+02
1.562868606486722740e+02
1.525127905742551775e+02
1.530172235387557578e+02
1.566052521944551756e+02
1.515907236273712329e+02
1.469573144271212186e+02
1.833176013024307736e+02
1.518692292757166058e+02
1.582521011290667445e+02
1.458155426307478137e+02
1.430827601332305505e+02
1.499740805597631663e+02
1.554151622591139699e+02
1.518789543696778424e+02
1.393118132933295783e+02
1.508881800457930069e+02
1.642782572279078295e+02
1.526945432667671980e+02
1.684993041858104164e+02
1.506303869371640758e+02
1.438164680884793825e+02
1.560618528518008077e+02
1.367698493966556725e+02
1.672945297245160816e+02
1.476382784271193316e+02
1.550203654221499221e+02
1.555426207531716614e+02
1.654473877049188388e+02
1.524995509885229410e+02
1.638587124306654630e+02
1.478498272820024795e+02
1.458897026952964779e+02
1.619225508264086670e+02
1.407273776448147657e+02
1.695079634750059654e+02
1.520029291485091960e+02
1.604904416125480680e+02
1.565023570338495915e+02
1.531111277975724931e+02
1.495057502630756687e+02
1.632219097569733606e+02
1.621367701715678891e+02
1.497237434822945090e+02
1.506170153710131387e+02
1.538748081496391080e+02
1.508479556301167008e+02
1.627529536200063376e+02
1.596303738014257760e+02
1.495088039927532009e+02
1.429105240823162717e+02
1.489615462833910158e+02
1.465079605878599978e+02
1.529670859146118289e+02
1.385392700787879505e+02
1.606999767200084648e+02
1.571240600635645421e+02
1.575171789077943743e+02
1.622273328556294132e+02
1.393055509180594242e+02
1.593145674661648172e+02
1.468615805862518471e+02
1.609537846481937891e+02
1.455064969221325271e+02
1.676519058680987655e+02
1.503338475548358133e+02
1.563826197317358435e+02
1.664056329575317079e+02
1.594291571873083910e+02
1.542628129054025692e+02
1.564427177969254785e+02
1.570361576805203754e+02
1.574247088323011781e+02
1.610423727182703999e+02
1.393977474031662780e+02
1.538179140780625573e+02
1.585125636636685726e+02
1.644957109502898049e+02
1.521229872038057351e+02
1.578887193060186860e+02
1.539547571098845822e+02
1.647244891259360031e+02
1.610598343375203001e+02
1.525291599483439313e+02
1.521828137266744818e+02
1.596571368065347940e+02
1.585382782070606993e+02
1.684691970317029472e+02
1.608515244041416281e+02
1.485405222533534868e+02
1.549993173571260172e+02
1.615310475434053785e+02
1.614723969057394584e+02
1.584330995805721329e+02
1.527061826957894084e+02
1.568214806484023995e+02
1.609901019424695221e+02
1.551316458989899161e+02
1.594065983516860285e+02
1.609666913306256788e+02
1.383319858515789917e+02
1.549245328262919088e+02
1.522682946365726195e+02
1.470865601825351234e+02
1.520393243147757403e+02
1.559639746576641812e+02
1.587560933775847900e+02
1.570113472038701161e+02
1.693091668698997125e+02
1.695188856871477867e+02
1.629631682981920449e+02
1.550781626219216776e+02
1.484689380818232110e+02
1.550530805549306024e+02
1.572359778122731484e+02
1.586612538895633975e+02
1.665704977008646779e+02
1.619547778400717561e+02
1.632625519283777749e+02
1.562059563968661848e+02
1.583454991599968764e+02
1.590210709625407333e+02
1.515140174979067353e+02
1.540237262182122606e+02
1.548233906896088854e+02
1.505439380131416840e+02
1.424240465327503955e+02
1.623978796683607015e+02
1.495759229116683571e+02
1.532403322988374157e+02
1.600217398912506042e+02
1.493977938862565509e+02
1.329574909759048182e+02
1.465974115154359936e+02
1.701338677615588892e+02
1.509443657025367713e+02
1.566191063683737070e+02
1.541035293218183142e+02
1.474931066821347372e+02
1.479146392010767954e+02
1.606200126343221939e+02
1.459907649810245687e+02
1.590815215229657724e+02
1.474134747620418295e+02
1.560855511166460303e+02
1.529744753444270771e+02
1.543637760132180858e+02
1.470286020623414345e+02
1.624377339182854314e+02
1.632283659276776007e+02
1.370458433699363070e+02
1.624413729500828083e+02
1.549203256322767004e+02
1.530477342576576518e+02
1.589499944303418317e+02
1.464397834395473978e+02
1.600987008303237360e+02
1.631502395615987950e+02
1.529736446128227385e+02
1.532162109050005938e+02
1.511603631410264654e+02
1.530532901177833196e+02
1.588246442645219076e+02
