4.588414832444405874e+03 4.588414832444405874e+03 4.588414832444405874e+03 4.588414832444405874e+03 4.588414832444405874e+03 4.588414832444405874e+03 4.588414832444405874e+03 4.588414832444405874e+03 4.588414832444405874e+03 4.588414832444405874e+03 4.588414832444405874e+03
4.806203364454457187e+03 4.806203364454457187e+03 4.806203364454457187e+03 4.806203364454457187e+03 4.806203364454457187e+03 4.806203364454457187e+03 4.806203364454457187e+03 4.806203364454457187e+03 4.806203364454457187e+03 4.806203364454457187e+03 4.806203364454457187e+03
5.426421763631483373e+03 5.426421763631483373e+03 5.426421763631483373e+03 5.426421763631483373e+03 5.426421763631483373e+03 5.426421763631483373e+03 5.426421763631483373e+03 5.426421763631483373e+03 5.426421763631483373e+03 5.426421763631483373e+03 5.426421763631483373e+03
6.396738914920489151e+03 6.396738914920489151e+03 6.396738914920489151e+03 6.396738914920489151e+03 6.396738914920489151e+03 6.396738914920489151e+03 6.396738914920489151e+03 6.396738914920489151e+03 6.396738914920489151e+03 6.396738914920489151e+03 6.396738914920489151e+03
7.664301898877992244e+03 7.664301898877992244e+03 7.664301898877992244e+03 7.664301898877992244e+03 7.664301898877992244e+03 7.664301898877992244e+03 7.664301898877992244e+03 7.664301898877992244e+03 7.664301898877992244e+03 7.664301898877992244e+03 7.664301898877992244e+03
9.209902950828016401e+03 9.209902950828016401e+03 9.209902950828016401e+03 9.209902950828016401e+03 9.209902950828016401e+03 9.209902950828016401e+03 9.209902950828016401e+03 9.209902950828016401e+03 9.209902950828016401e+03 9.209902950828016401e+03 9.209902950828016401e+03
1.102747872101308349e+04 1.102747872101308349e+04 1.102747872101308349e+04 1.102747872101308349e+04 1.102747872101308349e+04 1.102747872101308349e+04 1.102747872101308349e+04 1.102747872101308349e+04 1.102747872101308349e+04 1.102747872101308349e+04 1.102747872101308349e+04
1.311488672464313822e+04 1.311488672464313822e+04 1.311488672464313822e+04 1.311488672464313822e+04 1.311488672464313822e+04 1.311488672464313822e+04 1.311488672464313822e+04 1.311488672464313822e+04 1.311488672464313822e+04 1.311488672464313822e+04 1.311488672464313822e+04
1.547177519606737224e+04 1.547177519606737224e+04 1.547177519606737224e+04 1.547177519606737224e+04 1.547177519606737224e+04 1.547177519606737224e+04 1.547177519606737224e+04 1.547177519606737224e+04 1.547177519606737224e+04 1.547177519606737224e+04 1.547177519606737224e+04
1.809792188959908890e+04 1.809792188959908890e+04 1.809792188959908890e+04 1.809792188959908890e+04 1.809792188959908890e+04 1.809792188959908890e+04 1.809792188959908890e+04 1.809792188959908890e+04 1.809792188959908890e+04 1.809792188959908890e+04 1.809792188959908890e+04
2.098495787893539091e+04 2.098495787893539091e+04 2.098495787893539091e+04 2.098495787893539091e+04 2.098495787893539091e+04 2.098495787893539091e+04 2.098495787893539091e+04 2.098495787893539091e+04 2.098495787893539091e+04 2.098495787893539091e+04 2.098495787893539091e+04
