2.301013250724546211e+01 2.955538401913374358e+01 3.228708449463940866e+01 3.386168408174317079e+01 3.498985083922484307e+01 3.584041484932400579e+01 3.652275945790043465e+01 3.709021443308279942e+01 3.755989569411123341e+01 3.796711859057288763e+01 3.833807861679952822e+01
2.485602920716147324e+01 3.192306006570055743e+01 3.479043240984660912e+01 3.646123849102870196e+01 3.763923633104168687e+01 3.852163549909015927e+01 3.924163552207806305e+01 3.984372833165039651e+01 4.035985800851786820e+01 4.078117230522235559e+01 4.116581500924260695e+01
3.078099151341736928e+01 3.931524308799512113e+01 4.258534874205344067e+01 4.456351498223335739e+01 4.590511426708539489e+01 4.696224536442001352e+01 4.777616535513992346e+01 4.848579226753444260e+01 4.906305982466108162e+01 4.954943661187338932e+01 4.998017600645198399e+01
4.206348164261486744e+01 5.258400049238782259e+01 5.666322409357596968e+01 5.908079293094557016e+01 6.080678307217294076e+01 6.208027259170110312e+01 6.305510782675681014e+01 6.394098901370801258e+01 6.460594591690079369e+01 6.526424092053302672e+01 6.581078308472758920e+01
5.935647933469066118e+01 7.307814950407480126e+01 7.837809274108568047e+01 8.146003230160279429e+01 8.362977064595062870e+01 8.528634479283678616e+01 8.662811635320200310e+01 8.769600880758295602e+01 8.860005071383230302e+01 8.946352352078345405e+01 9.016363849747524739e+01
8.395627248645659790e+01 1.024704094611738299e+02 1.093782678504806967e+02 1.133727820306783798e+02 1.163336334305435997e+02 1.185105705723815817e+02 1.202383180794260085e+02 1.216006768463891490e+02 1.229720637626533062e+02 1.240502854252771101e+02 1.248598865115902186e+02
1.187379815863277486e+02 1.425834397269686065e+02 1.517256506021549569e+02 1.571258457135660365e+02 1.608896401228505226e+02 1.636907873478127726e+02 1.659515661320960191e+02 1.680715800784861074e+02 1.696333526303764643e+02 1.709681562507379056e+02 1.725406128534918082e+02
1.645128601741952821e+02 1.957406646617085357e+02 2.074519232281394068e+02 2.145887101174144505e+02 2.190765851591480100e+02 2.232853570462234529e+02 2.261340286426150215e+02 2.286106985924887454e+02 2.312739292759214322e+02 2.332900932305284130e+02 2.348007237085708709e+02
2.235247029760449777e+02 2.635786711129754281e+02 2.783249453739125556e+02 2.879543940358208829e+02 2.937714617905776890e+02 2.993324425397028676e+02 3.030762818384282014e+02 3.059466380386774631e+02 3.096551845786219701e+02 3.125129568070535697e+02 3.146957527305310123e+02
2.973695943076900221e+02 3.485191129625396229e+02 3.679075131179799882e+02 3.790451274601911109e+02 3.877608365904955576e+02 3.928179379283465664e+02 3.990989350177836741e+02 4.040939247656324937e+02 4.076705275994132762e+02 4.103750680537108337e+02 4.124265996902340703e+02
3.886262749380264268e+02 4.516708025333066416e+02 4.764742673528332944e+02 4.914783932211165052e+02 5.017534025801077178e+02 5.080001236910907210e+02 5.166983260178303681e+02 5.229460149576633512e+02 5.274827212624576305e+02 5.309413685904443128e+02 5.334324214177385102e+02
