-8.190088341874798061e+00 -8.823243131209892454e+00 -9.072543056194263045e+00 -9.232862660177488578e+00 -9.353686815768014640e+00 -9.449611248030123534e+00 -9.530407926224143011e+00 -9.600481207820848795e+00 -9.661918197194609093e+00 -9.716394621947983978e+00 -9.765305156568501843e+00
-8.357829065815167269e+00 -8.986620144427433843e+00 -9.237985259198467247e+00 -9.400949433998903260e+00 -9.523272019603609806e+00 -9.620510589462355711e+00 -9.703086633970087860e+00 -9.774243567127996357e+00 -9.836316000677470583e+00 -9.891631146823783638e+00 -9.940981301784631796e+00
-8.779168336281145457e+00 -9.400843140119832242e+00 -9.657423494823888177e+00 -9.826806922694231616e+00 -9.952864885868621059e+00 -1.005541912526314263e+01 -1.014131169050597236e+01 -1.021491529153718147e+01 -1.027899122377857566e+01 -1.033529373129931628e+01 -1.038565256826041150e+01
-9.298088347659358988e+00 -9.912772211529954802e+00 -1.017882333688976360e+01 -1.035455115298827877e+01 -1.048793997326720273e+01 -1.059528049315485987e+01 -1.068456972756030154e+01 -1.076014415212193853e+01 -1.082568797051135334e+01 -1.088357333026215201e+01 -1.093547582743849489e+01
-9.790862163870770019e+00 -1.040567859183647670e+01 -1.068272491187235573e+01 -1.086634304553808761e+01 -1.100569000034738565e+01 -1.111666337789574754e+01 -1.120778427131517674e+01 -1.128509129942540312e+01 -1.135231308087895741e+01 -1.141166070574035984e+01 -1.146637499097414548e+01
-1.020940779678130639e+01 -1.083111435093451291e+01 -1.111615696542503429e+01 -1.130789478188671637e+01 -1.145107850161730312e+01 -1.156364591077726800e+01 -1.165650105982058449e+01 -1.173517245985567570e+01 -1.180507702206159593e+01 -1.186859835854920675e+01 -1.192633962520631030e+01
-1.054870506601582747e+01 -1.117896804632619023e+01 -1.147206368965635193e+01 -1.166850942615201348e+01 -1.181333825006004190e+01 -1.192741662256958080e+01 -1.202133173506445019e+01 -1.210376429495590855e+01 -1.217729276094905799e+01 -1.224305383978571626e+01 -1.230220755997288506e+01
-1.081925823245546781e+01 -1.145724486074323067e+01 -1.175732990435790271e+01 -1.195636426147029852e+01 -1.210222547345983912e+01 -1.221725808641713229e+01 -1.231475803455032292e+01 -1.240031524558071396e+01 -1.247561785602738382e+01 -1.254258761571327341e+01 -1.260306901918738731e+01
-1.103525612941666623e+01 -1.167896438301249873e+01 -1.198498720463976497e+01 -1.218518814112030668e+01 -1.233204132109312923e+01 -1.244913149509375216e+01 -1.255000658626522636e+01 -1.263720646044384921e+01 -1.271349055506289005e+01 -1.278172191094563459e+01 -1.284335606138120056e+01
-1.120827313457266428e+01 -1.185762576594424900e+01 -1.216759971707870136e+01 -1.236819428529634024e+01 -1.251554834897979163e+01 -1.263638450138387270e+01 -1.273896377696655691e+01 -1.282706847165536601e+01 -1.290451099841811811e+01 -1.297369351724773878e+01 -1.303618164545696345e+01
-1.134824755623412784e+01 -1.200310048535175156e+01 -1.231503697579319123e+01 -1.251608663023944246e+01 -1.266494073758076411e+01 -1.278835524162059301e+01 -1.289196889778395416e+01 -1.298097468822743394e+01 -1.305933516093136859e+01 -1.312927103957554209e+01 -1.319225338907199330e+01
