1.708753559306077068e-03 1.708753559306077068e-03 1.708753559306077068e-03 1.708753559306077068e-03 1.708753559306077068e-03 1.708753559306077068e-03 1.708753559306077068e-03 1.708753559306077068e-03 1.708753559306077068e-03 1.708753559306077068e-03 1.708753559306077068e-03
1.909668125754668180e-03 1.909668125754668180e-03 1.909668125754668180e-03 1.909668125754668180e-03 1.909668125754668180e-03 1.909668125754668180e-03 1.909668125754668180e-03 1.909668125754668180e-03 1.909668125754668180e-03 1.909668125754668180e-03 1.909668125754668180e-03
2.507750540838410078e-03 2.507750540838410078e-03 2.507750540838410078e-03 2.507750540838410078e-03 2.507750540838410078e-03 2.507750540838410078e-03 2.507750540838410078e-03 2.507750540838410078e-03 2.507750540838410078e-03 2.507750540838410078e-03 2.507750540838410078e-03
3.542115944144774708e-03 3.542115944144774708e-03 3.542115944144774708e-03 3.542115944144774708e-03 3.542115944144774708e-03 3.542115944144774708e-03 3.542115944144774708e-03 3.542115944144774708e-03 3.542115944144774708e-03 3.542115944144774708e-03 3.542115944144774708e-03
5.150134553951027198e-03 5.150134553951027198e-03 5.150134553951027198e-03 5.150134553951027198e-03 5.150134553951027198e-03 5.150134553951027198e-03 5.150134553951027198e-03 5.150134553951027198e-03 5.150134553951027198e-03 5.150134553951027198e-03 5.150134553951027198e-03
7.342348590774492104e-03 7.342348590774492104e-03 7.342348590774492104e-03 7.342348590774492104e-03 7.342348590774492104e-03 7.342348590774492104e-03 7.342348590774492104e-03 7.342348590774492104e-03 7.342348590774492104e-03 7.342348590774492104e-03 7.342348590774492104e-03
1.013286040069747741e-02 1.013286040069747741e-02 1.013286040069747741e-02 1.013286040069747741e-02 1.013286040069747741e-02 1.013286040069747741e-02 1.013286040069747741e-02 1.013286040069747741e-02 1.013286040069747741e-02 1.013286040069747741e-02 1.013286040069747741e-02
1.356677357892574487e-02 1.356677357892574487e-02 1.356677357892574487e-02 1.356677357892574487e-02 1.356677357892574487e-02 1.356677357892574487e-02 1.356677357892574487e-02 1.356677357892574487e-02 1.356677357892574487e-02 1.356677357892574487e-02 1.356677357892574487e-02
1.764008328189667699e-02 1.764008328189667699e-02 1.764008328189667699e-02 1.764008328189667699e-02 1.764008328189667699e-02 1.764008328189667699e-02 1.764008328189667699e-02 1.764008328189667699e-02 1.764008328189667699e-02 1.764008328189667699e-02 1.764008328189667699e-02
2.233246322891225752e-02 2.233246322891225752e-02 2.233246322891225752e-02 2.233246322891225752e-02 2.233246322891225752e-02 2.233246322891225752e-02 2.233246322891225752e-02 2.233246322891225752e-02 2.233246322891225752e-02 2.233246322891225752e-02 2.233246322891225752e-02
2.770830881406925045e-02 2.770830881406925045e-02 2.770830881406925045e-02 2.770830881406925045e-02 2.770830881406925045e-02 2.770830881406925045e-02 2.770830881406925045e-02 2.770830881406925045e-02 2.770830881406925045e-02 2.770830881406925045e-02 2.770830881406925045e-02
