1.039313845774936169e+02 1.047053565155369199e+02 1.054713912891560597e+02 1.063104927116781937e+02 1.071229364878250294e+02 1.079356098861137525e+02 1.086167209672590559e+02 1.094955577894662611e+02 1.102743958607379540e+02 1.110502584171262725e+02 1.118875063117840511e+02
1.237269971250725007e+02 1.251725361218441464e+02 1.266632513966053040e+02 1.280987877537309600e+02 1.295207832744498546e+02 1.309268115242651902e+02 1.322581106487125453e+02 1.334946231829482599e+02 1.347251325454163577e+02 1.357382246067000438e+02 1.368062640638107439e+02
1.831179865993368594e+02 1.880624765657998978e+02 1.930163377915844478e+02 1.980175602593989765e+02 2.030609911328519672e+02 2.081530202915350287e+02 2.132734746093005640e+02 2.184787382579105213e+02 2.238386065146934243e+02 2.292835681444622651e+02 2.349640577753128809e+02
2.730327232389977894e+02 2.840193405829481890e+02 2.929266557465454071e+02 3.001767394939250835e+02 3.071713744407242075e+02 3.162394587611422594e+02 3.257174275625530413e+02 3.349253601209779845e+02 3.440380329624586011e+02 3.533885653903981847e+02 3.626841524595380974e+02
3.771720678628936412e+02 3.948583989290038403e+02 4.126981428353224146e+02 4.316098596274871397e+02 4.492869431674659495e+02 4.652339789535819818e+02 4.835456290199012415e+02 5.017873285042125531e+02 5.179515246762065317e+02 5.326183159644454008e+02 5.482967902881773625e+02
5.467349950654776194e+02 5.788960347391662253e+02 6.081454553199957900e+02 6.413897211026674086e+02 6.736214301282241195e+02 7.019474464355504324e+02 7.331536338801797683e+02 7.629194030142566589e+02 7.907426015359344547e+02 8.179160060761897739e+02 8.452431527314148525e+02
8.801400858276832651e+02 9.356918085117295050e+02 9.908492983039045612e+02 1.052197056477032902e+03 1.105621368543883591e+03 1.163712741783226420e+03 1.218738355142030287e+03 1.270765893700101742e+03 1.322912972847806714e+03 1.373989813119487280e+03 1.422111104512692691e+03
1.698780744987375783e+03 1.817158023795530426e+03 1.932444153751348949e+03 2.064477209513022899e+03 2.180100607341292744e+03 2.303990128980948612e+03 2.421427394269322122e+03 2.532311429656165274e+03 2.643908015786001670e+03 2.752638407039735284e+03 2.851530996872922515e+03
3.947764564745526059e+03 4.246519854151519212e+03 4.539573587234513980e+03 4.874749972633611833e+03 5.171569356438247269e+03 5.485630702828363610e+03 5.779437197093534451e+03 6.063657308047266270e+03 6.340511276737197477e+03 6.609489365373819055e+03 6.853630432618914710e+03
1.026522665062240412e+04 1.109196160817373129e+04 1.194542973665610589e+04 1.286045270866805731e+04 1.370626357054951586e+04 1.457921496154381384e+04 1.539812604704696605e+04 1.620024134524831607e+04 1.697544337043187261e+04 1.768914755789835908e+04 1.835738197553755526e+04
2.775658165013742109e+04 3.006990024137656656e+04 3.261789703504813951e+04 3.514649171547031438e+04 3.770371699683399493e+04 4.016834253617027571e+04 4.251528757835728175e+04 4.483372467338082060e+04 4.693428151056864590e+04 4.897060417137861805e+04 5.089289853206810949e+04
