-6.014146778015856398e+00 -6.031701875581347849e+00 -6.049568045164051000e+00 -6.068216093972296221e+00 -6.087063239083363442e+00 -6.106253286707215011e+00 -6.125466816574771656e+00 -6.145601416101271752e+00 -6.165830570243997499e+00 -6.186608680654899217e+00 -6.208093023342371453e+00
-6.257537135552411200e+00 -6.281974317043932388e+00 -6.307090146292466670e+00 -6.332696980443870416e+00 -6.359035163568478310e+00 -6.386310735779261449e+00 -6.414258735530893318e+00 -6.442909211255027913e+00 -6.472597727752145147e+00 -6.503377966582775116e+00 -6.535871022224455373e+00
-6.818570367413485656e+00 -6.857403517897182610e+00 -6.898100639664335176e+00 -6.940873628973349696e+00 -6.985790409526089206e+00 -7.032939181481197011e+00 -7.082772662652132567e+00 -7.134941040549165336e+00 -7.189402856220112881e+00 -7.246430691775458399e+00 -7.305984585746045923e+00
-7.467896069629205158e+00 -7.528575830638146726e+00 -7.597219072049483657e+00 -7.674101594311650842e+00 -7.758429196364886593e+00 -7.849793348832463380e+00 -7.948840741828462342e+00 -8.055464311455580173e+00 -8.170028023941995343e+00 -8.291322411041619489e+00 -8.420592503152874997e+00
-8.158739352875272743e+00 -8.256238294397917343e+00 -8.367832808726234362e+00 -8.495153419862617739e+00 -8.639289603052020539e+00 -8.799402271488361293e+00 -8.975296016415086342e+00 -9.168843087791174185e+00 -9.377953335369966226e+00 -9.602331597561715171e+00 -9.840848634921712801e+00
-8.822443485387339024e+00 -8.961434734355862020e+00 -9.126287214421608951e+00 -9.321098323180194711e+00 -9.544516694568301318e+00 -9.797744868847075850e+00 -1.007993680121217039e+01 -1.038944234140217304e+01 -1.072475271765142679e+01 -1.108496405257028528e+01 -1.146745394897152437e+01
-9.423033561852207640e+00 -9.608598512822936755e+00 -9.836698800500016659e+00 -1.011120197434138390e+01 -1.043184364942135289e+01 -1.079844159910862800e+01 -1.120820358917626436e+01 -1.165828009050528635e+01 -1.214519511393518769e+01 -1.266555891568714287e+01 -1.321590352079510922e+01
-9.950224731965136016e+00 -1.018526045352700748e+01 -1.048295075304849888e+01 -1.084834496521580149e+01 -1.128005071075676824e+01 -1.177550510090441094e+01 -1.232955745861545438e+01 -1.293717042179196142e+01 -1.359188097738297074e+01 -1.428764017107823747e+01 -1.502078218671158538e+01
-1.040502322783140698e+01 -1.069118338544285507e+01 -1.106422356186158140e+01 -1.152818379439850105e+01 -1.208082710470989696e+01 -1.271678489209079999e+01 -1.342624407359835459e+01 -1.420097794523826451e+01 -1.503276714018284110e+01 -1.591145634545682697e+01 -1.683281542616896331e+01
-1.079422852260904619e+01 -1.113326977318138233e+01 -1.158465181113569997e+01 -1.215341779987284099e+01 -1.283348686509270919e+01 -1.361593602458015084e+01 -1.448630212169518927e+01 -1.543243878857538220e+01 -1.644190457343938760e+01 -1.750367205939255655e+01 -1.860988616934264428e+01
-1.112776218904400594e+01 -1.151923254054054269e+01 -1.205151000402111094e+01 -1.272779735962103587e+01 -1.353980595402390463e+01 -1.447042973748466466e+01 -1.550224280834299861e+01 -1.661637062004956533e+01 -1.780029565168661065e+01 -1.904341915404074825e+01 -2.033701996595482342e+01
