1.825178727124582012e-01 1.864522360700876513e-01 1.922576318917537386e-01 2.002814268252643137e-01 2.100968160151265585e-01 2.217462099781344620e-01 2.345491856699749300e-01 2.498733192916614554e-01 2.662701906635281390e-01 2.840863326974155112e-01 3.036030144126970476e-01
2.610815862943658971e-01 2.691958934871717113e-01 2.803710367008517834e-01 2.942379175511689593e-01 3.109761820522290998e-01 3.305328230909980181e-01 3.524547598935119375e-01 3.764217398781189439e-01 4.027600123224175377e-01 4.300132651351274427e-01 4.598829095352067742e-01
5.731831400908258267e-01 6.108832292033129496e-01 6.564418674366455653e-01 7.110238187524405840e-01 7.752907834550890609e-01 8.499496168330559209e-01 9.355066414369365146e-01 1.032906139283866098e+00 1.143337790675291066e+00 1.266802414033078028e+00 1.405761970625625024e+00
1.198090033022240153e+00 1.301522995721084319e+00 1.398175772638515113e+00 1.510204142496536006e+00 1.661366252011134970e+00 1.846470287491510209e+00 2.055397810205227493e+00 2.288726381759087491e+00 2.551561922210505706e+00 2.847199156559684141e+00 3.166134069050625222e+00
1.904012880184994483e+00 2.128832610553020643e+00 2.402352900436429461e+00 2.701419215564042187e+00 3.038215899272144416e+00 3.462484244118297916e+00 3.935701908733637122e+00 4.424215538272795456e+00 4.974561979620485630e+00 5.610484573371387285e+00 6.303750514101660762e+00
2.913212535411696447e+00 3.354816224018090320e+00 3.878732570619552789e+00 4.444916353168731682e+00 5.148839175781702693e+00 5.919521075498058948e+00 6.785526996272750466e+00 7.777189953311297366e+00 8.878729971745162430e+00 1.004820874533868214e+01 1.133286171047465984e+01
4.229185087233885199e+00 4.965609467468936167e+00 5.867693083489317729e+00 6.897726786472990312e+00 8.114870756443254507e+00 9.439654963290442069e+00 1.098058274165658510e+01 1.268614438128863320e+01 1.454967723506267951e+01 1.664214117662535841e+01 1.888379498873682749e+01
5.824727801986941067e+00 7.022889114218217266e+00 8.491988993001053032e+00 1.013890688957621045e+01 1.209967555846141352e+01 1.426577437674880500e+01 1.673237830040774909e+01 1.943970124507433894e+01 2.252809910712889518e+01 2.590398045600045407e+01 2.957338287931987253e+01
7.745959338738097166e+00 9.595382713584545087e+00 1.177104946199380464e+01 1.431609170089698324e+01 1.726361287798214761e+01 2.057218914804721877e+01 2.436294829639345494e+01 2.855332542660240946e+01 3.333206049699964524e+01 3.882470876487727907e+01 4.503770972267421513e+01
1.003928407663532596e+01 1.263248645775395929e+01 1.580458816008216694e+01 1.949765726181262693e+01 2.381533318927844434e+01 2.865595242448164370e+01 3.430073109210543691e+01 4.094634111982611557e+01 4.869250513420307414e+01 5.884728717612848214e+01 7.125012488185521420e+01
1.267942192922524391e+01 1.627763291214454711e+01 2.066860998366924562e+01 2.588364499354162618e+01 3.185851824816355204e+01 3.906931245254233431e+01 4.764887139864520549e+01 5.928286000458830074e+01 7.422989459632022147e+01 9.143161486612891053e+01 1.119164560597456131e+02
