-6.014146778015856398e+00 -5.996479764671676094e+00 -5.979390008069458418e+00 -5.962612555122177582e+00 -5.946267130075284513e+00 -5.929837731473526219e+00 -5.914076759545423556e+00 -5.898389874146232614e+00 -5.883865712694387184e+00 -5.868468108183151344e+00 -5.854048256042005960e+00
-6.257537135552411200e+00 -6.233686054638383212e+00 -6.210637658459745580e+00 -6.188005357926158467e+00 -6.166301999546703883e+00 -6.145081174581719097e+00 -6.124233778591587907e+00 -6.104244637008378049e+00 -6.084831173920974834e+00 -6.065667548027704470e+00 -6.046976332872873172e+00
-6.818570367413485656e+00 -6.781581237446516752e+00 -6.746206214465928497e+00 -6.712305977980577154e+00 -6.679705088099581189e+00 -6.648077474055753555e+00 -6.617345648719492601e+00 -6.587262535394984297e+00 -6.557994193353806622e+00 -6.529342605863348581e+00 -6.502826812429702841e+00
-7.467896069629205158e+00 -7.413247089407377644e+00 -7.363175855589361163e+00 -7.317002437757764710e+00 -7.274613436111394549e+00 -7.235742339325952344e+00 -7.199740401920280419e+00 -7.166282414054876426e+00 -7.134822771040489897e+00 -7.105187529195973184e+00 -7.077082289815734839e+00
-8.158739352875272743e+00 -8.074472815660556080e+00 -8.001767616478900891e+00 -7.940037782445870107e+00 -7.889445435357629322e+00 -7.845175989205017686e+00 -7.804963952075922862e+00 -7.767981212582526496e+00 -7.734120959576102905e+00 -7.702883813071821351e+00 -7.673651090663042851e+00
-8.822443485387339024e+00 -8.707646602470049402e+00 -8.614267954435490537e+00 -8.537250978115480393e+00 -8.473057144492486259e+00 -8.420439860292390222e+00 -8.377951328093331540e+00 -8.339467942623741692e+00 -8.304189959544601152e+00 -8.272106016993348021e+00 -8.241550072289101081e+00
-9.423033561852207640e+00 -9.276845839649467962e+00 -9.161029926945047919e+00 -9.070941692134510959e+00 -8.998576795765984571e+00 -8.938980048133089440e+00 -8.890233187485137023e+00 -8.849897776944999350e+00 -8.814162861726799747e+00 -8.780650455246359343e+00 -8.749655485717084957e+00
-9.950224731965136016e+00 -9.770493776140938280e+00 -9.635842402694834163e+00 -9.532865256169316126e+00 -9.453700263184146024e+00 -9.389640386671089800e+00 -9.336065835832414450e+00 -9.291402027320145862e+00 -9.254031248365208739e+00 -9.220682355662574992e+00 -9.189070968732266920e+00
-1.040502322783140698e+01 -1.019331838549987879e+01 -1.003939315294701373e+01 -9.927161099749355344e+00 -9.841252643382176757e+00 -9.773414220835547894e+00 -9.717188025915675098e+00 -9.668971617502393201e+00 -9.629062376807269175e+00 -9.594417216776491841e+00 -9.562251161860331194e+00
-1.079422852260904619e+01 -1.055182300540764118e+01 -1.038177674770849990e+01 -1.026024329001302249e+01 -1.016859081662914832e+01 -1.009727794560603797e+01 -1.003848230982839596e+01 -9.988451154713402502e+00 -9.945032794330472825e+00 -9.909438966842571972e+00 -9.876806450556614436e+00
-1.112776218904400594e+01 -1.085581977456968161e+01 -1.067074020791551447e+01 -1.054100341450975975e+01 -1.044557859620908857e+01 -1.037084924017108278e+01 -1.030999373031590949e+01 -1.025847271910606651e+01 -1.021347386829802417e+01 -1.017473728677941835e+01 -1.014091365221247543e+01
