0.000000000000000000e+00 3.522211090967175551e-02 7.017803709459258243e-02 1.056035388501186389e-01 1.407961090080789290e-01 1.764155552336887922e-01 2.113900570293480996e-01 2.472115419550391380e-01 2.819648575496103149e-01 3.181405724717478734e-01 3.540447673003654927e-01
0.000000000000000000e+00 4.828826240554917604e-02 9.645248783272108994e-02 1.446916225177119486e-01 1.927331640217744280e-01 2.412295611975423526e-01 2.900249569393054117e-01 3.386645742466498632e-01 3.877665538311703131e-01 4.377104185550706461e-01 4.888946893515822012e-01
0.000000000000000000e+00 7.582228045066585764e-02 1.518944251984066796e-01 2.285676509927725419e-01 3.060853214265080169e-01 3.848617074254434556e-01 4.654270139326399658e-01 5.476785051541810390e-01 6.314086628663062584e-01 7.170880859121098183e-01 8.031577733163430821e-01
0.000000000000000000e+00 1.153287412307690829e-01 2.340432164601224940e-01 3.570991565538861323e-01 4.838157602534920443e-01 6.140510095065110363e-01 7.491003399081819225e-01 8.891818974007037468e-01 1.035205252901505446e+00 1.186134881845646305e+00 1.343510213337140158e+00
0.000000000000000000e+00 1.817654787373612635e-01 3.660651922473334707e-01 5.551156374167476315e-01 7.498441676943912171e-01 9.542262822833436076e-01 1.170332064339163480e+00 1.400861875208647689e+00 1.643832375793863321e+00 1.899447784489893820e+00 2.167197544258669950e+00
0.000000000000000000e+00 2.537881318858126178e-01 5.120192599861184135e-01 7.838473450647143181e-01 1.071459550075815059e+00 1.377305008554685628e+00 1.701985473118838854e+00 2.049974398778431350e+00 2.420562758106825640e+00 2.812858035576937255e+00 3.225903876682423288e+00
0.000000000000000000e+00 3.317526731734687928e-01 6.756688735549687408e-01 1.040260282206872944e+00 1.433266853655368323e+00 1.859461550975538557e+00 2.317970401691127336e+00 2.808382313560287002e+00 3.331032252208387945e+00 3.884908460440783529e+00 4.466248035078024259e+00
0.000000000000000000e+00 4.147666773860692047e-01 8.471083503536647186e-01 1.315479709046485368e+00 1.826350447572622215e+00 2.385864714233321138e+00 2.993491622783039929e+00 3.645768394471815554e+00 4.337849729017762002e+00 5.066957815415662481e+00 5.831711217979318462e+00
0.000000000000000000e+00 4.978649999429762829e-01 1.024830408914567670e+00 1.601022694649145706e+00 2.239574461327720201e+00 2.943370671255252091e+00 3.709056047682679491e+00 4.532006327735871309e+00 5.403704763375571929e+00 6.317039128680335125e+00 7.270564264308632119e+00
0.000000000000000000e+00 5.814467677737411577e-01 1.202875063427200075e+00 1.893174509859818500e+00 2.664896048463560874e+00 3.518658078974112868e+00 4.447819811866793316e+00 5.443987633861979702e+00 6.496871779108914779e+00 7.594233092549984576e+00 8.733079718786029844e+00
0.000000000000000000e+00 6.634127659708610736e-01 1.380769796105596470e+00 2.186793945111276116e+00 3.094227357814816060e+00 4.099580497313581873e+00 5.192249078027089126e+00 6.357897900943498826e+00 7.586821783388586482e+00 8.868681867261329899e+00 1.019610631374234799e+01
