4.778614495191874448e+04 4.809823313046585099e+04 4.844112234467239614e+04 4.877331886561696592e+04 4.910941974725840555e+04 4.944458233643850690e+04 4.978393468472512905e+04 5.012537284374557203e+04 5.047967418327382620e+04 5.081332550354885461e+04 5.116870738135335705e+04
5.527278424452141189e+04 5.579993752398365905e+04 5.634685181010340602e+04 5.688662691934337636e+04 5.745232084127545386e+04 5.800181257587685832e+04 5.854992637737571204e+04 5.912255739960922074e+04 5.968512497477655415e+04 6.021794710902102088e+04 6.080732729618268786e+04
7.194174352249223739e+04 7.334637474990835472e+04 7.476491623906830500e+04 7.619544866741080477e+04 7.759148435387921927e+04 7.900767037532241375e+04 8.037919389022610267e+04 8.174165303210409184e+04 8.308340064005799650e+04 8.441743996629067988e+04 8.576309689034444455e+04
9.071101771299821849e+04 9.386270214838824177e+04 9.704877947655347816e+04 1.002254790684765612e+05 1.034571024612108449e+05 1.066827502302258363e+05 1.098866680057861231e+05 1.130662863996464730e+05 1.162223380545867258e+05 1.193295321515452961e+05 1.223920652234741865e+05
1.136673114689616195e+05 1.190670805061056453e+05 1.246587441823477711e+05 1.304459242090436892e+05 1.364901926895952201e+05 1.425310949490563653e+05 1.484548867630247842e+05 1.542692947739161318e+05 1.599632656506478088e+05 1.655498782598681282e+05 1.709922012709430419e+05
1.441681046225464088e+05 1.530172215308163431e+05 1.623346283298961353e+05 1.718868840648211481e+05 1.815219899647071143e+05 1.912224518509456830e+05 2.008925705555697496e+05 2.102574653604620253e+05 2.193365487488467479e+05 2.281324142435879912e+05 2.366617186008121644e+05
1.923571092663729214e+05 2.064216982983034395e+05 2.211212020481362706e+05 2.362456824511037848e+05 2.513672136678345269e+05 2.662643646334096557e+05 2.808751047750647413e+05 2.950496595515520312e+05 2.880267523452271707e+05 3.218708002823922434e+05 3.345769523533370811e+05
2.855190613689874881e+05 3.084043324997616000e+05 3.323408896899422980e+05 3.565232459197719581e+05 3.803858689480378525e+05 4.035918000546916155e+05 4.259772084634976927e+05 4.475385009929909720e+05 4.682677205097864498e+05 4.882343872370095341e+05 5.073319968173344387e+05
4.941975900605620700e+05 5.350956481166061712e+05 5.771436093525267206e+05 6.187409298329014564e+05 6.590338494147135643e+05 6.976026894446122460e+05 7.344567898514244007e+05 7.698052259758885484e+05 8.037352951341774315e+05 8.362005846278863028e+05 8.664271351789890323e+05
9.943803634094555164e+05 1.076895476074153325e+06 1.159517224054351449e+06 1.239106185017608339e+06 1.314591520269643748e+06 1.385797905350720976e+06 1.453430611436999403e+06 1.518070885713599157e+06 1.580041426600587321e+06 1.638822045952368760e+06 1.691120105141081149e+06
2.209373747776862234e+06 2.393673479590114672e+06 2.572832026720074005e+06 2.741001384211444762e+06 2.897151372540746350e+06 3.043762561132236850e+06 3.181824188199194148e+06 3.313346056297111325e+06 3.439590620502319187e+06 3.549802347246148624e+06 3.669475655491905753e+06
