2.585842149662392810e-03 2.539648681000533995e-03 2.496380425768276404e-03 2.453607548807788287e-03 2.411661120022476172e-03 2.369426311721749539e-03 2.329472966447002687e-03 2.290036284139111613e-03 2.253936902986172601e-03 2.216738482787169832e-03 2.183100308657635359e-03
3.698432804178227677e-03 3.605249460571907042e-03 3.517001487749615938e-03 3.431210993290660736e-03 3.351594901672642641e-03 3.272407739659814047e-03 3.195432785373638739e-03 3.121769861286548958e-03 3.049591539622767845e-03 2.975453656759934930e-03 2.906582820794569033e-03
8.117408080930390429e-03 7.645288741732226070e-03 7.188897258093375313e-03 6.750267370985731617e-03 6.327229257767225286e-03 5.935271654132646263e-03 5.571375522228210267e-03 5.256381221037728993e-03 5.009423435060594149e-03 4.822383047231776181e-03 4.667691754901902995e-03
1.696279581677706191e-02 1.540992815109039002e-02 1.399726787472235084e-02 1.276109204104607271e-02 1.168193409977753838e-02 1.072093312868566302e-02 9.856509453894529010e-03 9.082667901252994974e-03 8.385274338537817423e-03 7.755214849567524694e-03 7.183399850418119639e-03
2.695092805964268562e-02 2.413568335885046476e-02 2.178468722167335378e-02 2.002124831284313525e-02 1.792913398267900749e-02 1.587116975974546193e-02 1.418946033047393043e-02 1.281315793379579106e-02 1.166511039071283992e-02 1.069033314201245366e-02 9.854947838764515494e-03
4.122806420841523128e-02 3.607908243386947350e-02 3.124902797338207153e-02 2.720873806741400461e-02 2.406956457445321232e-02 2.171508067966011410e-02 1.922900968809191508e-02 1.715759957525489487e-02 1.550796167991657856e-02 1.416395703020366555e-02 1.303675320488386496e-02
5.984267728695503996e-02 5.041153609394051494e-02 4.300894685821957109e-02 3.657807759959658123e-02 3.155703831486518507e-02 2.775717987354254720e-02 2.511812277185832692e-02 2.246479941978798273e-02 2.022722893663370450e-02 1.842532689763365719e-02 1.693631744666383721e-02
8.240976190034302040e-02 6.827103072388997218e-02 5.634478380974793782e-02 4.766440303923406147e-02 4.061701453516037424e-02 3.532343352976315826e-02 3.153142450256724016e-02 2.868124577927384095e-02 2.589405825144119877e-02 2.353914752951045269e-02 2.160038015663335101e-02
1.095785854829918055e-01 8.865270045049929160e-02 7.268535765082703715e-02 6.010857742937611436e-02 5.115495485252801594e-02 4.435301319804050429e-02 3.909550233627004379e-02 3.553837957409785447e-02 3.243600955777812406e-02 2.951193951997738846e-02 2.704455076208275854e-02
1.420063616283337438e-01 1.127247180803158944e-01 9.053888219154369865e-02 7.425434407578954121e-02 6.323129440100799803e-02 5.458837311399222791e-02 4.813951278427645170e-02 4.311510951054282198e-02 3.969429567661829361e-02 3.632077690147349214e-02 3.327814262991159872e-02
1.793317964755880567e-01 1.395696456033330701e-01 1.105091980534439328e-01 9.074788595295696370e-02 7.665178463346446203e-02 6.616321949664898117e-02 5.829885539007423345e-02 5.204612026200990116e-02 4.759489114142471250e-02 4.389804096967746955e-02 4.029787374702576558e-02
