1.660460749373419809e+00
1.684050129040657318e+00
1.662184088878727595e+00
2.169215774938956010e+00
1.653784120373015254e+00
1.496857752647097639e+00
1.913173682910856099e+00
1.660292345843271011e+00
1.644030181010340597e+00
1.951338609575814509e+00
1.485957085949381806e+00
1.721265674720940497e+00
1.726250320660353443e+00
1.481608647244522015e+00
1.674330707575404587e+00
1.491271879541076872e+00
1.840969212489864892e+00
1.698945649934447077e+00
2.052649610946656988e+00
1.767567734027515325e+00
1.530622735368176723e+00
1.857220275875198556e+00
1.373985042612645424e+00
1.392202608283589216e+00
1.365062320660985540e+00
1.451785165105407893e+00
1.576839316044566841e+00
1.395858503573009779e+00
2.061460357295362922e+00
1.450040200109677935e+00
1.343725867806422780e+00
2.069193115347329748e+00
1.916294941937690455e+00
1.575929995366914804e+00
1.882034593100293307e+00
1.360478450594886368e+00
1.471931102294592897e+00
1.798203003477224060e+00
1.818076446565607629e+00
1.486744087564544126e+00
1.686876584527648104e+00
1.621822000399779418e+00
1.966438699787890654e+00
1.747310629673551663e+00
1.669849782801110072e+00
1.538991099834930543e+00
1.783139633496846566e+00
1.305881039352766004e+00
1.793719140758270436e+00
1.758412327517521412e+00
1.515787401254407030e+00
1.435056265062943037e+00
2.314613835575851208e+00
1.631540703767514922e+00
1.388650420841470501e+00
1.434939670455570582e+00
1.313547382883853087e+00
1.576663141997877604e+00
1.358931966401544456e+00
1.548972400935545224e+00
1.511886080986592829e+00
1.605411890907759931e+00
2.229287844768552684e+00
1.615676186990088636e+00
2.004570096509678656e+00
1.317166865215414706e+00
1.722006084124128256e+00
1.792418647850914759e+00
1.587613954748214651e+00
1.936997296804459312e+00
1.439139214492143992e+00
1.535708518970167802e+00
1.609366362526426286e+00
1.479521236457286282e+00
1.530549708366020445e+00
1.869538732509837375e+00
2.149277291203226081e+00
1.614665786385575341e+00
1.555763510264018379e+00
1.402090494305935131e+00
1.289718849084965369e+00
1.920634575175014014e+00
1.331810830334879681e+00
1.710928480497010851e+00
1.326673388457001668e+00
1.869550059756010407e+00
1.659063657776030043e+00
1.770053524268430767e+00
2.094619237576710091e+00
1.819020248474060297e+00
1.924248379950550536e+00
1.287929416336603072e+00
1.770783416013750333e+00
1.562502626607245926e+00
1.651053678876646336e+00
9.597249005439132397e-01
1.542589416756306120e+00
1.545716415215563133e+00
1.242196387340667840e+00
1.414359716914845411e+00
1.837264001466776930e+00
1.552391346542646877e+00
1.598825630188892566e+00
1.602637342094098472e+00
1.679282855930741558e+00
1.541045368837229645e+00
1.536989188987169630e+00
1.897641795630351513e+00
1.476882286185683846e+00
1.663694969970298310e+00
1.406809021405867055e+00
1.460113346723029837e+00
1.745899303056081209e+00
1.554769759781417848e+00
1.750944701409036908e+00
1.490414365828023557e+00
1.591842442163742932e+00
1.613503725714960035e+00
1.954522666707737111e+00
1.579792987997067355e+00
1.290928745011561629e+00
1.698669685123248563e+00
1.562491810464330388e+00
2.039923495454623481e+00
1.949849587096778469e+00
1.897487936077480564e+00
1.635228574133625878e+00
1.902571678033265101e+00
1.337779401224865827e+00
1.636895485108646131e+00
1.267821969822902517e+00
1.922450341097466486e+00
1.606590117994979305e+00
1.760337928122897910e+00
1.645367531152999607e+00
1.564293189214027491e+00
2.008858143340785940e+00
1.734806532620888131e+00
1.562795882479566245e+00
1.665926402116962413e+00
1.493623782431914293e+00
2.115909723622416916e+00
1.424610629264309036e+00
1.854546679901422523e+00
1.968139568665045580e+00
1.756633485573323217e+00
1.799608974254733873e+00
1.789305960428539954e+00
1.610883825706586059e+00
1.820210234383768944e+00
1.842081245921987298e+00
1.583165274828824964e+00
1.346390271831651386e+00
1.338042236085507097e+00
1.430836348636693955e+00
1.263518799629890443e+00
1.824568693826977173e+00
1.946830920625371775e+00
1.751911895669977293e+00
1.354112137558529882e+00
1.979054315574345191e+00
1.439981448817613696e+00
1.629586031930169154e+00
1.684865200001086860e+00
1.902664280503636007e+00
1.683823161604379059e+00
1.631189291868911484e+00
1.678370684056976536e+00
1.248748899502942322e+00
1.846762623411095428e+00
1.642762416319904606e+00
1.693909541874654590e+00
1.778859896169499910e+00
1.588852729849566936e+00
1.589726460103752625e+00
1.537146113293730076e+00
1.304041812933602440e+00
1.407487010971761876e+00
1.625410167267368422e+00
2.123275752993849075e+00
1.698361831247277021e+00
2.031830903246103048e+00
1.724461197812995561e+00
1.800247890044192056e+00
1.790629774612984448e+00
1.706601217173496554e+00
1.529282764037957820e+00
1.854346383340330195e+00
1.981338161347948601e+00
1.548080562943097149e+00
1.376931808864099382e+00
1.311538100575957877e+00
1.821127808970854911e+00
2.027726214735982246e+00
1.564577905220448706e+00
1.588561006962350364e+00
1.571710857019805063e+00
1.775171486049697878e+00
1.746704722430998613e+00
1.743452579249140877e+00
