2.514681211937386252e+00
1.070688760028133402e+01
3.050851503884587146e+00
-9.508529994902346516e+00
-6.941610410740395309e-01
2.813492924151432817e-01
-8.140942814416121109e-01
6.500532056865267805e+00
4.325442622461196152e+00
-6.055585848727787379e+00
8.950886713173531462e-01
1.030926356502550334e+01
-9.419247505502426066e+00
2.445140306283065001e+00
5.885820599442922685e+00
1.893758810077997623e+00
1.304046676912366820e+01
2.979959321633941727e+00
5.921879438246833161e-01
1.963529419548103760e+01
2.183549536111058842e+00
1.551882107720211934e+01
2.418216176490204816e+00
-8.587236048433624092e-01
2.591834342275433301e+00
6.368664658998568484e+00
3.197843525767893880e-01
-2.005615728159682476e+00
1.417110782715280948e+01
-2.039210320031088486e+00
1.015945268101859256e+00
-7.377848608334716118e+00
-8.089860189638784504e-01
4.985227724390824733e+00
8.651047848538837570e+00
2.656547919825243298e+00
-7.822533245780505240e-01
-1.750741356094295043e+00
-1.505069641200861952e+00
1.810675866483506979e+00
2.490988368481339421e-02
6.190847198729898082e+00
-1.333021201154224400e+00
4.437031923933318467e+00
4.783815776600022218e+00
2.703219704117145739e+00
3.614192924870621937e+00
9.005466170574436546e-01
-5.224654551400817581e+00
1.665245619419692957e+01
2.213796411431758315e+00
2.618986697665604879e+00
3.748569654882521718e+01
-1.401154097303333401e+00
-9.565379001951441751e-01
-1.768671437668672297e+00
4.364437707636170671e-01
3.294524850619382050e+00
-5.777726908208933310e-01
-1.450777010542878998e+00
1.287079216794154490e+00
1.514593259377761569e+00
2.017859877219689224e+01
3.013432707472929906e+00
1.348658718673868862e+01
1.379592720137225115e+00
2.635287864952260861e+00
1.922265034432712127e+00
2.173262915801387862e+00
2.228809152443227504e+01
-8.580457123034648248e-01
-7.005866613335456350e-01
3.731188133362593362e+00
4.839004875007958617e+00
4.320909938267504913e+00
1.769111502877058228e+01
3.800411659894416516e+01
-2.658724770772096235e+00
-4.136513212031786679e+00
-1.336670336913812207e-01
1.164727627938191290e-01
4.157708031958463835e+00
5.666452010209468426e-01
3.381666700783171109e+00
-5.565772358986578183e-01
1.501928860189946136e+01
-3.872212085843784735e+00
1.160907606681666948e+01
1.764980247248513479e+01
-4.383736245612453786e+00
1.380486104320880258e+01
-8.249685222617699765e-01
1.147063450792575168e+01
2.214352185441384790e+00
5.103024819747588481e+00
-4.011292967357640009e+02
-1.205847152569731406e+00
-8.633601507935964037e-01
-2.319363228879228700e+01
2.747483115066643222e+00
2.875833541870633780e+00
-1.966386512713143020e-01
3.582745787978637964e+00
-1.036783514769922476e+00
3.902685488817951409e+00
2.927697976644594746e+00
-1.391303284384775907e+00
-2.546139926835166989e+00
2.158078584971008240e-01
4.155904918040505436e+00
4.605573996268503834e-01
-8.512987645317480201e-01
9.836032020130005549e-01
2.505585994808825490e+00
-1.135385333841531974e+01
-2.067908477963101177e+00
-1.002913123624239233e+00
7.391486832688315189e+00
5.851503478786980850e+00
4.314788542053975107e+00
1.357622692889890459e+00
6.816357879875795334e+00
-6.081666619242241723e+00
2.688174554159832041e+01
4.490406227288076479e+00
1.392318436251480307e+01
-1.529335932539652276e+00
1.791297333163856820e+01
-1.553341143135185121e-01
4.749400888706986734e+00
-6.548281176328418951e+01
6.657520494044547377e+00
8.300787064101314172e+00
9.303608188047292060e-01
1.099431687218566367e+01
-8.147779150158385164e-01
2.232512711040453723e+01
6.931716974431765266e-01
5.385799752975799493e-01
-2.452095307080526254e+00
2.091440332050297002e+00
5.231931998915570148e+00
3.377375018144448404e-01
5.114678624895532266e+00
1.798431074236850691e+01
-1.238371620577800059e+01
1.074252061314382445e+01
5.684183387075790961e+00
-7.120275510333158309e-01
3.047882924113764602e+00
1.221014827647104539e+01
-3.448252755460998742e-01
1.052892221491674718e+00
-3.252321868912986247e-01
-7.975510142396160518e-01
2.808410788584296824e-01
1.963456862697057659e+01
-6.405159170088154497e+00
5.886412092723730893e+00
1.422450618554648827e+00
2.349141858266739291e+01
2.628593473154978710e-01
-5.774453449713291775e+00
4.282603067552372522e+00
1.198139399328010768e+01
8.559055970845292904e+00
-6.523570331542941858e+00
4.896449403528094990e+00
5.064834026961761992e-02
1.369257622936856933e-01
4.675611985559044115e+00
3.214908751827351807e+00
1.377718528901095851e+01
-4.816460847323469352e-01
7.993664275617447856e+00
3.049336533335917920e+00
-8.009242637426723377e-01
9.361723605243241764e-01
4.964641111983837618e+00
-2.589956509211424418e+01
1.827501372955339320e+00
1.860620584384651011e+01
8.394555982792553550e+00
4.190847057169776235e+00
1.004190926687533647e+01
1.780080080728930625e+01
6.372936492704866396e+00
3.248372471945003781e+00
1.691937990324731800e+01
2.637565482822537888e+00
8.161555216320266481e-01
7.213019317950966069e-01
1.751217035044646764e+00
5.837726001001101395e+00
3.400072614922464709e+00
6.141505368306752644e+00
3.511225909587665228e+00
-1.843914049568411428e-01
-4.324835421830357518e-01
6.501539923287054989e+00
