9.923881884821626898e+01
9.982544660854091489e+01
1.028186537719622464e+02
1.116690117694482609e+02
1.013259041122555004e+02
9.607327425325493664e+01
1.039375314214987611e+02
1.028516689157264636e+02
9.998446203345785932e+01
1.054014958531211050e+02
9.807658782052263291e+01
1.001906879357169657e+02
1.014248367887819597e+02
9.829678110813185299e+01
9.957856989490933586e+01
9.746759288280938449e+01
1.023392437222721298e+02
1.026845532490589079e+02
1.050175059929661074e+02
9.925812871144613325e+01
9.805821617728557271e+01
1.030474664605609121e+02
9.224875834911328809e+01
9.296691012229170781e+01
9.330750889305255669e+01
9.796785149646288460e+01
9.989142183752456106e+01
9.523439519779753937e+01
1.065845865042139735e+02
9.635219526251313482e+01
9.449547430265370451e+01
1.085654111626345752e+02
1.057093619035482135e+02
9.798126623557136838e+01
1.043483749402398928e+02
9.257964343100168492e+01
9.683965200937271334e+01
1.028549598211819927e+02
1.031465909721917598e+02
9.507866809620620074e+01
1.014615016538741372e+02
9.754329256996888375e+01
1.094162281636501177e+02
1.038478880335991050e+02
1.018914011814130873e+02
9.972951963535994935e+01
1.019342852084675997e+02
9.245093367292567166e+01
1.044984864248892649e+02
1.024519287329941761e+02
9.711332783717961092e+01
9.453505186350072620e+01
1.108655725849780112e+02
9.858597162586590912e+01
9.422019938596240252e+01
9.402249925352576554e+01
9.215412335084432982e+01
9.713135315068939235e+01
9.533120362634250000e+01
9.898940011084012269e+01
9.824555062738029676e+01
9.991429348142062850e+01
1.138033145398927957e+02
9.976529839444911829e+01
1.052803641062702269e+02
9.323629592342621208e+01
1.028115220225576820e+02
1.037135906340775762e+02
9.978088164528246296e+01
1.039652117962298377e+02
9.619641532398266293e+01
9.946511503570107493e+01
9.934362639594220923e+01
9.628940839153472098e+01
9.609303417254427870e+01
1.022951602303136980e+02
1.048795197639260692e+02
9.824905649184957213e+01
9.828334141548732816e+01
9.636071740426328347e+01
9.128375615678825739e+01
1.054238531796260219e+02
9.312268848590822756e+01
1.028630328219556134e+02
9.116628975928824730e+01
1.055348108431929290e+02
1.014232969001215423e+02
1.036472077179767695e+02
1.076930342677969463e+02
1.021485745565282883e+02
1.056084626111025386e+02
9.330729737883176256e+01
1.031248873631955973e+02
9.857845224458372968e+01
1.004921328405898606e+02
8.358782772891289881e+01
9.787996287375612781e+01
9.790540172324526225e+01
9.075787863321988880e+01
9.420355556571784916e+01
1.038616185384682922e+02
9.952557732104136790e+01
9.780037001641548500e+01
9.765992586577863221e+01
1.004408647281402978e+02
9.755906668234284496e+01
9.578341076535676279e+01
1.061437142332005692e+02
9.633001915132084036e+01
9.998305569690762695e+01
9.462761730558482043e+01
9.255181877473073371e+01
1.018783532503384777e+02
9.798494171894166982e+01
1.034453004714168856e+02
9.580642386293084201e+01
1.003974455646345945e+02
1.002290322312193922e+02
1.053595228509063446e+02
9.840581214949979483e+01
9.242992429031379231e+01
1.005399094210474544e+02
9.686762669222366640e+01
1.047122480847953483e+02
1.049214052157308714e+02
1.035582888060170461e+02
9.851345699204753714e+01
1.040404396208441398e+02
9.250712154465381332e+01
9.964386962958661798e+01
9.205358657513471599e+01
1.063139045930235795e+02
9.842383646772130135e+01
1.029561021532873610e+02
9.839066302618741133e+01
9.829422645552951110e+01
1.046894972634383549e+02
1.040232105364781034e+02
9.842835922699867979e+01
1.017674494377333474e+02
9.798062546057872169e+01
1.099738502827528492e+02
9.515354773781527342e+01
1.028725385601794500e+02
1.049978445748582061e+02
1.055532386481522451e+02
1.016635955372275077e+02
1.021239764693875998e+02
1.025110579781975275e+02
1.043607579572421145e+02
1.037712792916416475e+02
9.860891334930825280e+01
9.271803765914575024e+01
9.104688768416509959e+01
9.655211243613946692e+01
9.200678582916791015e+01
1.025426692848041910e+02
1.068120843664133162e+02
1.026221051527034263e+02
9.438064000098665929e+01
1.040080887873879760e+02
9.586943581367545164e+01
9.884340380283768468e+01
1.004249151854884303e+02
1.047278269519156169e+02
1.013290496595136858e+02
1.015106030365279253e+02
1.026311835409423310e+02
9.064249749841880543e+01
1.041429737249514602e+02
1.024232802275745229e+02
1.009149584285698893e+02
1.010769437124191086e+02
9.705860878990762330e+01
9.883700752876902129e+01
9.551858562819631970e+01
9.218387194018546893e+01
9.599965546813226069e+01
9.988889807096143159e+01
1.137616010602382346e+02
1.005409412236756594e+02
1.065593922220863874e+02
1.020331461159066464e+02
1.028807187770714933e+02
1.015797510604243712e+02
1.008806622173660230e+02
9.728914677479561135e+01
1.030106318579583444e+02
1.041944854971315806e+02
9.978409284324895623e+01
9.588692549772179063e+01
9.343303168187607355e+01
1.051212606897343704e+02
1.089869415519921745e+02
9.491224213909060836e+01
9.896734750152644722e+01
9.853617079654300426e+01
1.025312504496399413e+02
1.014432155010495364e+02
1.010317085186287756e+02
