2.361816660454798011e+01
2.440301201793795371e+01
2.381744919692891926e+01
2.264783631071622949e+01
2.333896254195605025e+01
2.336061839142155350e+01
2.340768981595357445e+01
2.396136520434095019e+01
2.375936142794864736e+01
2.293540055635423869e+01
2.345894071837642514e+01
2.433326265915360409e+01
2.255503530233227139e+01
2.357125687362525923e+01
2.394792117250887031e+01
2.358019372355119003e+01
2.459060258546998057e+01
2.369373547838637251e+01
2.358815070757782451e+01
2.526844012981456444e+01
2.352831375210558917e+01
2.489096646252187384e+01
2.349132052853917685e+01
2.324172979947718432e+01
2.358607866951342658e+01
2.393419344200572141e+01
2.345063646676578628e+01
2.316535606611978437e+01
2.484334350313270079e+01
2.310854275626911658e+01
2.337712162663461868e+01
2.277903778959091596e+01
2.342283772458495150e+01
2.385466713188031918e+01
2.432875369428921886e+01
2.350142834690836935e+01
2.329320941772709830e+01
2.328357660879004243e+01
2.328563210534480277e+01
2.354974061916317396e+01
2.343035224672587447e+01
2.398123117521021186e+01
2.335215995562879243e+01
2.385202397480662739e+01
2.378358108260613335e+01
2.363742486138113463e+01
2.376913944419010249e+01
2.345814450919135652e+01
2.290174722011181530e+01
2.496446050824818030e+01
2.357226466425373701e+01
2.356267679091001810e+01
2.703307275384247532e+01
2.328597335961291037e+01
2.321873268106645583e+01
2.316996322544491704e+01
2.329686622681697372e+01
2.366214486376327386e+01
2.322442334182647983e+01
2.323708936922315615e+01
2.338200936407662311e+01
2.351802709816894321e+01
2.551446602430166877e+01
2.371277985019059997e+01
2.477333833344931691e+01
2.340401592368328920e+01
2.362989349797339855e+01
2.363553627370680488e+01
2.360660210502896916e+01
2.557350775985111113e+01
2.327538488213332357e+01
2.327346504646067160e+01
2.376880606867814549e+01
2.377790187768522401e+01
2.373237522331396576e+01
2.503352602927293447e+01
2.712770793989943741e+01
2.312931278669208268e+01
2.299296038492235539e+01
2.327507452725916437e+01
2.337081138347315346e+01
2.386936096104625449e+01
2.341586885683125274e+01
2.376459581485090666e+01
2.320633451399578462e+01
2.486061545486990099e+01
2.307010873595663725e+01
2.454940252627937980e+01
2.519119861246963410e+01
2.308370779300906861e+01
2.473357884040296994e+01
2.321058752676657377e+01
2.444932750911300445e+01
2.354791918450212052e+01
2.383201321607327827e+01
1.911736122998638621e+01
2.325724218619700423e+01
2.324859438582200255e+01
2.109791539065844290e+01
2.353883471231040403e+01
2.371174531527429963e+01
2.331633400481484841e+01
2.362985864491901111e+01
2.332074434717162603e+01
2.372902716904644649e+01
2.366130700768491124e+01
2.319486629010026491e+01
2.319463260354058320e+01
2.334607279487386222e+01
2.378947441107277427e+01
2.337028503644449984e+01
2.322476817320182363e+01
2.348707861823766052e+01
2.360010019869383768e+01
2.240214235777625618e+01
2.314485202802973163e+01
2.327977521654202064e+01
2.408927938950034786e+01
2.410406009012939421e+01
2.374585030950368036e+01
2.345911424533761647e+01
2.410745353444417560e+01
2.280942106969098404e+01
2.601453536400606481e+01
2.389300898539613627e+01
2.468691699453142974e+01
2.327074193810915403e+01
2.515216652476635772e+01
2.324954302323169486e+01
2.386616068105314525e+01
1.705357584341669508e+01
2.403607635521893826e+01
2.419335913304018959e+01
2.346206961047778350e+01
2.437296844475292801e+01
2.323064081403697401e+01
2.561294191245968932e+01
2.351311642286202641e+01
2.339096562767372234e+01
2.320356942092467989e+01
2.355589242021051177e+01
2.405864894309240754e+01
2.336284388464542872e+01
2.393189057431146693e+01
2.518203575903805813e+01
2.225261725497711041e+01
2.454182489245005172e+01
2.397571285961697640e+01
2.328849527392111440e+01
2.380468949844788540e+01
2.456697981995029068e+01
2.336365652405322635e+01
2.342413206382775570e+01
2.327614562726120084e+01
2.326832385288690830e+01
2.337997848103651677e+01
2.526503012854834651e+01
2.287177517138775329e+01
2.395973110240026926e+01
2.347714468373010277e+01
2.572773697411690819e+01
2.332864393151294280e+01
2.292270772835007620e+01
2.377783670516834036e+01
2.461662456890718431e+01
2.422477901012689472e+01
2.275283166461565543e+01
2.386656382789055897e+01
2.331502213878030716e+01
2.343648103808664018e+01
2.376321989225988318e+01
2.374899477614155785e+01
2.467594863722831633e+01
2.337274556446976703e+01
2.410554704899840317e+01
2.366083713102216279e+01
2.318589152321555957e+01
2.343950025468978993e+01
2.384780291126691054e+01
2.112724154646406305e+01
2.362643488459457330e+01
2.520680625896011406e+01
2.421865128108822773e+01
2.378711669981936438e+01
2.435728616368248822e+01
2.506605802344273570e+01
2.393987111492720032e+01
2.374237554935217531e+01
2.508759867508615571e+01
2.364984780665184871e+01
2.344527587865326268e+01
2.331724381035655824e+01
2.357385250131517296e+01
2.402549214727184790e+01
2.376199710462884696e+01
2.392159724348255168e+01
2.365224936324392502e+01
2.347475614270939559e+01
2.340559977194249086e+01
2.403224844355491996e+01
