9.924498929103610578e+01
9.983224270207583118e+01
1.028859476390147876e+02
1.116757192424666698e+02
1.013343134956885336e+02
9.607736730103323453e+01
1.040259262239855218e+02
1.028834744353928130e+02
9.998848206747184975e+01
1.054044472054895749e+02
9.812218904201839109e+01
1.001969110355622945e+02
1.014909269263566216e+02
9.834159079322967045e+01
9.958225180154627765e+01
9.747046370623877465e+01
1.023494315646532584e+02
1.026975547497635688e+02
1.050401233524642350e+02
9.926381938534457561e+01
9.806437939457778441e+01
1.030854340726970264e+02
9.225156366259767537e+01
9.297387020160368820e+01
9.331061704604928764e+01
9.797597485262353700e+01
9.994082737132289651e+01
9.523830494215809495e+01
1.065885047085992454e+02
9.635467695885010642e+01
9.450825051121576337e+01
1.085728437016186660e+02
1.057127432531087123e+02
9.798711650410882612e+01
1.043613182935874448e+02
9.258424021964732731e+01
9.690923580559150707e+01
1.028584111915377122e+02
1.031507323035888817e+02
9.508276771341279243e+01
1.015516870120264912e+02
9.754622977163067787e+01
1.094198781646908287e+02
1.038512172636348083e+02
1.018950748015105034e+02
9.973756413891705108e+01
1.019373215554304437e+02
9.245343856495121315e+01
1.045025425910687318e+02
1.024611631715568194e+02
9.712109909480359704e+01
9.454490610795546957e+01
1.108688427171260287e+02
9.859233168558468208e+01
9.422297909759649315e+01
9.402702305867177301e+01
9.215983767769772328e+01
9.713425670225089448e+01
9.533339718012216224e+01
9.899224551781640002e+01
9.825968985525891242e+01
9.992280658513699620e+01
1.138048836037317955e+02
nan
1.052907391452842347e+02
9.326293818577210004e+01
1.028212575128809902e+02
1.037163780635091399e+02
9.978582942865932637e+01
1.039846781829407547e+02
9.619893334019897679e+01
9.947008938503543618e+01
9.935127945059562649e+01
9.630784981594194960e+01
9.609649571135925328e+01
1.023049161200941768e+02
1.048823666582539431e+02
9.830532451556868523e+01
9.828560670789336484e+01
9.636556567382953631e+01
9.128919143787078383e+01
1.054302019596680964e+02
nan
1.029118314045237099e+02
9.116965295259421964e+01
1.055443437113041227e+02
1.014282249313524886e+02
1.038071195626084915e+02
1.077378938860366731e+02
1.021928202998753221e+02
1.056120411761100257e+02
9.334809754372913915e+01
1.031281115991889408e+02
9.858164526290913443e+01
1.004977476876398299e+02
8.358943049548481952e+01
9.789245396123092746e+01
9.790789983770110894e+01
9.076147694211185524e+01
9.420578298224663172e+01
1.038648179821553441e+02
9.953401489333600693e+01
9.781176064407416959e+01
9.766322979260951342e+01
1.004500872488809193e+02
9.760307914441418120e+01
9.578643425510198028e+01
1.061823576064884236e+02
9.633409072201915535e+01
9.999071625273985831e+01
9.462990391908644483e+01
9.255757460121644442e+01
1.019364632355629681e+02
9.799039886800788679e+01
1.034498807945066829e+02
9.581566937258081396e+01
1.003998770672491645e+02
nan
1.053962399978337743e+02
9.841143657646787801e+01
9.246257238194131389e+01
1.005459546902729500e+02
9.687240971148825963e+01
1.047170087625112274e+02
1.049684589615018808e+02
1.035688641881320393e+02
9.851728426178814857e+01
1.040446063230020002e+02
9.251518463533633962e+01
9.964854074729306888e+01
9.205823413314512038e+01
1.063948211270557920e+02
9.843198129024925436e+01
1.029611215588873279e+02
9.839998090183830470e+01
9.829679931382509039e+01
1.046939492413682871e+02
1.040332967960358275e+02
9.850736941708444760e+01
1.017709369779420570e+02
9.798584929824824030e+01
1.099786584498252324e+02
9.515703980148553853e+01
1.028755690907275806e+02
1.050315790885082805e+02
1.055575481580349759e+02
1.018030090561326091e+02
1.021272231397147578e+02
1.025166570741912437e+02
1.043848906834193002e+02
1.037749453221057934e+02
9.861263852410671404e+01
9.272041835202752225e+01
9.117141323812502662e+01
9.657808237195067136e+01
9.200876706487213141e+01
1.026337159279782583e+02
1.068288237972997052e+02
1.026645959854618866e+02
9.452080338702063500e+01
1.040157082939512492e+02
9.588247441804391258e+01
9.894476838217228476e+01
1.004309903641754573e+02
1.048125752589741495e+02
1.013785660964664572e+02
1.015844571543705825e+02
1.026353534714405953e+02
9.064476322860700463e+01
1.041503031274943538e+02
1.024258442513255147e+02
1.009721965398034342e+02
1.010808070483305272e+02
9.706186763454232391e+01
9.884004358592029860e+01
9.552538585244730029e+01
9.218879417657903730e+01
9.600278447430407880e+01
9.989228968413296172e+01
1.139404808758757497e+02
1.005436142942298687e+02
1.065997292776113738e+02
1.020361201225618828e+02
1.028846594592939709e+02
1.015859969427538232e+02
1.009397419080478642e+02
9.731731437771161097e+01
1.030336423629023841e+02
1.042044118933365553e+02
9.979616975532066192e+01
9.588881547866287747e+01
9.343648818122443345e+01
1.051307995135971822e+02
1.089982626343318515e+02
9.491697406767509904e+01
9.897090424953677257e+01
9.853845067273547897e+01
1.025397644032556315e+02
1.014454783289875763e+02
1.010345111035414050e+02
