4.566129033054690467e+01
4.540091609282279705e+01
4.320831149388477144e+01
4.279909084822889298e+01
4.527752772335335862e+01
4.645016689173225188e+01
4.393772218916704730e+01
4.616925181926320931e+01
4.613737654034932945e+01
4.351344880954129479e+01
4.577443545367894728e+01
4.592170732795447208e+01
4.455665874856477870e+01
4.632831659544585534e+01
4.544944174767192635e+01
4.532276873806491579e+01
4.588829261190583964e+01
4.513685615985933453e+01
4.314945840403996158e+01
4.490915636616060169e+01
4.663230891137803269e+01
4.480297895847121481e+01
4.760773225314822099e+01
4.664575233043590430e+01
4.631102104220632754e+01
4.641027150347456143e+01
4.501022817054856517e+01
4.611571621793182629e+01
4.356555811715963955e+01
4.701853689714474882e+01
4.732339042159309628e+01
4.403902892834972249e+01
4.369230468762572883e+01
4.559097795743681303e+01
4.349313086996879463e+01
4.780916278957063525e+01
4.590427683440270101e+01
4.453256343917781379e+01
4.488811817591358277e+01
4.569758390832133443e+01
4.488443565789563650e+01
4.537347109075915341e+01
4.404488125417427824e+01
4.479018888614792360e+01
4.644493029651930271e+01
4.563611935151275389e+01
4.487876801762683243e+01
4.579621505934791514e+01
4.543364490985497639e+01
4.531026881177211152e+01
4.595232091620518133e+01
4.673957140832627033e+01
4.331158920347318286e+01
4.504714939280040653e+01
4.687696786857256370e+01
4.641351494014682544e+01
4.775526102580176513e+01
4.614471513661742108e+01
4.737718498092889519e+01
4.578898205512156494e+01
4.766426654544891761e+01
4.576144983986019810e+01
4.189572232007468244e+01
4.487490242606401125e+01
4.365627145944116450e+01
4.744278189212177210e+01
4.565496983655774699e+01
4.445102554260892447e+01
4.532133614064706251e+01
4.402156081347958860e+01
4.608320044506900359e+01
4.636345158573053737e+01
4.506534870953299077e+01
4.662255938964057833e+01
4.657300349389761607e+01
4.574333269861200790e+01
4.263627251326060019e+01
4.568543006109771909e+01
4.563169139403709806e+01
4.722710091446899128e+01
4.602160332235274609e+01
4.407423382659536060e+01
4.597674705614056734e+01
4.459308197010587804e+01
4.771308257921505458e+01
4.454570025318442106e+01
4.474710204445198514e+01
4.441389938122360093e+01
4.322811515425983941e+01
4.369350501610338711e+01
4.475653765879524570e+01
4.722042299230908924e+01
4.580242993496311499e+01
4.635584162563039001e+01
4.614222865167353405e+01
4.946338749304180737e+01
4.583819186835084025e+01
4.652348319475026983e+01
4.717778987427055881e+01
4.733205432276008651e+01
4.467814437911892611e+01
4.643922435418469519e+01
4.712099026769912058e+01
4.504109194407099892e+01
4.598391500684153499e+01
4.559044181572319587e+01
4.659169897430576412e+01
4.476328086550300611e+01
4.658997058846382089e+01
4.538213764522597415e+01
4.656974772510304916e+01
4.694151387481949911e+01
4.544525996838090975e+01
4.594559480998572099e+01
4.401267741844570480e+01
4.636200996426213550e+01
4.578106727349432248e+01
4.544900445478874929e+01
4.285261569843953566e+01
4.634257701806910035e+01
4.649403951078978992e+01
4.427772922727791638e+01
4.562606660023750749e+01
4.382290238520410242e+01
4.420101403805334428e+01
4.566851675421977319e+01
4.509960862677684190e+01
4.421894521751767115e+01
4.761957664476614127e+01
4.504018135945964474e+01
4.634136554515920636e+01
4.519433842140063717e+01
4.514564292224496711e+01
4.577761546254670577e+01
4.631081304612523297e+01
4.690062973757600417e+01
4.347100266596907403e+01
4.455680086468346701e+01
4.634744683845480751e+01
4.476257401594892116e+01
4.603289126530150099e+01
4.263742396243708299e+01
4.650141698290547509e+01
4.452746457280684211e+01
4.385815064324205537e+01
4.491486663851048888e+01
4.323506514413142554e+01
4.468735307098273069e+01
4.609388212629267656e+01
4.341390517072891697e+01
4.503079775648330951e+01
4.541556609180895521e+01
4.659967132024141279e+01
4.690874578152317298e+01
4.629678460373263960e+01
4.612665108366589806e+01
4.496082390835648113e+01
4.403371771167917359e+01
4.525788611597707245e+01
4.629589853420108625e+01
4.338109224419994092e+01
4.695426069775317046e+01
4.418693467329070046e+01
4.576840022121742635e+01
4.390006670592445914e+01
4.502976744465483705e+01
4.587951756217982791e+01
4.525990148459095508e+01
4.684909376836521488e+01
4.495855816009035522e+01
4.661229003870813159e+01
4.459110597732570369e+01
4.562639149771863600e+01
4.504792709914408277e+01
4.609906513650668813e+01
4.578675023387977916e+01
4.767179264330258803e+01
4.616190607878565544e+01
4.567162585572898337e+01
4.181795921314274977e+01
4.445361240669991787e+01
4.437650053762551750e+01
4.487951621564570814e+01
4.547472658089967723e+01
4.513553272703476438e+01
4.539593671353254223e+01
4.632441368692507666e+01
4.475205054927943138e+01
4.377629561721440155e+01
4.532907722113002080e+01
4.587812736026803151e+01
4.786019766551255827e+01
4.520540212146705272e+01
4.411158128142589874e+01
4.466440023947367166e+01
4.626895592706138416e+01
4.664232209296850584e+01
4.381323564615333765e+01
4.457638524709781791e+01
4.501838715889863352e+01
