3.257773270275288087e+04
3.126305514029982805e+04
3.248887267166676975e+04
3.468339000154715905e+04
3.311818888137196336e+04
3.295229919003597752e+04
3.313868114181679266e+04
3.192675296672705736e+04
3.227925959356996464e+04
3.405561754937557271e+04
3.284864577616730821e+04
3.132480332465611355e+04
3.466691123697107832e+04
3.258928770285087012e+04
3.202571985943172695e+04
3.268115028721600174e+04
3.090472466122196784e+04
3.250059832892415579e+04
3.289973348050659843e+04
2.992815537576022689e+04
3.263281569020883762e+04
3.053159561247740567e+04
3.259376329818045269e+04
3.314631213677711639e+04
3.256492090070817721e+04
3.194794005715707681e+04
3.294579180610623007e+04
3.334343558721039881e+04
3.073356458289007060e+04
3.334923948079132242e+04
3.282829916172970115e+04
3.429372393840571749e+04
3.313780788862916233e+04
3.217164436165279767e+04
3.158452257982983429e+04
3.255418129857093663e+04
3.313323858926714456e+04
3.329945822425917140e+04
3.325716122991951852e+04
3.269503001097305241e+04
3.299577201304727350e+04
3.197654724832773354e+04
3.322759376189705654e+04
3.226101625517994034e+04
3.220443206284022381e+04
3.254643953230234183e+04
3.239594728459440739e+04
3.284772645520233345e+04
3.390741520721605775e+04
3.036341159260723725e+04
3.262777769814583735e+04
3.256041408142060027e+04
2.752565320466732373e+04
3.323929747206829779e+04
3.316304738441379595e+04
3.330254877551974641e+04
3.292605361229008122e+04
3.244862292661362153e+04
3.309832271913428121e+04
3.324782595511734689e+04
3.278272991316469415e+04
3.274457386580307139e+04
2.984998985726225146e+04
3.249506090256603056e+04
3.083700033149556839e+04
3.276720559121829137e+04
3.255770887430390576e+04
3.267639035859381329e+04
3.263452935232260643e+04
2.954967646259624598e+04
3.314619620441472216e+04
3.311928624651212886e+04
3.237670442458859179e+04
3.219544229764937700e+04
3.228000099184430292e+04
3.021066480766188397e+04
2.746064615464270537e+04
3.345657474839875067e+04
3.371498006166377309e+04
3.302270306975620770e+04
3.298023876194631885e+04
3.230671451354394230e+04
3.290404767200886272e+04
3.243424923942119494e+04
3.309470705794276728e+04
3.060619756697427511e+04
3.366851748521859554e+04
3.112370269367036235e+04
3.021671591393297786e+04
3.375853855016226589e+04
3.078883498642253107e+04
3.314054021330113028e+04
3.114501905061431899e+04
3.262768513932661881e+04
3.215249419814661815e+04
-5.959906028293486452e+04
3.320576667510759580e+04
3.314710509157715569e+04
3.737671785947039461e+04
3.253910011697002483e+04
3.251783375967462416e+04
3.303340778535374557e+04
3.240112284657204873e+04
3.317678740574514813e+04
3.234853194805113162e+04
3.250924697480169561e+04
3.323760489266962395e+04
3.343702532516370411e+04
3.296340090685337054e+04
3.230700986142244074e+04
3.292197618858147325e+04
3.314504238680643903e+04
3.283374197885848844e+04
3.257924358352720810e+04
3.502698013337718294e+04
3.335419880269142595e+04
3.317098679251696012e+04
3.178421804172938209e+04
3.203125997054293839e+04
3.228100229658328681e+04
3.277089117407416052e+04
3.187610490949316227e+04
3.406028696659706475e+04
2.891271936336197541e+04
3.225229639545818281e+04
3.077096069702735622e+04
3.326133509442601644e+04
3.017820329688771744e+04
3.302638565607509372e+04
3.221004004368031019e+04
4.851485526686748199e+04
3.190156035914107269e+04
3.163984310643360732e+04
3.284270539932665270e+04
3.121854584062074719e+04
3.313879801134503214e+04
2.954444867315379815e+04
3.288268655500082969e+04
3.290878901105911063e+04
3.342071002802692965e+04
3.264816567706555725e+04
3.213155977431070642e+04
3.294275292584278213e+04
3.215060068913569921e+04
3.016777776103418364e+04
3.522125837096745090e+04
3.125753150925948648e+04
3.205829493054925479e+04
3.312124026923465135e+04
3.248936353598162532e+04
3.103143494425684912e+04
3.305862150174293492e+04
3.282208324966358487e+04
3.305528590989099030e+04
3.313585322469949460e+04
3.295238524942603544e+04
2.992825999040308307e+04
3.411829421309415193e+04
3.202562438360796295e+04
3.276001796888707759e+04
2.938059869874772994e+04
3.295543046655556100e+04
3.400535319198267098e+04
3.228626787921839059e+04
3.106649609723170215e+04
3.159903619409203384e+04
3.413956899188749230e+04
3.218608961477186676e+04
3.299140434939577244e+04
3.297677068028088252e+04
3.222206962903647945e+04
3.246176462662581980e+04
3.079301826708899534e+04
3.308193013802912174e+04
3.168848386755830143e+04
3.248912317541507582e+04
3.313642981721314572e+04
3.284172681898893643e+04
3.217499307160908575e+04
3.795183825181775319e+04
3.269221836444448854e+04
3.007714407190927159e+04
3.162501727737012334e+04
3.230128718813090745e+04
3.136643614247695950e+04
3.019460873844609523e+04
3.194725333395960843e+04
3.245623990408507598e+04
3.032403511656124829e+04
3.255733092971944643e+04
3.286194589514833206e+04
3.287794057675255317e+04
3.270496920859535021e+04
3.203348464043743297e+04
3.243121462782501476e+04
3.198449294687127986e+04
3.241289874094290280e+04
3.303132538509735605e+04
3.307355167808242550e+04
3.192659112380879378e+04
