# Hgtkm   TotNDm3     H2NDm3     HeNDm3    CH4NDm3   Denskgm3     PresNm2    TempK   Zeta 
 -85.0 5.9664E+26 4.7561E+26 1.1156E+26 9.4739E+24 2.5887E+00  1.3241E+06  159.44 1.0081
 -80.0 5.4341E+26 4.3317E+26 1.0161E+26 8.6254E+24 2.3576E+00  1.1741E+06  155.40 1.0070
 -75.0 4.9521E+26 3.9475E+26 9.2596E+25 7.8572E+24 2.1484E+00  1.0410E+06  151.35 1.0060
 -70.0 4.5158E+26 3.5998E+26 8.4439E+25 7.1620E+24 1.9591E+00  9.2315E+05  147.31 1.0051
 -65.0 4.1208E+26 3.2850E+26 7.7055E+25 6.5328E+24 1.7877E+00  8.1866E+05  143.27 1.0043
 -60.0 3.7633E+26 3.0000E+26 7.0370E+25 5.9633E+24 1.6325E+00  7.2603E+05  139.23 1.0036
 -55.0 3.4245E+26 2.7299E+26 6.4035E+25 5.4239E+24 1.4855E+00  6.3892E+05  134.74 1.0029
 -50.0 3.1136E+26 2.4821E+26 5.8223E+25 4.9290E+24 1.3506E+00  5.6040E+05  130.07 1.0023
 -45.0 2.8298E+26 2.2558E+26 5.2915E+25 4.4773E+24 1.2274E+00  4.9046E+05  125.32 1.0017
 -40.0 2.5475E+26 2.0309E+26 4.7637E+25 4.0285E+24 1.1049E+00  4.2296E+05  120.10 1.0013
 -35.0 2.2984E+26 1.8323E+26 4.2979E+25 3.6324E+24 9.9682E-01  3.6478E+05  114.89 1.0006
 -30.0 2.0777E+26 1.6564E+26 3.8853E+25 3.2817E+24 9.0107E-01  3.1463E+05  109.68 1.0000
 -25.0 1.8607E+26 1.4834E+26 3.4796E+25 2.9371E+24 8.0693E-01  2.6706E+05  103.98  .9997
 -20.0 1.6628E+26 1.3257E+26 3.1096E+25 2.6230E+24 7.2107E-01  2.2499E+05   98.06  .9993
 -15.0 1.4784E+26 1.1786E+26 2.7646E+25 2.3304E+24 6.4104E-01  1.8731E+05   91.87  .9989
 -10.0 1.2955E+26 1.0328E+26 2.4227E+25 2.0406E+24 5.6172E-01  1.5194E+05   85.08  .9984
  -5.0 1.1426E+26 9.1092E+25 2.1367E+25 1.7983E+24 4.9537E-01  1.2326E+05   78.29  .9981
    .0 1.0154E+26 8.0955E+25 1.8990E+25 1.5969E+24 4.4021E-01  1.0001E+05   71.50  .9977
   5.0 8.4246E+25 6.7167E+25 1.5755E+25 1.3238E+24 3.6520E-01  7.7602E+04   66.88  .9976
  10.0 6.9414E+25 5.5343E+25 1.2982E+25 1.0898E+24 3.0089E-01  5.9321E+04   62.05  .9976
  15.0 5.5660E+25 4.4378E+25 1.0410E+25 8.7301E+23 2.4125E-01  4.4439E+04   57.96  .9977
  20.0 4.3030E+25 3.4308E+25 8.0476E+24 6.7425E+23 1.8649E-01  3.2774E+04   55.28  .9980
  25.0 3.2437E+25 2.5862E+25 6.0665E+24 5.0774E+23 1.4057E-01  2.3863E+04   53.37  .9984
  30.0 2.3909E+25 1.9064E+25 4.4717E+24 3.7385E+23 1.0360E-01  1.7201E+04   52.17  .9988
  35.0 1.7372E+25 1.3851E+25 3.2491E+24 2.7132E+23 7.5269E-02  1.2329E+04   51.45  .9991
  40.0 1.2538E+25 9.9976E+24 2.3451E+24 1.9560E+23 5.4321E-02  8.8227E+03   51.00  .9993
  45.0 8.9004E+24 7.0970E+24 1.6647E+24 1.3868E+23 3.8557E-02  6.3024E+03   51.31  .9995
  50.0 6.2598E+24 4.9915E+24 1.1709E+24 9.7405E+22 2.7114E-02  4.5263E+03   52.39  .9997
  55.0 4.4188E+24 3.5236E+24 8.2652E+23 6.8663E+22 1.9138E-02  3.2729E+03   53.66  .9998
  60.0 3.1372E+24 2.5017E+24 5.8682E+23 4.8679E+22 1.3586E-02  2.3874E+03   55.13  .9999
  65.0 2.2332E+24 1.7808E+24 4.1772E+23 3.4599E+22 9.6695E-03  1.7653E+03   57.26  .9999
  70.0 1.5928E+24 1.2702E+24 2.9795E+23 2.4638E+22 6.8958E-03  1.3232E+03   60.17 1.0000
  75.0 1.1379E+24 9.0747E+23 2.1286E+23 1.7573E+22 4.9258E-03  9.9290E+02   63.20 1.0000
  80.0 7.9552E+23 6.3443E+23 1.4882E+23 1.2264E+22 3.4432E-03  7.7174E+02   70.26 1.0000
  85.0 5.6067E+23 4.4716E+23 1.0489E+23 8.6277E+21 2.4264E-03  6.1544E+02   79.50 1.0000
  90.0 4.0128E+23 3.2005E+23 7.5073E+22 6.1631E+21 1.7363E-03  4.9907E+02   90.08 1.0000
  95.0 3.1339E+23 2.4995E+23 5.8631E+22 4.8035E+21 1.3558E-03  4.2132E+02   97.37 1.0000
 100.0 2.4617E+23 1.9634E+23 4.6056E+22 3.7652E+21 1.0648E-03  3.5572E+02  104.66 1.0000
 105.0 1.9433E+23 1.5501E+23 3.6360E+22 2.9658E+21 8.4045E-04  3.0037E+02  111.95 1.0000
 110.0 1.6400E+23 1.3082E+23 3.0686E+22 2.4971E+21 7.0913E-04  2.5894E+02  114.36 1.0000
 115.0 1.3855E+23 1.1052E+23 2.5926E+22 2.1045E+21 5.9899E-04  2.2331E+02  116.73 1.0000
 120.0 1.1769E+23 9.3887E+22 2.2023E+22 1.7831E+21 5.0870E-04  1.9289E+02  118.71 1.0000
 125.0 1.0147E+23 8.0950E+22 1.8988E+22 1.5332E+21 4.3849E-04  1.6745E+02  119.52 1.0000
 130.0 8.7501E+22 6.9808E+22 1.6375E+22 1.3184E+21 3.7803E-04  1.4538E+02  120.34 1.0000
 135.0 7.5467E+22 6.0210E+22 1.4123E+22 1.1337E+21 3.2597E-04  1.2624E+02  121.16 1.0000
 140.0 6.5099E+22 5.1941E+22 1.2184E+22 9.7493E+20 2.8112E-04  1.0963E+02  121.97 1.0000
 145.0 5.5976E+22 4.4664E+22 1.0477E+22 8.3558E+20 2.4166E-04  9.5558E+01  123.65 1.0000
 150.0 4.7914E+22 3.8233E+22 8.9682E+21 7.1280E+20 2.0680E-04  8.3956E+01  126.91 1.0000
 155.0 4.1046E+22 3.2754E+22 7.6831E+21 6.0844E+20 1.7710E-04  7.3772E+01  130.18 1.0000
 160.0 3.5189E+22 2.8082E+22 6.5872E+21 5.1967E+20 1.5179E-04  6.4832E+01  133.44 1.0000
 165.0 3.0190E+22 2.4095E+22 5.6518E+21 4.4410E+20 1.3019E-04  5.6983E+01  136.71 1.0000
 170.0 2.5921E+22 2.0688E+22 4.8528E+21 3.7972E+20 1.1174E-04  5.0091E+01  139.97 1.0000
 175.0 2.2806E+22 1.8204E+22 4.2700E+21 3.3265E+20 9.8283E-05  4.4593E+01  141.62 1.0000
 180.0 2.0088E+22 1.6035E+22 3.7612E+21 2.9167E+20 8.6537E-05  3.9732E+01  143.26 1.0000
 185.0 1.7698E+22 1.4128E+22 3.3140E+21 2.5575E+20 7.6213E-05  3.5404E+01  144.90 1.0000
 190.0 1.5596E+22 1.2451E+22 2.9207E+21 2.2426E+20 6.7139E-05  3.1553E+01  146.53 1.0000
 195.0 1.3748E+22 1.0977E+22 2.5748E+21 1.9665E+20 5.9160E-05  2.8124E+01  148.17 1.0000
 200.0 1.2123E+22 9.6796E+21 2.2705E+21 1.7244E+20 5.2142E-05  2.5072E+01  149.80 1.0000
 205.0 1.0692E+22 8.5380E+21 2.0027E+21 1.5122E+20 4.5969E-05  2.2355E+01  151.43 1.0000
 210.0 9.4233E+21 7.5256E+21 1.7653E+21 1.3247E+20 4.0497E-05  1.9910E+01  153.03 1.0000
 215.0 8.4143E+21 6.7204E+21 1.5764E+21 1.1754E+20 3.6143E-05  1.7869E+01  153.81 1.0000
 220.0 7.5146E+21 6.0024E+21 1.4080E+21 1.0427E+20 3.2263E-05  1.6039E+01  154.59 1.0000
 225.0 6.7124E+21 5.3621E+21 1.2578E+21 9.2492E+19 2.8804E-05  1.4399E+01  155.37 1.0000
 230.0 5.9970E+21 4.7911E+21 1.1238E+21 8.2031E+19 2.5720E-05  1.2929E+01  156.15 1.0000
 235.0 5.3588E+21 4.2817E+21 1.0044E+21 7.2740E+19 2.2971E-05  1.1610E+01  156.93 1.0000
 240.0 4.7896E+21 3.8273E+21 8.9776E+20 6.4491E+19 2.0519E-05  1.0429E+01  157.70 1.0000
 245.0 4.2895E+21 3.4281E+21 8.0413E+20 5.7272E+19 1.8366E-05  9.3685E+00  158.19 1.0000
 250.0 3.8544E+21 3.0808E+21 7.2265E+20 5.1008E+19 1.6492E-05  8.4342E+00  158.49 1.0000
 255.0 3.4640E+21 2.7691E+21 6.4954E+20 4.5418E+19 1.4812E-05  7.5945E+00  158.79 1.0000
 260.0 3.1138E+21 2.4894E+21 5.8394E+20 4.0430E+19 1.3306E-05  6.8397E+00  159.10 1.0000
 265.0 2.7996E+21 2.2385E+21 5.2508E+20 3.5980E+19 1.1955E-05  6.1611E+00  159.40 1.0000
 270.0 2.5175E+21 2.0133E+21 4.7225E+20 3.2010E+19 1.0743E-05  5.5510E+00  159.70 1.0000
 275.0 2.2607E+21 1.8082E+21 4.2414E+20 2.8423E+19 9.6393E-06  4.9941E+00  160.00 1.0000
 280.0 2.0372E+21 1.6296E+21 3.8225E+20 2.5312E+19 8.6794E-06  4.5034E+00  160.11 1.0000
 285.0 1.8361E+21 1.4690E+21 3.4458E+20 2.2534E+19 7.8164E-06  4.0618E+00  160.23 1.0000
 290.0 1.6553E+21 1.3245E+21 3.1069E+20 2.0053E+19 7.0406E-06  3.6643E+00  160.34 1.0000
 295.0 1.4926E+21 1.1945E+21 2.8020E+20 1.7838E+19 6.3431E-06  3.3065E+00  160.45 1.0000
 300.0 1.3462E+21 1.0776E+21 2.5276E+20 1.5860E+19 5.7158E-06  2.9843E+00  160.56 1.0000
 305.0 1.2145E+21 9.7230E+20 2.2807E+20 1.4096E+19 5.1517E-06  2.6941E+00  160.68 1.0000
 310.0 1.0959E+21 8.7754E+20 2.0584E+20 1.2522E+19 4.6443E-06  2.4328E+00  160.79 1.0000
 315.0 9.8919E+20 7.9223E+20 1.8583E+20 1.1119E+19 4.1879E-06  2.1974E+00  160.90 1.0000
 320.0 8.8945E+20 7.1249E+20 1.6713E+20 9.8269E+18 3.7617E-06  1.9773E+00  161.02 1.0000
 325.0 8.0284E+20 6.4324E+20 1.5088E+20 8.7114E+18 3.3919E-06  1.7864E+00  161.16 1.0000
 330.0 7.2486E+20 5.8088E+20 1.3626E+20 7.7178E+18 3.0591E-06  1.6143E+00  161.31 1.0000
 335.0 6.5463E+20 5.2471E+20 1.2308E+20 6.8332E+18 2.7596E-06  1.4592E+00  161.45 1.0000
 340.0 5.9137E+20 4.7411E+20 1.1121E+20 6.0459E+18 2.4900E-06  1.3194E+00  161.60 1.0000
 345.0 5.3438E+20 4.2852E+20 1.0052E+20 5.3455E+18 2.2474E-06  1.1934E+00  161.75 1.0000
 350.0 4.8302E+20 3.8742E+20 9.0877E+19 4.7227E+18 2.0289E-06  1.0796E+00  161.89 1.0000
 355.0 4.3541E+20 3.4932E+20 8.1938E+19 4.1565E+18 1.8267E-06  9.7398E-01  162.02 1.0000
 360.0 3.9383E+20 3.1603E+20 7.4131E+19 3.6665E+18 1.6501E-06  8.8135E-01  162.09 1.0000
 365.0 3.5632E+20 2.8601E+20 6.7088E+19 3.2313E+18 1.4910E-06  7.9778E-01  162.16 1.0000
 370.0 3.2249E+20 2.5891E+20 6.0733E+19 2.8451E+18 1.3476E-06  7.2235E-01  162.23 1.0000
 375.0 2.9196E+20 2.3446E+20 5.4998E+19 2.5026E+18 1.2184E-06  6.5426E-01  162.31 1.0000
 380.0 2.6441E+20 2.1239E+20 4.9820E+19 2.1990E+18 1.1019E-06  5.9278E-01  162.38 1.0000
 385.0 2.3954E+20 1.9246E+20 4.5145E+19 1.9301E+18 9.9684E-07  5.3725E-01  162.45 1.0000
 390.0 2.1623E+20 1.7378E+20 4.0763E+19 1.6855E+18 8.9856E-07  4.8512E-01  162.50 1.0000
 395.0 1.9594E+20 1.5752E+20 3.6948E+19 1.4752E+18 8.1306E-07  4.3960E-01  162.50 1.0000
 400.0 1.7761E+20 1.4282E+20 3.3501E+19 1.2895E+18 7.3593E-07  3.9848E-01  162.50 1.0000
 405.0 1.6105E+20 1.2954E+20 3.0386E+19 1.1256E+18 6.6633E-07  3.6133E-01  162.50 1.0000
 410.0 1.4609E+20 1.1754E+20 2.7570E+19 9.8110E+17 6.0350E-07  3.2775E-01  162.50 1.0000
 415.0 1.3256E+20 1.0668E+20 2.5023E+19 8.5384E+17 5.4678E-07  2.9740E-01  162.50 1.0000
 420.0 1.2032E+20 9.6857E+19 2.2719E+19 7.4189E+17 4.9555E-07  2.6994E-01  162.50 1.0000
 425.0 1.0925E+20 8.7969E+19 2.0635E+19 6.4352E+17 4.4927E-07  2.4510E-01  162.50 1.0000
 430.0 9.9228E+19 7.9923E+19 1.8747E+19 5.5719E+17 4.0745E-07  2.2262E-01  162.50 1.0000
 435.0 9.0157E+19 7.2637E+19 1.7038E+19 4.8153E+17 3.6964E-07  2.0227E-01  162.50 1.0000
 440.0 8.1222E+19 6.5456E+19 1.5354E+19 4.1167E+17 3.3251E-07  1.8223E-01  162.50 1.0000
 445.0 7.3744E+19 5.9446E+19 1.3944E+19 3.5383E+17 3.0144E-07  1.6545E-01  162.50 1.0000
 450.0 6.6977E+19 5.4005E+19 1.2668E+19 3.0345E+17 2.7337E-07  1.5027E-01  162.50 1.0000
 455.0 6.0849E+19 4.9078E+19 1.1512E+19 2.5965E+17 2.4800E-07  1.3652E-01  162.50 1.0000
 460.0 5.5300E+19 4.4613E+19 1.0465E+19 2.2162E+17 2.2506E-07  1.2407E-01  162.50 1.0000
 465.0 5.0271E+19 4.0567E+19 9.5157E+18 1.8868E+17 2.0430E-07  1.1279E-01  162.50 1.0000
 470.0 4.5714E+19 3.6898E+19 8.6551E+18 1.6021E+17 1.8552E-07  1.0256E-01  162.50 1.0000
 475.0 4.1093E+19 3.3177E+19 7.7822E+18 1.3406E+17 1.6655E-07  9.3100E-02  164.10 1.0000
 480.0 3.7056E+19 2.9925E+19 7.0194E+18 1.1217E+17 1.4999E-07  8.4996E-02  166.13 1.0000
 485.0 3.3430E+19 2.7002E+19 6.3339E+18 9.3581E+16 1.3514E-07  7.7619E-02  168.17 1.0000
 490.0 3.0171E+19 2.4375E+19 5.7176E+18 7.7831E+16 1.2181E-07  7.0899E-02  170.21 1.0000
 495.0 2.7240E+19 2.2012E+19 5.1633E+18 6.4522E+16 1.0985E-07  6.4777E-02  172.24 1.0000
 500.0 2.4603E+19 1.9885E+19 4.6644E+18 5.3308E+16 9.9101E-08  5.9197E-02  174.27 1.0000
 505.0 2.2229E+19 1.7970E+19 4.2151E+18 4.3886E+16 8.9442E-08  5.4109E-02  176.31 1.0000
 510.0 2.0031E+19 1.6196E+19 3.7991E+18 3.5889E+16 8.0517E-08  4.9328E-02  178.36 1.0000
 515.0 1.8258E+19 1.4765E+19 3.4634E+18 2.9560E+16 7.3317E-08  4.5504E-02  180.51 1.0000
 520.0 1.6647E+19 1.3464E+19 3.1583E+18 2.4249E+16 6.6787E-08  4.1983E-02  182.67 1.0000
 525.0 1.5183E+19 1.2282E+19 2.8810E+18 1.9809E+16 6.0861E-08  3.8742E-02  184.82 1.0000
 530.0 1.3851E+19 1.1207E+19 2.6287E+18 1.6110E+16 5.5479E-08  3.5756E-02  186.97 1.0000
 535.0 1.2640E+19 1.0228E+19 2.3992E+18 1.3043E+16 5.0591E-08  3.3005E-02  189.12 1.0000
 540.0 1.1538E+19 9.3372E+18 2.1902E+18 1.0509E+16 4.6147E-08  3.0469E-02  191.27 1.0000
 545.0 1.0534E+19 8.5260E+18 1.9999E+18 8.4253E+15 4.2107E-08  2.8131E-02  193.42 1.0000
 550.0 9.6201E+18 7.7869E+18 1.8265E+18 6.7203E+15 3.8431E-08  2.5975E-02  195.57 1.0000
 555.0 8.7871E+18 7.1132E+18 1.6685E+18 5.3318E+15 3.5085E-08  2.3986E-02  197.71 1.0000
 560.0 8.0278E+18 6.4991E+18 1.5245E+18 4.2070E+15 3.2038E-08  2.2152E-02  199.86 1.0000
 565.0 7.3354E+18 5.9390E+18 1.3931E+18 3.3005E+15 2.9262E-08  2.0458E-02  202.00 1.0000
 570.0 6.7226E+18 5.4432E+18 1.2768E+18 2.5814E+15 2.6808E-08  1.8925E-02  203.89 1.0000
 575.0 6.2017E+18 5.0218E+18 1.1779E+18 2.0196E+15 2.4722E-08  1.7614E-02  205.71 1.0000
 580.0 5.7221E+18 4.6336E+18 1.0869E+18 1.5703E+15 2.2804E-08  1.6394E-02  207.52 1.0000
 585.0 5.2802E+18 4.2760E+18 1.0030E+18 1.2130E+15 2.1037E-08  1.5261E-02  209.33 1.0000
 590.0 4.8731E+18 3.9465E+18 9.2572E+17 9.3091E+14 1.9411E-08  1.4206E-02  211.14 1.0000
 595.0 4.4980E+18 3.6428E+18 8.5449E+17 7.0956E+14 1.7914E-08  1.3225E-02  212.95 1.0000
 600.0 4.1522E+18 3.3629E+18 7.8882E+17 5.3709E+14 1.6534E-08  1.2312E-02  214.76 1.0000
 605.0 3.8335E+18 3.1048E+18 7.2829E+17 4.0365E+14 1.5263E-08  1.1462E-02  216.57 1.0000
 610.0 3.5396E+18 2.8668E+18 6.7246E+17 3.0116E+14 1.4091E-08  1.0672E-02  218.38 1.0000
 615.0 3.2673E+18 2.6463E+18 6.2074E+17 2.2295E+14 1.3005E-08  9.9320E-03  220.18 1.0000
 620.0 3.0353E+18 2.4584E+18 5.7667E+17 1.6484E+14 1.2081E-08  9.2985E-03  221.89 1.0000
 625.0 2.8200E+18 2.2841E+18 5.3578E+17 1.2094E+14 1.1223E-08  8.7057E-03  223.60 1.0000
 630.0 2.6203E+18 2.1223E+18 4.9783E+17 8.8035E+13 1.0428E-08  8.1510E-03  225.31 1.0000
 635.0 2.4349E+18 1.9722E+18 4.6262E+17 6.3578E+13 9.6898E-09  7.6318E-03  227.02 1.0000
 640.0 2.2628E+18 1.8329E+18 4.2993E+17 4.5548E+13 9.0048E-09  7.1459E-03  228.73 1.0000
 645.0 2.1031E+18 1.7035E+18 3.9959E+17 3.2367E+13 8.3690E-09  6.6911E-03  230.44 1.0000
 650.0 1.9548E+18 1.5834E+18 3.7141E+17 2.2812E+13 7.7788E-09  6.2654E-03  232.14 1.0000
 655.0 1.8172E+18 1.4719E+18 3.4526E+17 1.5946E+13 7.2308E-09  5.8670E-03  233.85 1.0000
 660.0 1.6893E+18 1.3683E+18 3.2097E+17 1.1054E+13 6.7220E-09  5.4940E-03  235.56 1.0000
 665.0 1.5706E+18 1.2722E+18 2.9841E+17 7.5998E+12 6.2496E-09  5.1449E-03  237.26 1.0000
 670.0 1.4644E+18 1.1862E+18 2.7824E+17 5.1959E+12 5.8270E-09  4.8343E-03  239.10 1.0000
 675.0 1.3688E+18 1.1088E+18 2.6008E+17 3.5317E+12 5.4467E-09  4.5556E-03  241.05 1.0000
 680.0 1.2796E+18 1.0365E+18 2.4313E+17 2.3808E+12 5.0917E-09  4.2930E-03  242.99 1.0000
 685.0 1.1964E+18 9.6905E+17 2.2731E+17 1.5918E+12 4.7603E-09  4.0457E-03  244.93 1.0000
 690.0 1.1186E+18 9.0606E+17 2.1253E+17 1.0557E+12 4.4509E-09  3.8127E-03  246.88 1.0000
 695.0 1.0460E+18 8.4724E+17 1.9873E+17 6.9460E+11 4.1619E-09  3.5932E-03  248.82 1.0000
 700.0 9.7816E+17 7.9231E+17 1.8585E+17 4.5342E+11 3.8921E-09  3.3865E-03  250.76 1.0000
 705.0 9.1482E+17 7.4100E+17 1.7381E+17 2.9370E+11 3.6400E-09  3.1917E-03  252.70 1.0000
 710.0 8.5565E+17 6.9308E+17 1.6257E+17 1.8882E+11 3.4046E-09  3.0081E-03  254.64 1.0000
 715.0 8.0038E+17 6.4830E+17 1.5207E+17 1.2050E+11 3.1847E-09  2.8352E-03  256.57 1.0000
 720.0 7.4874E+17 6.0648E+17 1.4226E+17 7.6358E+10 2.9792E-09  2.6723E-03  258.51 1.0000
 725.0 7.0049E+17 5.6739E+17 1.3309E+17 4.8056E+10 2.7872E-09  2.5189E-03  260.45 1.0000
 730.0 6.5540E+17 5.3087E+17 1.2453E+17 3.0046E+10 2.6078E-09  2.3742E-03  262.38 1.0000
 735.0 6.1326E+17 4.9674E+17 1.1652E+17 1.8669E+10 2.4402E-09  2.2380E-03  264.32 1.0000
 740.0 5.7388E+17 4.6484E+17 1.0904E+17 1.1531E+10 2.2835E-09  2.1096E-03  266.25 1.0000
 745.0 5.3736E+17 4.3526E+17 1.0210E+17 7.0866E+09 2.1381E-09  1.9897E-03  268.19 1.0000
 750.0 5.0578E+17 4.0968E+17 9.6099E+16 4.3549E+09 2.0125E-09  1.8867E-03  270.19 1.0000
 755.0 4.7610E+17 3.8564E+17 9.0459E+16 2.6634E+09 1.8944E-09  1.7891E-03  272.18 1.0000
 760.0 4.4819E+17 3.6304E+17 8.5157E+16 1.6219E+09 1.7834E-09  1.6966E-03  274.17 1.0000
 765.0 4.2196E+17 3.4178E+17 8.0171E+16 9.8375E+08 1.6790E-09  1.6089E-03  276.16 1.0000
 770.0 3.9728E+17 3.2180E+17 7.5484E+16 5.9463E+08 1.5808E-09  1.5257E-03  278.15 1.0000
 775.0 3.7408E+17 3.0301E+17 7.1075E+16 3.5836E+08 1.4885E-09  1.4469E-03  280.14 1.0000
 780.0 3.5226E+17 2.8533E+17 6.6930E+16 2.1543E+08 1.4016E-09  1.3721E-03  282.13 1.0000
 785.0 3.3174E+17 2.6871E+17 6.3030E+16 1.2925E+08 1.3200E-09  1.3013E-03  284.12 1.0000
 790.0 3.1243E+17 2.5307E+17 5.9362E+16 7.7425E+07 1.2432E-09  1.2342E-03  286.11 1.0000
 795.0 2.9427E+17 2.3836E+17 5.5912E+16 4.6337E+07 1.1709E-09  1.1705E-03  288.10 1.0000
 800.0 2.7719E+17 2.2452E+17 5.2665E+16 2.7719E+07 1.1029E-09  1.1101E-03  290.08 1.0000
 805.0 2.6111E+17 2.1150E+17 4.9611E+16 1.6582E+07 1.0390E-09  1.0529E-03  292.07 1.0000
 810.0 2.4602E+17 1.9928E+17 4.6744E+16 9.9276E+06 9.7891E-10  9.9877E-04  294.04 1.0000
 815.0 2.3303E+17 1.8875E+17 4.4275E+16 5.9811E+06 9.2720E-10  9.5142E-04  295.72 1.0000
 820.0 2.2073E+17 1.7879E+17 4.1939E+16 3.6093E+06 8.7828E-10  9.0634E-04  297.40 1.0000
 825.0 2.0909E+17 1.6937E+17 3.9728E+16 2.1827E+06 8.3198E-10  8.6341E-04  299.09 1.0000
 830.0 1.9808E+17 1.6045E+17 3.7635E+16 1.3234E+06 7.8816E-10  8.2253E-04  300.76 1.0000
 835.0 1.8766E+17 1.5200E+17 3.5655E+16 8.0492E+05 7.4669E-10  7.8360E-04  302.44 1.0000
 840.0 1.7779E+17 1.4401E+17 3.3781E+16 4.9132E+05 7.0744E-10  7.4653E-04  304.12 1.0000
 845.0 1.6846E+17 1.3645E+17 3.2007E+16 3.0112E+05 6.7029E-10  7.1123E-04  305.80 1.0000
 850.0 1.5962E+17 1.2929E+17 3.0327E+16 1.8538E+05 6.3512E-10  6.7760E-04  307.48 1.0000
 855.0 1.5125E+17 1.2251E+17 2.8738E+16 1.1469E+05 6.0182E-10  6.4558E-04  309.15 1.0000
 860.0 1.4333E+17 1.1610E+17 2.7232E+16 7.1332E+04 5.7030E-10  6.1509E-04  310.83 1.0000
 865.0 1.3583E+17 1.1002E+17 2.5807E+16 4.4619E+04 5.4046E-10  5.8604E-04  312.50 1.0000
 870.0 1.2873E+17 1.0427E+17 2.4458E+16 2.8079E+04 5.1220E-10  5.5838E-04  314.18 1.0000
 875.0 1.2200E+17 9.8823E+16 2.3181E+16 1.7784E+04 4.8545E-10  5.3203E-04  315.85 1.0000
 880.0 1.1564E+17 9.3666E+16 2.1971E+16 1.1339E+04 4.6012E-10  5.0694E-04  317.52 1.0000
 885.0 1.0988E+17 8.9006E+16 2.0878E+16 7.2986E+03 4.3723E-10  4.8471E-04  319.49 1.0000
 890.0 1.0453E+17 8.4669E+16 1.9861E+16 4.7369E+03 4.1592E-10  4.6410E-04  321.58 1.0000
 895.0 9.9441E+16 8.0548E+16 1.8894E+16 3.0974E+03 3.9568E-10  4.4437E-04  323.66 1.0000
 900.0 9.4607E+16 7.6632E+16 1.7975E+16 2.0410E+03 3.7644E-10  4.2549E-04  325.75 1.0000
 905.0 9.0013E+16 7.2911E+16 1.7103E+16 1.3555E+03 3.5816E-10  4.0742E-04  327.83 1.0000
 910.0 8.5647E+16 6.9374E+16 1.6273E+16 9.0747E+02 3.4079E-10  3.9012E-04  329.92 1.0000
 915.0 8.1498E+16 6.6014E+16 1.5485E+16 6.1250E+02 3.2428E-10  3.7357E-04  332.00 1.0000
 920.0 7.7555E+16 6.2819E+16 1.4735E+16 4.1685E+02 3.0859E-10  3.5772E-04  334.08 1.0000
 925.0 7.3806E+16 5.9783E+16 1.4023E+16 2.8606E+02 2.9367E-10  3.4255E-04  336.16 1.0000
 930.0 7.0243E+16 5.6897E+16 1.3346E+16 1.9797E+02 2.7950E-10  3.2803E-04  338.24 1.0000
 935.0 6.6856E+16 5.4153E+16 1.2703E+16 1.3817E+02 2.6602E-10  3.1413E-04  340.32 1.0000
 940.0 6.3635E+16 5.1544E+16 1.2091E+16 9.7247E+01 2.5320E-10  3.0082E-04  342.40 1.0000
 945.0 6.0573E+16 4.9064E+16 1.1509E+16 6.9027E+01 2.4102E-10  2.8809E-04  344.48 1.0000
 950.0 5.7662E+16 4.6706E+16 1.0956E+16 4.9412E+01 2.2944E-10  2.7589E-04  346.55 1.0000
 955.0 5.4893E+16 4.4464E+16 1.0430E+16 3.5668E+01 2.1842E-10  2.6422E-04  348.63 1.0000
 960.0 5.2261E+16 4.2331E+16 9.9295E+15 2.5963E+01 2.0794E-10  2.5305E-04  350.70 1.0000
 965.0 4.9757E+16 4.0303E+16 9.4538E+15 1.9056E+01 1.9798E-10  2.4235E-04  352.78 1.0000
 970.0 4.7376E+16 3.8374E+16 9.0014E+15 1.4101E+01 1.8851E-10  2.3211E-04  354.85 1.0000
 975.0 4.5111E+16 3.6540E+16 8.5710E+15 1.0519E+01 1.7949E-10  2.2230E-04  356.92 1.0000
 980.0 4.2956E+16 3.4795E+16 8.1617E+15 7.9099E+00 1.7092E-10  2.1291E-04  359.00 1.0000
 985.0 4.0907E+16 3.3135E+16 7.7723E+15 5.9948E+00 1.6277E-10  2.0392E-04  361.07 1.0000
 990.0 3.9084E+16 3.1658E+16 7.4259E+15 4.5935E+00 1.5551E-10  1.9574E-04  362.75 1.0000
 995.0 3.7442E+16 3.0328E+16 7.1140E+15 3.5559E+00 1.4898E-10  1.8822E-04  364.10 1.0000
1000.0 3.5870E+16 2.9055E+16 6.8154E+15 2.7732E+00 1.4273E-10  1.8099E-04  365.46 1.0000
1010.0 3.2880E+16 2.6959E+16 5.9212E+15 1.6068E+00 1.2976E-10  1.6807E-04  370.23 1.0000
1020.0 3.0196E+16 2.5041E+16 5.1545E+15 9.3802E-01 1.1823E-10  1.5632E-04  374.95 1.0000
1030.0 2.7781E+16 2.3285E+16 4.4958E+15 5.5158E-01 1.0797E-10  1.4560E-04  379.60 1.0000
1040.0 2.5603E+16 2.1674E+16 3.9285E+15 3.2662E-01 9.8796E-11  1.3580E-04  384.19 1.0000
1050.0 2.3634E+16 2.0195E+16 3.4389E+15 1.9471E-01 9.0581E-11  1.2684E-04  388.71 1.0000
1060.0 2.1850E+16 1.8834E+16 3.0155E+15 1.1683E-01 8.3206E-11  1.1861E-04  393.18 1.0000
1070.0 2.0230E+16 1.7582E+16 2.6486E+15 7.0543E-02 7.6567E-11  1.1105E-04  397.59 1.0000
1080.0 1.8757E+16 1.6427E+16 2.3301E+15 4.2852E-02 7.0578E-11  1.0409E-04  401.95 1.0000
1090.0 1.7414E+16 1.5361E+16 2.0531E+15 2.6184E-02 6.5163E-11  9.7673E-05  406.24 1.0000
1100.0 1.6188E+16 1.4377E+16 1.8117E+15 1.6090E-02 6.0257E-11  9.1744E-05  410.48 1.0000
1110.0 1.5067E+16 1.3466E+16 1.6010E+15 9.9413E-03 5.5803E-11  8.6259E-05  414.66 1.0000
1120.0 1.4039E+16 1.2623E+16 1.4168E+15 6.1749E-03 5.1751E-11  8.1177E-05  418.79 1.0000
1130.0 1.3097E+16 1.1841E+16 1.2555E+15 3.8552E-03 4.8058E-11  7.6463E-05  422.87 1.0000
1140.0 1.2230E+16 1.1116E+16 1.1140E+15 2.4189E-03 4.4686E-11  7.2083E-05  426.89 1.0000
1150.0 1.1433E+16 1.0443E+16 9.8977E+14 1.5251E-03 4.1602E-11  6.8008E-05  430.86 1.0000
1160.0 1.0697E+16 9.8170E+15 8.8044E+14 9.6600E-04 3.8777E-11  6.4214E-05  434.78 1.0000
1170.0 1.0019E+16 9.2349E+15 7.8413E+14 6.1466E-04 3.6185E-11  6.0676E-05  438.64 1.0000
1180.0 9.3920E+15 8.6928E+15 6.9917E+14 3.9283E-04 3.3802E-11  5.7374E-05  442.46 1.0000
1190.0 8.8119E+15 8.1877E+15 6.2412E+14 2.5213E-04 3.1610E-11  5.4288E-05  446.23 1.0000
1200.0 8.2744E+15 7.7167E+15 5.5774E+14 1.6250E-04 2.9588E-11  5.1402E-05  449.94 1.0000
1210.0 7.7759E+15 7.2770E+15 4.9894E+14 1.0515E-04 2.7723E-11  4.8699E-05  453.61 1.0000
1220.0 7.3131E+15 6.8663E+15 4.4681E+14 6.8310E-05 2.5999E-11  4.6166E-05  457.23 1.0000
1230.0 6.8829E+15 6.4824E+15 4.0053E+14 4.4546E-05 2.4404E-11  4.3790E-05  460.81 1.0000
1240.0 6.4827E+15 6.1233E+15 3.5939E+14 2.9157E-05 2.2926E-11  4.1560E-05  464.34 1.0000
1250.0 6.1099E+15 5.7871E+15 3.2279E+14 1.9153E-05 2.1556E-11  3.9464E-05  467.82 1.0000
1260.0 5.7624E+15 5.4722E+15 2.9018E+14 1.2626E-05 2.0283E-11  3.7493E-05  471.26 1.0000
1270.0 5.4382E+15 5.1771E+15 2.6111E+14 8.3513E-06 1.9100E-11  3.5638E-05  474.65 1.0000
1280.0 5.1353E+15 4.9002E+15 2.3515E+14 5.5424E-06 1.7999E-11  3.3890E-05  478.00 1.0000
1290.0 4.8523E+15 4.6403E+15 2.1196E+14 3.6902E-06 1.6973E-11  3.2244E-05  481.30 1.0000
1300.0 4.5875E+15 4.3963E+15 1.9121E+14 2.4648E-06 1.6016E-11  3.0691E-05  484.57 1.0000
1310.0 4.3395E+15 4.1669E+15 1.7263E+14 1.6514E-06 1.5124E-11  2.9225E-05  487.79 1.0000
1320.0 4.1073E+15 3.9513E+15 1.5599E+14 1.1097E-06 1.4290E-11  2.7841E-05  490.97 1.0000
1330.0 3.8894E+15 3.7484E+15 1.4105E+14 7.4792E-07 1.3510E-11  2.6533E-05  494.11 1.0000
1340.0 3.6851E+15 3.5574E+15 1.2765E+14 5.0552E-07 1.2780E-11  2.5297E-05  497.20 1.0000
1350.0 3.4931E+15 3.3775E+15 1.1560E+14 3.4264E-07 1.2097E-11  2.4127E-05  500.26 1.0000
1360.0 3.3128E+15 3.2080E+15 1.0476E+14 2.3287E-07 1.1457E-11  2.3019E-05  503.28 1.0000
1370.0 3.1432E+15 3.0482E+15 9.5011E+13 1.5869E-07 1.0856E-11  2.1970E-05  506.26 1.0000
1380.0 2.9837E+15 2.8975E+15 8.6225E+13 1.0842E-07 1.0292E-11  2.0976E-05  509.20 1.0000
1390.0 2.8335E+15 2.7552E+15 7.8305E+13 7.4264E-08 9.7619E-12  2.0034E-05  512.11 1.0000
1400.0 2.6920E+15 2.6209E+15 7.1158E+13 5.0995E-08 9.2638E-12  1.9140E-05  514.97 1.0000
1410.0 2.5587E+15 2.4940E+15 6.4706E+13 3.5101E-08 8.7952E-12  1.8292E-05  517.81 1.0000
1420.0 2.4329E+15 2.3740E+15 5.8875E+13 2.4219E-08 8.3542E-12  1.7487E-05  520.60 1.0000
1430.0 2.3142E+15 2.2606E+15 5.3602E+13 1.6749E-08 7.9388E-12  1.6722E-05  523.36 1.0000
1440.0 2.2022E+15 2.1533E+15 4.8831E+13 1.1609E-08 7.5472E-12  1.5995E-05  526.08 1.0000
1450.0 2.0963E+15 2.0518E+15 4.4511E+13 8.0648E-09 7.1780E-12  1.5304E-05  528.77 1.0000
1460.0 1.9963E+15 1.9557E+15 4.0596E+13 5.6147E-09 6.8296E-12  1.4647E-05  531.42 1.0000
1470.0 1.9017E+15 1.8647E+15 3.7047E+13 3.9172E-09 6.5007E-12  1.4022E-05  534.04 1.0000
1480.0 1.8122E+15 1.7784E+15 3.3826E+13 2.7387E-09 6.1899E-12  1.3427E-05  536.63 1.0000
1490.0 1.7275E+15 1.6966E+15 3.0902E+13 1.9186E-09 5.8962E-12  1.2860E-05  539.19 1.0000
1500.0 1.6473E+15 1.6191E+15 2.8245E+13 1.3468E-09 5.6185E-12  1.2321E-05  541.71 1.0000
1510.0 1.5714E+15 1.5455E+15 2.5831E+13 1.0000E-09 5.3557E-12  1.1806E-05  544.20 1.0000
1520.0 1.4994E+15 1.4757E+15 2.3634E+13 1.0000E-09 5.1070E-12  1.1316E-05  546.65 1.0000
1530.0 1.4311E+15 1.4095E+15 2.1635E+13 1.0000E-09 4.8715E-12  1.0849E-05  549.08 1.0000
1540.0 1.3664E+15 1.3465E+15 1.9815E+13 1.0000E-09 4.6483E-12  1.0403E-05  551.48 1.0000
1550.0 1.3049E+15 1.2868E+15 1.8157E+13 1.0000E-09 4.4368E-12  9.9782E-06  553.84 1.0000
1560.0 1.2466E+15 1.2300E+15 1.6645E+13 1.0000E-09 4.2362E-12  9.5725E-06  556.18 1.0000
1570.0 1.1912E+15 1.1759E+15 1.5266E+13 1.0000E-09 4.0459E-12  9.1851E-06  558.48 1.0000
1580.0 1.1386E+15 1.1246E+15 1.4007E+13 1.0000E-09 3.8652E-12  8.8152E-06  560.76 1.0000
1590.0 1.0886E+15 1.0757E+15 1.2858E+13 1.0000E-09 3.6937E-12  8.4618E-06  563.01 1.0000
1600.0 1.0411E+15 1.0292E+15 1.1809E+13 1.0000E-09 3.5308E-12  8.1242E-06  565.23 1.0000
1610.0 9.9585E+14 9.8500E+14 1.0849E+13 1.0000E-09 3.3760E-12  7.8016E-06  567.42 1.0000
1620.0 9.5284E+14 9.4287E+14 9.9719E+12 1.0000E-09 3.2289E-12  7.4931E-06  569.59 1.0000
1630.0 9.1192E+14 9.0275E+14 9.1693E+12 1.0000E-09 3.0890E-12  7.1982E-06  571.72 1.0000
1640.0 8.7296E+14 8.6452E+14 8.4346E+12 1.0000E-09 2.9559E-12  6.9161E-06  573.83 1.0000
1650.0 8.3585E+14 8.2809E+14 7.7619E+12 1.0000E-09 2.8292E-12  6.6462E-06  575.92 1.0000
1660.0 8.0051E+14 7.9337E+14 7.1456E+12 1.0000E-09 2.7086E-12  6.3879E-06  577.97 1.0000
1670.0 7.6684E+14 7.6026E+14 6.5807E+12 1.0000E-09 2.5938E-12  6.1407E-06  580.00 1.0000
1680.0 7.3474E+14 7.2868E+14 6.0628E+12 1.0000E-09 2.4845E-12  5.9040E-06  582.01 1.0000
1690.0 7.0414E+14 6.9855E+14 5.5876E+12 1.0000E-09 2.3803E-12  5.6774E-06  583.99 1.0000
1700.0 6.7495E+14 6.6980E+14 5.1516E+12 1.0000E-09 2.2809E-12  5.4603E-06  585.95 1.0000
1710.0 6.4711E+14 6.4236E+14 4.7512E+12 1.0000E-09 2.1862E-12  5.2523E-06  587.88 1.0000
1720.0 6.2055E+14 6.1616E+14 4.3835E+12 1.0000E-09 2.0959E-12  5.0530E-06  589.79 1.0000
1730.0 5.9519E+14 5.9114E+14 4.0456E+12 1.0000E-09 2.0097E-12  4.8620E-06  591.67 1.0000
1740.0 5.7098E+14 5.6724E+14 3.7351E+12 1.0000E-09 1.9275E-12  4.6789E-06  593.53 1.0000
1750.0 5.4786E+14 5.4441E+14 3.4495E+12 1.0000E-09 1.8490E-12  4.5034E-06  595.37 1.0000
1760.0 5.2578E+14 5.2259E+14 3.1868E+12 1.0000E-09 1.7741E-12  4.3350E-06  597.18 1.0000
1770.0 5.0467E+14 5.0173E+14 2.9450E+12 1.0000E-09 1.7025E-12  4.1735E-06  598.97 1.0000
1780.0 4.8451E+14 4.8179E+14 2.7224E+12 1.0000E-09 1.6341E-12  4.0186E-06  600.74 1.0000
1790.0 4.6523E+14 4.6271E+14 2.5175E+12 1.0000E-09 1.5688E-12  3.8699E-06  602.49 1.0000
1800.0 4.4680E+14 4.4447E+14 2.3286E+12 1.0000E-09 1.5064E-12  3.7272E-06  604.21 1.0000
1810.0 4.2917E+14 4.2702E+14 2.1546E+12 1.0000E-09 1.4467E-12  3.5903E-06  605.91 1.0000
1820.0 4.1231E+14 4.1032E+14 1.9942E+12 1.0000E-09 1.3896E-12  3.4588E-06  607.60 1.0000
1830.0 3.9618E+14 3.9433E+14 1.8462E+12 1.0000E-09 1.3350E-12  3.3325E-06  609.26 1.0000
1840.0 3.8074E+14 3.7903E+14 1.7097E+12 1.0000E-09 1.2827E-12  3.2113E-06  610.90 1.0000
1850.0 3.6596E+14 3.6437E+14 1.5838E+12 1.0000E-09 1.2327E-12  3.0948E-06  612.52 1.0000
1860.0 3.5181E+14 3.5034E+14 1.4675E+12 1.0000E-09 1.1849E-12  2.9829E-06  614.12 1.0000
1870.0 3.3825E+14 3.3689E+14 1.3602E+12 1.0000E-09 1.1391E-12  2.8754E-06  615.70 1.0000
1880.0 3.2528E+14 3.2401E+14 1.2610E+12 1.0000E-09 1.0952E-12  2.7721E-06  617.26 1.0000
1890.0 3.1284E+14 3.1167E+14 1.1694E+12 1.0000E-09 1.0532E-12  2.6728E-06  618.80 1.0000
1900.0 3.0093E+14 2.9984E+14 1.0847E+12 1.0000E-09 1.0130E-12  2.5773E-06  620.33 1.0000
1910.0 2.8951E+14 2.8850E+14 1.0064E+12 1.0000E-09 9.7440E-13  2.4855E-06  621.83 1.0000
1920.0 2.7856E+14 2.7763E+14 9.3399E+11 1.0000E-09 9.3745E-13  2.3973E-06  623.32 1.0000
1930.0 2.6807E+14 2.6720E+14 8.6700E+11 1.0000E-09 9.0203E-13  2.3124E-06  624.78 1.0000
1940.0 2.5801E+14 2.5720E+14 8.0502E+11 1.0000E-09 8.6807E-13  2.2307E-06  626.23 1.0000
1950.0 2.4836E+14 2.4761E+14 7.4765E+11 1.0000E-09 8.3551E-13  2.1522E-06  627.66 1.0000
1960.0 2.3910E+14 2.3840E+14 6.9453E+11 1.0000E-09 8.0428E-13  2.0766E-06  629.08 1.0000
1970.0 2.3022E+14 2.2957E+14 6.4534E+11 1.0000E-09 7.7433E-13  2.0039E-06  630.47 1.0000
1980.0 2.2169E+14 2.2109E+14 5.9978E+11 1.0000E-09 7.4559E-13  1.9340E-06  631.85 1.0000
1990.0 2.1351E+14 2.1295E+14 5.5755E+11 1.0000E-09 7.1801E-13  1.8666E-06  633.21 1.0000
2000.0 2.0566E+14 2.0514E+14 5.1842E+11 1.0000E-09 6.9154E-13  1.8018E-06  634.56 1.0000
2010.0 1.9812E+14 1.9764E+14 4.8214E+11 1.0000E-09 6.6613E-13  1.7394E-06  635.89 1.0000
2020.0 1.9088E+14 1.9043E+14 4.4850E+11 1.0000E-09 6.4174E-13  1.6793E-06  637.20 1.0000
2030.0 1.8393E+14 1.8351E+14 4.1729E+11 1.0000E-09 6.1832E-13  1.6214E-06  638.50 1.0000
2040.0 1.7725E+14 1.7686E+14 3.8834E+11 1.0000E-09 5.9582E-13  1.5657E-06  639.78 1.0000
2050.0 1.7083E+14 1.7047E+14 3.6147E+11 1.0000E-09 5.7421E-13  1.5120E-06  641.04 1.0000
2060.0 1.6467E+14 1.6433E+14 3.3653E+11 1.0000E-09 5.5345E-13  1.4603E-06  642.29 1.0000
2070.0 1.5875E+14 1.5843E+14 3.1338E+11 1.0000E-09 5.3351E-13  1.4104E-06  643.53 1.0000
2080.0 1.5305E+14 1.5276E+14 2.9188E+11 1.0000E-09 5.1434E-13  1.3624E-06  644.75 1.0000
2090.0 1.4758E+14 1.4731E+14 2.7191E+11 1.0000E-09 4.9592E-13  1.3162E-06  645.95 1.0000
2100.0 1.4232E+14 1.4206E+14 2.5335E+11 1.0000E-09 4.7821E-13  1.2716E-06  647.14 1.0000
2110.0 1.3726E+14 1.3702E+14 2.3611E+11 1.0000E-09 4.6118E-13  1.2286E-06  648.32 1.0000
2120.0 1.3239E+14 1.3217E+14 2.2008E+11 1.0000E-09 4.4481E-13  1.1872E-06  649.48 1.0000
2130.0 1.2771E+14 1.2751E+14 2.0518E+11 1.0000E-09 4.2906E-13  1.1472E-06  650.63 1.0000
2140.0 1.2321E+14 1.2302E+14 1.9132E+11 1.0000E-09 4.1392E-13  1.1087E-06  651.76 1.0000
2150.0 1.1888E+14 1.1870E+14 1.7843E+11 1.0000E-09 3.9935E-13  1.0716E-06  652.88 1.0000
2160.0 1.1472E+14 1.1455E+14 1.6645E+11 1.0000E-09 3.8533E-13  1.0358E-06  653.98 1.0000
2170.0 1.1071E+14 1.1055E+14 1.5529E+11 1.0000E-09 3.7185E-13  1.0013E-06  655.08 1.0000
2180.0 1.0685E+14 1.0670E+14 1.4491E+11 1.0000E-09 3.5887E-13  9.6794E-07  656.15 1.0000
2190.0 1.0313E+14 1.0300E+14 1.3524E+11 1.0000E-09 3.4638E-13  9.3581E-07  657.22 1.0000
2200.0 9.9556E+13 9.9430E+13 1.2624E+11 1.0000E-09 3.3436E-13  9.0481E-07  658.27 1.0000
2210.0 9.6113E+13 9.5996E+13 1.1787E+11 1.0000E-09 3.2278E-13  8.7490E-07  659.31 1.0000
2220.0 9.2798E+13 9.2688E+13 1.1006E+11 1.0000E-09 3.1163E-13  8.4604E-07  660.34 1.0000
2230.0 8.9606E+13 8.9503E+13 1.0279E+11 1.0000E-09 3.0090E-13  8.1820E-07  661.36 1.0000
2240.0 8.6531E+13 8.6435E+13 9.6017E+10 1.0000E-09 2.9057E-13  7.9132E-07  662.36 1.0000
2250.0 8.3569E+13 8.3480E+13 8.9703E+10 1.0000E-09 2.8061E-13  7.6538E-07  663.35 1.0000
2260.0 8.0716E+13 8.0632E+13 8.3819E+10 1.0000E-09 2.7102E-13  7.4034E-07  664.33 1.0000
2270.0 7.7967E+13 7.7889E+13 7.8333E+10 1.0000E-09 2.6178E-13  7.1617E-07  665.30 1.0000
2280.0 7.5319E+13 7.5245E+13 7.3217E+10 1.0000E-09 2.5288E-13  6.9283E-07  666.26 1.0000
2290.0 7.2766E+13 7.2697E+13 6.8446E+10 1.0000E-09 2.4430E-13  6.7030E-07  667.20 1.0000
2300.0 7.0306E+13 7.0242E+13 6.3996E+10 1.0000E-09 2.3604E-13  6.4854E-07  668.13 1.0000
2310.0 6.7934E+13 6.7875E+13 5.9845E+10 1.0000E-09 2.2807E-13  6.2753E-07  669.05 1.0000
2320.0 6.5649E+13 6.5593E+13 5.5971E+10 1.0000E-09 2.2039E-13  6.0724E-07  669.96 1.0000
2330.0 6.3445E+13 6.3392E+13 5.2356E+10 1.0000E-09 2.1298E-13  5.8764E-07  670.86 1.0000
2340.0 6.1320E+13 6.1271E+13 4.8981E+10 1.0000E-09 2.0585E-13  5.6872E-07  671.75 1.0000
2350.0 5.9271E+13 5.9225E+13 4.5831E+10 1.0000E-09 1.9896E-13  5.5043E-07  672.63 1.0000
2360.0 5.7295E+13 5.7252E+13 4.2889E+10 1.0000E-09 1.9232E-13  5.3277E-07  673.50 1.0000
2370.0 5.5389E+13 5.5349E+13 4.0142E+10 1.0000E-09 1.8592E-13  5.1570E-07  674.36 1.0000
2380.0 5.3551E+13 5.3513E+13 3.7576E+10 1.0000E-09 1.7975E-13  4.9921E-07  675.21 1.0000
2390.0 5.1777E+13 5.1742E+13 3.5179E+10 1.0000E-09 1.7379E-13  4.8328E-07  676.04 1.0000
2400.0 5.0066E+13 5.0033E+13 3.2940E+10 1.0000E-09 1.6805E-13  4.6788E-07  676.87 1.0000
2410.0 4.8416E+13 4.8385E+13 3.0847E+10 1.0000E-09 1.6250E-13  4.5300E-07  677.69 1.0000
2420.0 4.6823E+13 4.6794E+13 2.8891E+10 1.0000E-09 1.5715E-13  4.3862E-07  678.49 1.0000
2430.0 4.5286E+13 4.5259E+13 2.7063E+10 1.0000E-09 1.5199E-13  4.2472E-07  679.29 1.0000
2440.0 4.3802E+13 4.3777E+13 2.5354E+10 1.0000E-09 1.4701E-13  4.1128E-07  680.08 1.0000
2450.0 4.2370E+13 4.2346E+13 2.3756E+10 1.0000E-09 1.4220E-13  3.9829E-07  680.86 1.0000
2460.0 4.0988E+13 4.0966E+13 2.2261E+10 1.0000E-09 1.3756E-13  3.8573E-07  681.63 1.0000
2470.0 3.9653E+13 3.9633E+13 2.0863E+10 1.0000E-09 1.3308E-13  3.7359E-07  682.39 1.0000
2480.0 3.8365E+13 3.8346E+13 1.9556E+10 1.0000E-09 1.2875E-13  3.6185E-07  683.14 1.0000
2490.0 3.7121E+13 3.7103E+13 1.8333E+10 1.0000E-09 1.2458E-13  3.5050E-07  683.89 1.0000
2500.0 3.5920E+13 3.5903E+13 1.7188E+10 1.0000E-09 1.2054E-13  3.3952E-07  684.62 1.0000
2510.0 3.4760E+13 3.4744E+13 1.6117E+10 1.0000E-09 1.1665E-13  3.2891E-07  685.35 1.0000
2520.0 3.3640E+13 3.3625E+13 1.5114E+10 1.0000E-09 1.1289E-13  3.1864E-07  686.06 1.0000
2530.0 3.2558E+13 3.2544E+13 1.4176E+10 1.0000E-09 1.0925E-13  3.0871E-07  686.77 1.0000
2540.0 3.1512E+13 3.1499E+13 1.3297E+10 1.0000E-09 1.0575E-13  2.9910E-07  687.47 1.0000
2550.0 3.0503E+13 3.0490E+13 1.2474E+10 1.0000E-09 1.0236E-13  2.8981E-07  688.16 1.0000
2560.0 2.9527E+13 2.9516E+13 1.1704E+10 1.0000E-09 9.9082E-14  2.8082E-07  688.85 1.0000
2570.0 2.8585E+13 2.8574E+13 1.0982E+10 1.0000E-09 9.5918E-14  2.7212E-07  689.52 1.0000
2580.0 2.7674E+13 2.7664E+13 1.0306E+10 1.0000E-09 9.2861E-14  2.6371E-07  690.19 1.0000
2590.0 2.6794E+13 2.6784E+13 9.6730E+09 1.0000E-09 8.9907E-14  2.5557E-07  690.85 1.0000
2600.0 2.5944E+13 2.5935E+13 9.0797E+09 1.0000E-09 8.7052E-14  2.4769E-07  691.50 1.0000
2610.0 2.5122E+13 2.5113E+13 8.5238E+09 1.0000E-09 8.4293E-14  2.4007E-07  692.15 1.0000
2620.0 2.4327E+13 2.4319E+13 8.0028E+09 1.0000E-09 8.1627E-14  2.3269E-07  692.78 1.0000
2630.0 2.3559E+13 2.3552E+13 7.5144E+09 1.0000E-09 7.9049E-14  2.2555E-07  693.41 1.0000
2640.0 2.2817E+13 2.2810E+13 7.0566E+09 1.0000E-09 7.6558E-14  2.1864E-07  694.03 1.0000
2650.0 2.2099E+13 2.2093E+13 6.6275E+09 1.0000E-09 7.4149E-14  2.1195E-07  694.65 1.0000
2660.0 2.1405E+13 2.1399E+13 6.2250E+09 1.0000E-09 7.1820E-14  2.0547E-07  695.26 1.0000
2670.0 2.0734E+13 2.0729E+13 5.8477E+09 1.0000E-09 6.9568E-14  1.9920E-07  695.86 1.0000
2680.0 2.0086E+13 2.0080E+13 5.4938E+09 1.0000E-09 6.7391E-14  1.9313E-07  696.45 1.0000
2690.0 1.9458E+13 1.9453E+13 5.1618E+09 1.0000E-09 6.5286E-14  1.8726E-07  697.04 1.0000
2700.0 1.8852E+13 1.8847E+13 4.8504E+09 1.0000E-09 6.3250E-14  1.8157E-07  697.62 1.0000
2710.0 1.8265E+13 1.8260E+13 4.5583E+09 1.0000E-09 6.1280E-14  1.7606E-07  698.19 1.0000
2720.0 1.7697E+13 1.7693E+13 4.2842E+09 1.0000E-09 5.9376E-14  1.7073E-07  698.76 1.0000
2730.0 1.7148E+13 1.7144E+13 4.0270E+09 1.0000E-09 5.7533E-14  1.6557E-07  699.32 1.0000
2740.0 1.6617E+13 1.6613E+13 3.7855E+09 1.0000E-09 5.5751E-14  1.6057E-07  699.87 1.0000
2750.0 1.6103E+13 1.6100E+13 3.5590E+09 1.0000E-09 5.4027E-14  1.5572E-07  700.42 1.0000
2760.0 1.5606E+13 1.5603E+13 3.3463E+09 1.0000E-09 5.2359E-14  1.5103E-07  700.96 1.0000
2770.0 1.5125E+13 1.5122E+13 3.1466E+09 1.0000E-09 5.0745E-14  1.4649E-07  701.49 1.0000
2780.0 1.4660E+13 1.4657E+13 2.9591E+09 1.0000E-09 4.9183E-14  1.4209E-07  702.02 1.0000
2790.0 1.4210E+13 1.4207E+13 2.7831E+09 1.0000E-09 4.7672E-14  1.3783E-07  702.54 1.0000
2800.0 1.3774E+13 1.3771E+13 2.6178E+09 1.0000E-09 4.6210E-14  1.3370E-07  703.05 1.0000
2810.0 1.3352E+13 1.3349E+13 2.4625E+09 1.0000E-09 4.4794E-14  1.2970E-07  703.56 1.0000
2820.0 1.2944E+13 1.2941E+13 2.3166E+09 1.0000E-09 4.3425E-14  1.2582E-07  704.07 1.0000
2830.0 1.2549E+13 1.2546E+13 2.1796E+09 1.0000E-09 4.2099E-14  1.2207E-07  704.57 1.0000
2840.0 1.2166E+13 1.2164E+13 2.0509E+09 1.0000E-09 4.0816E-14  1.1843E-07  705.06 1.0000
2850.0 1.1796E+13 1.1794E+13 1.9300E+09 1.0000E-09 3.9573E-14  1.1491E-07  705.55 1.0000
2860.0 1.1438E+13 1.1436E+13 1.8163E+09 1.0000E-09 3.8371E-14  1.1149E-07  706.03 1.0000
2870.0 1.1091E+13 1.1089E+13 1.7095E+09 1.0000E-09 3.7207E-14  1.0818E-07  706.50 1.0000
2880.0 1.0755E+13 1.0753E+13 1.6092E+09 1.0000E-09 3.6079E-14  1.0497E-07  706.97 1.0000
2890.0 1.0429E+13 1.0428E+13 1.5148E+09 1.0000E-09 3.4988E-14  1.0187E-07  707.44 1.0000
2900.0 1.0114E+13 1.0113E+13 1.4261E+09 1.0000E-09 3.3931E-14  9.8853E-08  707.90 1.0000
2910.0 9.8094E+12 9.8080E+12 1.3427E+09 1.0000E-09 3.2908E-14  9.5934E-08  708.35 1.0000
2920.0 9.5140E+12 9.5127E+12 1.2643E+09 1.0000E-09 3.1917E-14  9.3104E-08  708.80 1.0000
2930.0 9.2279E+12 9.2267E+12 1.1906E+09 1.0000E-09 3.0957E-14  9.0361E-08  709.24 1.0000
2940.0 8.9509E+12 8.9498E+12 1.1213E+09 1.0000E-09 3.0028E-14  8.7702E-08  709.68 1.0000
2950.0 8.6825E+12 8.6815E+12 1.0561E+09 1.0000E-09 2.9127E-14  8.5125E-08  710.11 1.0000
2960.0 8.4226E+12 8.4216E+12 9.9475E+08 1.0000E-09 2.8255E-14  8.2627E-08  710.54 1.0000
2970.0 8.1708E+12 8.1699E+12 9.3706E+08 1.0000E-09 2.7410E-14  8.0204E-08  710.96 1.0000
2980.0 7.9269E+12 7.9260E+12 8.8279E+08 1.0000E-09 2.6592E-14  7.7856E-08  711.38 1.0000
2990.0 7.6906E+12 7.6898E+12 8.3174E+08 1.0000E-09 2.5799E-14  7.5579E-08  711.80 1.0000
3000.0 7.4617E+12 7.4609E+12 7.8369E+08 1.0000E-09 2.5031E-14  7.3371E-08  712.21 1.0000
3010.0 7.2399E+12 7.2391E+12 7.3848E+08 1.0000E-09 2.4287E-14  7.1231E-08  712.61 1.0000
3020.0 7.0250E+12 7.0243E+12 6.9594E+08 1.0000E-09 2.3566E-14  6.9155E-08  713.01 1.0000
3030.0 6.8167E+12 6.8161E+12 6.5590E+08 1.0000E-09 2.2867E-14  6.7142E-08  713.41 1.0000
3040.0 6.6149E+12 6.6143E+12 6.1821E+08 1.0000E-09 2.2190E-14  6.5190E-08  713.80 1.0000
3050.0 6.4193E+12 6.4188E+12 5.8273E+08 1.0000E-09 2.1534E-14  6.3297E-08  714.18 1.0000
3060.0 6.2298E+12 6.2293E+12 5.4933E+08 1.0000E-09 2.0898E-14  6.1461E-08  714.57 1.0000
3070.0 6.0462E+12 6.0456E+12 5.1789E+08 1.0000E-09 2.0282E-14  5.9681E-08  714.94 1.0000
3080.0 5.8681E+12 5.8676E+12 4.8828E+08 1.0000E-09 1.9685E-14  5.7954E-08  715.32 1.0000
3090.0 5.6956E+12 5.6951E+12 4.6040E+08 1.0000E-09 1.9106E-14  5.6279E-08  715.69 1.0000
3100.0 5.5283E+12 5.5279E+12 4.3415E+08 1.0000E-09 1.8545E-14  5.4654E-08  716.05 1.0000
3110.0 5.3662E+12 5.3658E+12 4.0942E+08 1.0000E-09 1.8001E-14  5.3078E-08  716.41 1.0000
3120.0 5.2090E+12 5.2086E+12 3.8613E+08 1.0000E-09 1.7474E-14  5.1549E-08  716.77 1.0000
3130.0 5.0567E+12 5.0563E+12 3.6419E+08 1.0000E-09 1.6963E-14  5.0066E-08  717.12 1.0000
3140.0 4.9089E+12 4.9086E+12 3.4353E+08 1.0000E-09 1.6467E-14  4.8627E-08  717.47 1.0000
3150.0 4.7657E+12 4.7654E+12 3.2406E+08 1.0000E-09 1.5987E-14  4.7231E-08  717.81 1.0000
3160.0 4.6268E+12 4.6265E+12 3.0571E+08 1.0000E-09 1.5521E-14  4.5876E-08  718.15 1.0000
3170.0 4.4922E+12 4.4919E+12 2.8843E+08 1.0000E-09 1.5069E-14  4.4562E-08  718.49 1.0000
3180.0 4.3616E+12 4.3614E+12 2.7214E+08 1.0000E-09 1.4631E-14  4.3287E-08  718.82 1.0000
3190.0 4.2350E+12 4.2348E+12 2.5679E+08 1.0000E-09 1.4206E-14  4.2050E-08  719.15 1.0000
3200.0 4.1123E+12 4.1120E+12 2.4232E+08 1.0000E-09 1.3794E-14  4.0849E-08  719.48 1.0000
3210.0 3.9932E+12 3.9929E+12 2.2868E+08 1.0000E-09 1.3395E-14  3.9684E-08  719.80 1.0000
3220.0 3.8777E+12 3.8775E+12 2.1583E+08 1.0000E-09 1.3008E-14  3.8553E-08  720.12 1.0000
3230.0 3.7657E+12 3.7655E+12 2.0371E+08 1.0000E-09 1.2632E-14  3.7456E-08  720.43 1.0000
3240.0 3.6571E+12 3.6569E+12 1.9229E+08 1.0000E-09 1.2267E-14  3.6391E-08  720.75 1.0000
3250.0 3.5517E+12 3.5515E+12 1.8152E+08 1.0000E-09 1.1914E-14  3.5358E-08  721.05 1.0000
3260.0 3.4495E+12 3.4493E+12 1.7137E+08 1.0000E-09 1.1571E-14  3.4355E-08  721.36 1.0000
3270.0 3.3503E+12 3.3502E+12 1.6179E+08 1.0000E-09 1.1238E-14  3.3381E-08  721.66 1.0000
3280.0 3.2541E+12 3.2540E+12 1.5276E+08 1.0000E-09 1.0916E-14  3.2436E-08  721.96 1.0000
3290.0 3.1608E+12 3.1607E+12 1.4424E+08 1.0000E-09 1.0603E-14  3.1519E-08  722.25 1.0000
3300.0 3.0703E+12 3.0702E+12 1.3621E+08 1.0000E-09 1.0299E-14  3.0629E-08  722.54 1.0000
3310.0 2.9825E+12 2.9823E+12 1.2863E+08 1.0000E-09 1.0005E-14  2.9764E-08  722.83 1.0000
3320.0 2.8973E+12 2.8971E+12 1.2148E+08 1.0000E-09 9.7186E-15  2.8925E-08  723.11 1.0000
3330.0 2.8146E+12 2.8145E+12 1.1474E+08 1.0000E-09 9.4412E-15  2.8111E-08  723.40 1.0000
3340.0 2.7343E+12 2.7342E+12 1.0838E+08 1.0000E-09 9.1721E-15  2.7320E-08  723.67 1.0000
3350.0 2.6565E+12 2.6564E+12 1.0238E+08 1.0000E-09 8.9109E-15  2.6552E-08  723.95 1.0000
3360.0 2.5809E+12 2.5808E+12 9.6713E+07 1.0000E-09 8.6575E-15  2.5807E-08  724.22 1.0000
3370.0 2.5076E+12 2.5075E+12 9.1369E+07 1.0000E-09 8.4116E-15  2.5083E-08  724.49 1.0000
3380.0 2.4365E+12 2.4364E+12 8.6325E+07 1.0000E-09 8.1729E-15  2.4380E-08  724.76 1.0000
3390.0 2.3674E+12 2.3673E+12 8.1565E+07 1.0000E-09 7.9412E-15  2.3698E-08  725.02 1.0000
3400.0 2.3004E+12 2.3003E+12 7.7072E+07 1.0000E-09 7.7164E-15  2.3035E-08  725.28 1.0000
3410.0 2.2353E+12 2.2353E+12 7.2832E+07 1.0000E-09 7.4982E-15  2.2392E-08  725.54 1.0000
3420.0 2.1722E+12 2.1721E+12 6.8829E+07 1.0000E-09 7.2864E-15  2.1767E-08  725.79 1.0000
3430.0 2.1109E+12 2.1108E+12 6.5050E+07 1.0000E-09 7.0808E-15  2.1160E-08  726.04 1.0000
3440.0 2.0514E+12 2.0513E+12 6.1482E+07 1.0000E-09 6.8812E-15  2.0570E-08  726.29 1.0000
3450.0 1.9937E+12 1.9936E+12 5.8113E+07 1.0000E-09 6.6875E-15  1.9998E-08  726.54 1.0000
3460.0 1.9376E+12 1.9375E+12 5.4933E+07 1.0000E-09 6.4994E-15  1.9442E-08  726.78 1.0000
3470.0 1.8832E+12 1.8831E+12 5.1929E+07 1.0000E-09 6.3168E-15  1.8902E-08  727.02 1.0000
3480.0 1.8303E+12 1.8303E+12 4.9093E+07 1.0000E-09 6.1396E-15  1.8378E-08  727.26 1.0000
3490.0 1.7790E+12 1.7790E+12 4.6415E+07 1.0000E-09 5.9675E-15  1.7869E-08  727.49 1.0000
3500.0 1.7292E+12 1.7292E+12 4.3885E+07 1.0000E-09 5.8004E-15  1.7374E-08  727.73 1.0000
3510.0 1.6808E+12 1.6808E+12 4.1495E+07 1.0000E-09 5.6382E-15  1.6893E-08  727.96 1.0000
3520.0 1.6339E+12 1.6338E+12 3.9238E+07 1.0000E-09 5.4806E-15  1.6426E-08  728.18 1.0000
3530.0 1.5883E+12 1.5882E+12 3.7106E+07 1.0000E-09 5.3277E-15  1.5973E-08  728.41 1.0000
3540.0 1.5440E+12 1.5440E+12 3.5092E+07 1.0000E-09 5.1791E-15  1.5532E-08  728.63 1.0000
3550.0 1.5010E+12 1.5010E+12 3.3189E+07 1.0000E-09 5.0349E-15  1.5104E-08  728.85 1.0000
3560.0 1.4592E+12 1.4592E+12 3.1391E+07 1.0000E-09 4.8948E-15  1.4689E-08  729.07 1.0000
3570.0 1.4187E+12 1.4187E+12 2.9693E+07 1.0000E-09 4.7588E-15  1.4285E-08  729.28 1.0000
3580.0 1.3793E+12 1.3793E+12 2.8087E+07 1.0000E-09 4.6267E-15  1.3892E-08  729.50 1.0000
3590.0 1.3411E+12 1.3410E+12 2.6571E+07 1.0000E-09 4.4984E-15  1.3511E-08  729.71 1.0000
3600.0 1.3039E+12 1.3039E+12 2.5137E+07 1.0000E-09 4.3737E-15  1.3140E-08  729.92 1.0000
3610.0 1.2678E+12 1.2678E+12 2.3782E+07 1.0000E-09 4.2527E-15  1.2780E-08  730.12 1.0000
3620.0 1.2328E+12 1.2327E+12 2.2501E+07 1.0000E-09 4.1351E-15  1.2430E-08  730.33 1.0000
3630.0 1.1987E+12 1.1987E+12 2.1291E+07 1.0000E-09 4.0209E-15  1.2090E-08  730.53 1.0000
3640.0 1.1656E+12 1.1656E+12 2.0147E+07 1.0000E-09 3.9100E-15  1.1760E-08  730.73 1.0000
3650.0 1.1335E+12 1.1335E+12 1.9065E+07 1.0000E-09 3.8022E-15  1.1439E-08  730.92 1.0000
3660.0 1.1023E+12 1.1023E+12 1.8043E+07 1.0000E-09 3.6975E-15  1.1127E-08  731.12 1.0000
3670.0 1.0720E+12 1.0720E+12 1.7076E+07 1.0000E-09 3.5958E-15  1.0824E-08  731.31 1.0000
3680.0 1.0425E+12 1.0425E+12 1.6162E+07 1.0000E-09 3.4970E-15  1.0529E-08  731.50 1.0000
3690.0 1.0139E+12 1.0139E+12 1.5297E+07 1.0000E-09 3.4010E-15  1.0243E-08  731.69 1.0000
3700.0 9.8611E+11 9.8610E+11 1.4480E+07 1.0000E-09 3.3078E-15  9.9644E-09  731.88 1.0000
3710.0 9.5910E+11 9.5909E+11 1.3707E+07 1.0000E-09 3.2171E-15  9.6938E-09  732.06 1.0000
3720.0 9.3285E+11 9.3284E+11 1.2976E+07 1.0000E-09 3.1291E-15  9.4309E-09  732.24 1.0000
3730.0 9.0735E+11 9.0733E+11 1.2285E+07 1.0000E-09 3.0435E-15  9.1753E-09  732.42 1.0000
3740.0 8.8256E+11 8.8255E+11 1.1631E+07 1.0000E-09 2.9604E-15  8.9269E-09  732.60 1.0000
3750.0 8.5848E+11 8.5847E+11 1.1012E+07 1.0000E-09 2.8796E-15  8.6854E-09  732.78 1.0000
3760.0 8.3508E+11 8.3507E+11 1.0427E+07 1.0000E-09 2.8011E-15  8.4506E-09  732.95 1.0000
3770.0 8.1234E+11 8.1233E+11 9.8740E+06 1.0000E-09 2.7248E-15  8.2224E-09  733.13 1.0000
3780.0 7.9024E+11 7.9023E+11 9.3504E+06 1.0000E-09 2.6507E-15  8.0006E-09  733.30 1.0000
3790.0 7.6876E+11 7.6875E+11 8.8550E+06 1.0000E-09 2.5787E-15  7.7849E-09  733.47 1.0000
3800.0 7.4788E+11 7.4787E+11 8.3863E+06 1.0000E-09 2.5086E-15  7.5752E-09  733.64 1.0000
3810.0 7.2759E+11 7.2758E+11 7.9429E+06 1.0000E-09 2.4406E-15  7.3714E-09  733.80 1.0000
3820.0 7.0787E+11 7.0787E+11 7.5233E+06 1.0000E-09 2.3744E-15  7.1732E-09  733.96 1.0000
3830.0 6.8871E+11 6.8870E+11 7.1262E+06 1.0000E-09 2.3101E-15  6.9805E-09  734.13 1.0000
3840.0 6.7008E+11 6.7007E+11 6.7504E+06 1.0000E-09 2.2477E-15  6.7932E-09  734.29 1.0000
3850.0 6.5197E+11 6.5196E+11 6.3948E+06 1.0000E-09 2.1869E-15  6.6110E-09  734.45 1.0000
3860.0 6.3437E+11 6.3436E+11 6.0582E+06 1.0000E-09 2.1279E-15  6.4339E-09  734.60 1.0000
3870.0 6.1725E+11 6.1725E+11 5.7396E+06 1.0000E-09 2.0705E-15  6.2617E-09  734.76 1.0000
3880.0 6.0062E+11 6.0062E+11 5.4380E+06 1.0000E-09 2.0147E-15  6.0942E-09  734.91 1.0000
3890.0 5.8445E+11 5.8445E+11 5.1526E+06 1.0000E-09 1.9604E-15  5.9314E-09  735.06 1.0000
3900.0 5.6873E+11 5.6873E+11 4.8823E+06 1.0000E-09 1.9077E-15  5.7730E-09  735.21 1.0000
3910.0 5.5345E+11 5.5344E+11 4.6265E+06 1.0000E-09 1.8564E-15  5.6190E-09  735.36 1.0000
3920.0 5.3859E+11 5.3858E+11 4.3843E+06 1.0000E-09 1.8066E-15  5.4693E-09  735.51 1.0000
3930.0 5.2414E+11 5.2414E+11 4.1550E+06 1.0000E-09 1.7581E-15  5.3236E-09  735.65 1.0000
3940.0 5.1010E+11 5.1009E+11 3.9378E+06 1.0000E-09 1.7110E-15  5.1820E-09  735.80 1.0000
3950.0 4.9644E+11 4.9644E+11 3.7322E+06 1.0000E-09 1.6652E-15  5.0442E-09  735.94 1.0000
3960.0 4.8316E+11 4.8316E+11 3.5375E+06 1.0000E-09 1.6207E-15  4.9102E-09  736.08 1.0000
3970.0 4.7025E+11 4.7025E+11 3.3532E+06 1.0000E-09 1.5774E-15  4.7799E-09  736.22 1.0000
3980.0 4.5769E+11 4.5769E+11 3.1785E+06 1.0000E-09 1.5352E-15  4.6531E-09  736.36 1.0000
3990.0 4.4548E+11 4.4548E+11 3.0132E+06 1.0000E-09 1.4943E-15  4.5299E-09  736.49 1.0000
4000.0 4.3361E+11 4.3361E+11 2.8565E+06 1.0000E-09 1.4545E-15  4.4099E-09  736.63 1.0000
