#H, m	T, K	P, Nm2		rho, kg m3	a, m/s
0		227.50	5.669E+02	1.319E-02	236.38
1000	224.20	5.171E+02	1.221E-02	234.64
2000	220.90	4.716E+02	1.130E-02	232.93
3000	217.60	4.301E+02	1.046E-02	231.20
4000	214.20	3.922E+02	9.690E-03	229.38
5000	210.90	3.577E+02	8.976E-03	227.61
6000	208.40	3.234E+02	8.212E-03	226.26
7000	205.80	2.923E+02	7.514E-03	224.88
8000	203.30	2.643E+02	6.877E-03	223.52
9000	200.80	2.389E+02	6.294E-03	222.13
10000	198.20	2.159E+02	5.762E-03	220.70
11000	196.00	1.943E+02	5.242E-03	219.51
12000	193.80	1.747E+02	4.770E-03	218.20
13000	191.60	1.572E+02	4.340E-03	217.00
14000	189.40	1.414E+02	3.950E-03	215.72
15000	187.10	1.272E+02	3.596E-03	214.44
16000	185.00	1.139E+02	3.255E-03	213.28
17000	182.90	1.019E+02	2.948E-03	211.98
18000	180.80	9.125E+01	2.670E-03	210.78
19000	178.70	8.168E+01	2.418E-03	209.56
20000	176.60	7.312E+01	2.190E-03	208.34
21000	174.50	6.511E+01	1.973E-03	207.12
22000	172.50	5.797E+01	1.778E-03	205.88
23000	170.40	5.162E+01	1.603E-03	204.60
24000	168.30	4.597E+01	1.445E-03	203.36
25000	166.30	4.093E+01	1.302E-03	202.16
26000	163.90	3.626E+01	1.171E-03	200.64
27000	161.50	3.213E+01	1.052E-03	199.26
28000	159.10	2.846E+01	9.464E-04	197.72
29000	156.70	2.521E+01	8.513E-04	196.21
30000	154.30	2.234E+01	7.659E-04	194.73
31000	153.30	1.968E+01	6.792E-04	194.08
32000	152.30	1.734E+01	6.024E-04	193.44
33000	151.30	1.528E+01	5.342E-04	192.83
34000	150.30	1.346E+01	4.738E-04	192.17
35000	149.30	1.186E+01	4.203E-04	191.53
36000	147.00	1.040E+01	3.742E-04	190.08
37000	144.60	9.112E+00	3.332E-04	188.55
38000	142.30	7.987E+00	2.968E-04	187.04
39000	140.00	7.001E+00	2.645E-04	185.50
40000	137.70	6.136E+00	2.357E-04	183.96
41000	136.70	5.376E+00	2.080E-04	183.30
42000	135.70	4.710E+00	1.836E-04	182.62
43000	134.70	4.126E+00	1.621E-04	181.91
44000	133.70	3.615E+00	1.431E-04	181.22
45000	132.70	3.167E+00	1.263E-04	180.55
46000	132.40	2.758E+00	1.103E-04	180.29
47000	132.00	2.403E+00	9.636E-05	180.05
48000	131.70	2.092E+00	8.416E-05	179.76
49000	131.40	1.822E+00	7.351E-05	179.50
50000	131.00	1.587E+00	6.420E-05	179.26
51000	132.90	1.398E+00	5.575E-05	180.55
52000	134.80	1.231E+00	4.842E-05	181.80
53000	136.60	1.084E+00	4.206E-05	183.04
54000	138.50	9.543E-01	3.654E-05	184.26
55000	140.40	8.403E-01	3.175E-05	185.49
56000	142.00	7.545E-01	2.819E-05	186.53
57000	143.60	6.775E-01	2.503E-05	187.58
58000	145.10	6.084E-01	2.223E-05	188.62
59000	146.70	5.463E-01	1.975E-05	189.63
60000	148.30	4.905E-01	1.754E-05	190.67
61000	148.40	4.520E-01	1.616E-05	190.69
62000	148.40	4.166E-01	1.488E-05	190.78
63000	148.50	3.839E-01	1.370E-05	190.86
64000	148.50	3.538E-01	1.262E-05	190.91
65000	148.60	3.296E-01	1.175E-05	190.96
66000	148.00	2.969E-01	1.062E-05	190.64
67000	147.50	2.675E-01	9.605E-06	190.28
68000	146.90	2.410E-01	8.684E-06	189.94
69000	146.30	2.171E-01	7.850E-06	189.61
70000	145.80	2.000E-01	7.254E-06	189.32
71000	145.00	1.765E-01	6.436E-06	188.81
72000	144.20	1.558E-01	5.710E-06	188.34
73000	143.40	1.375E-01	5.067E-06	187.82
74000	142.50	1.214E-01	4.496E-06	187.36
75000	141.70	1.076E-01	4.006E-06	186.86
76000	139.70	9.322E-02	3.492E-06	186.29
77000	137.70	8.076E-02	3.045E-06	185.68
78000	135.70	6.995E-02	2.656E-06	185.03
79000	133.80	6.060E-02	2.317E-06	184.39
80000	131.80	5.249E-02	2.022E-06	183.70
81000	129.80	4.547E-02	1.765E-06	183.00
82000	127.80	3.939E-02	1.541E-06	182.29
83000	126.60	3.352E-02	1.320E-06	181.69
84000	125.70	2.833E-02	1.123E-06	181.09
85000	124.80	2.394E-02	9.557E-07	180.46
86000	123.90	2.023E-02	8.131E-07	179.84
87000	123.10	1.710E-02	6.919E-07	179.25
88000	122.40	1.440E-02	5.861E-07	178.72
89000	121.70	1.212E-02	4.957E-07	178.28
90000	121.10	1.020E-02	4.192E-07	177.85
91000	120.50	8.587E-03	3.545E-07	177.45
92000	119.80	7.227E-03	2.999E-07	177.00
93000	119.50	6.074E-03	2.529E-07	176.70
94000	119.20	5.102E-03	2.131E-07	176.42
95000	118.90	4.286E-03	1.795E-07	176.18
96000	118.60	3.600E-03	1.513E-07	175.87
97000	118.40	3.024E-03	1.274E-07	175.66
98000	118.40	2.560E-03	1.078E-07	175.70
99000	118.60	2.174E-03	9.142E-08	175.83
100000	118.80	1.846E-03	7.749E-08	175.98
101000	119.00	1.568E-03	6.568E-08	176.17
102000	119.20	1.331E-03	5.568E-08	176.28
103000	119.80	1.134E-03	4.717E-08	176.78
104000	120.60	9.668E-04	3.995E-08	177.37
105000	121.30	8.243E-04	3.384E-08	177.95
106000	122.10	7.028E-04	2.866E-08	178.55
107000	122.80	5.992E-04	2.428E-08	179.12
108000	124.00	5.130E-04	2.061E-08	179.88
109000	125.40	4.399E-04	1.751E-08	180.72
110000	126.80	3.772E-04	1.488E-08	181.53
111000	128.10	3.235E-04	1.265E-08	182.33
112000	129.50	2.774E-04	1.075E-08	183.16
113000	131.40	2.408E-04	9.180E-09	184.66
114000	133.60	2.101E-04	7.856E-09	186.46
115000	135.80	1.833E-04	6.725E-09	188.24
116000	138.00	1.599E-04	5.758E-09	190.00
117000	140.20	1.395E-04	4.931E-09	191.77
118000	142.60	1.223E-04	4.261E-09	193.17
119000	145.10	1.074E-04	3.695E-09	194.39
120000	147.50	9.435E-05	3.205E-09	195.63
121000	150.00	8.286E-05	2.780E-09	196.84
122000	152.50	7.277E-05	2.413E-09	198.00
123000	154.80	6.483E-05	2.113E-09	199.71
124000	157.00	5.808E-05	1.857E-09	201.64
125000	159.30	5.203E-05	1.632E-09	203.58
