-8.036462037081946619e+00 -8.030525293819664512e+00 -8.024618490024295170e+00 -8.018663876617210917e+00 -8.014362792204337893e+00 -8.006659318885795074e+00 -8.000477321827929700e+00 -7.994545256991841597e+00 -7.988177362236456247e+00 -7.982532187696051551e+00 -7.976972574495448498e+00
-8.087380308170395438e+00 -8.081872638675122289e+00 -8.076490374627610436e+00 -8.071081363839766709e+00 -8.068201309150026646e+00 -8.060383236370398663e+00 -8.054773368519818177e+00 -8.049293132695311215e+00 -8.043986340999254026e+00 -8.038311800632072845e+00 -8.033068972610635683e+00
-8.200694316361477831e+00 -8.193677876744914101e+00 -8.186504828048782656e+00 -8.179591068081208505e+00 -8.172887478343909606e+00 -8.166924291577743134e+00 -8.159664475992030930e+00 -8.153251696920051472e+00 -8.146763964807178127e+00 -8.140335309264628449e+00 -8.133826810742903035e+00
-8.382364120116108097e+00 -8.372553887696994934e+00 -8.362721884186612442e+00 -8.353220194403547794e+00 -8.343878091665828833e+00 -8.334242721404734766e+00 -8.325337725262215827e+00 -8.316225952828972368e+00 -8.307586961615015753e+00 -8.298710369403124787e+00 -8.289876508923043730e+00
-8.603074622380518122e+00 -8.589294584144226974e+00 -8.576292362326057628e+00 -8.563215248224878451e+00 -8.550418692742823623e+00 -8.538444663325208239e+00 -8.525917101935192477e+00 -8.514114758676441852e+00 -8.502473551961884368e+00 -8.491067885108350310e+00 -8.479774402123439359e+00
-8.853693432232830673e+00 -8.835785686733288458e+00 -8.818207682219508570e+00 -8.800946355815540301e+00 -8.783924076709809015e+00 -8.766926744970987784e+00 -8.751470639122999273e+00 -8.735545259838545462e+00 -8.720773323777393671e+00 -8.706537404552364023e+00 -8.692580865354102571e+00
-9.107708234547317261e+00 -9.086754932715848554e+00 -9.066622988724702736e+00 -9.047197944189974805e+00 -9.028349401425657561e+00 -9.010128160865860991e+00 -8.992432142214966007e+00 -8.976038957291166298e+00 -8.958939457403175766e+00 -8.942676818915060721e+00 -8.926668400676135207e+00
-9.373654591679951409e+00 -9.348309300512482878e+00 -9.324174040139041608e+00 -9.301233504618721781e+00 -9.279469046603480820e+00 -9.258795723944786005e+00 -9.238882625220867340e+00 -9.220347271999344230e+00 -9.202677318826317787e+00 -9.185249255922826706e+00 -9.168634488585666986e+00
-9.649753539051744156e+00 -9.619979917730233865e+00 -9.591950487087160582e+00 -9.565734142968722153e+00 -9.540845379007805604e+00 -9.517557748833496589e+00 -9.495579480713786324e+00 -9.474680665778578259e+00 -9.455662078838940943e+00 -9.437145080650225282e+00 -9.420189933131041471e+00
-9.934719731321820291e+00 -9.897959688649279997e+00 -9.865310628854786046e+00 -9.835832484321144875e+00 -9.808532393184577813e+00 -9.783040236939996248e+00 -9.759312278551078634e+00 -9.736989612141769612e+00 -9.716158340204856358e+00 -9.696743262866220903e+00 -9.678773567964526592e+00
-1.022808634638204239e+01 -1.018400397462028195e+01 -1.014419337784784148e+01 -1.010911378426681040e+01 -1.007862009347445564e+01 -1.005149117160544847e+01 -1.002634793344259379e+01 -1.000288783437645179e+01 -9.981182025898306165e+00 -9.961091997036419343e+00 -9.942248679381009424e+00
-1.052125542166322703e+01 -1.047028968491213163e+01 -1.042519877112135873e+01 -1.038510668003073079e+01 -1.034967370449521695e+01 -1.031954152138496283e+01 -1.029332575111402548e+01 -1.026904954786368762e+01 -1.024682609548472101e+01 -1.022608555525221163e+01 -1.020699569572025212e+01
-1.081140598478305037e+01 -1.075340004530880833e+01 -1.070249534458707785e+01 -1.065838333376086666e+01 -1.061961837533453945e+01 -1.058579383185860934e+01 -1.055738364925127826e+01 -1.053270657156463130e+01 -1.050974076912825694e+01 -1.048862206422199961e+01 -1.046911972618909203e+01
-1.109697968594264239e+01 -1.103056831243156921e+01 -1.097394843917936669e+01 -1.092543648090941133e+01 -1.088397394003186491e+01 -1.084791001896155649e+01 -1.081673093022982357e+01 -1.079096279163059080e+01 -1.076791863993275911e+01 -1.074642379478609655e+01 -1.072654239612529636e+01
-1.137546672132521053e+01 -1.130088171547322418e+01 -1.123811994674906600e+01 -1.118585802286543185e+01 -1.114112663255218649e+01 -1.110280507002607919e+01 -1.106982738977603731e+01 -1.104233750393541413e+01 -1.101896183614007896e+01 -1.099691947730025277e+01 -1.097713663573813392e+01
-1.164449996577241109e+01 -1.156252459865936544e+01 -1.149357792043883819e+01 -1.143691912066788063e+01 -1.138963166552639450e+01 -1.134988804412569152e+01 -1.131568597230943851e+01 -1.128632466871204088e+01 -1.126144234833554947e+01 -1.123951804987518699e+01 -1.121937745476316195e+01
-1.190470125514548272e+01 -1.181356197586501366e+01 -1.173960301372062531e+01 -1.167837392835645005e+01 -1.162879136308401939e+01 -1.158718641049563303e+01 -1.155182843541842885e+01 -1.152141797739750473e+01 -1.149531580328766722e+01 -1.147290688618886634e+01 -1.145245930699456949e+01
-1.215438528428421705e+01 -1.205463950142438989e+01 -1.197472073961034766e+01 -1.190987885221693432e+01 -1.185737298287131125e+01 -1.181438999191232142e+01 -1.177809048529161373e+01 -1.174694262825505575e+01 -1.171975160069996491e+01 -1.169651722104390501e+01 -1.167577151901787147e+01
-1.239303802987706149e+01 -1.228509101518284297e+01 -1.219897832087735878e+01 -1.213127087075918098e+01 -1.207590135612190352e+01 -1.203140135747526074e+01 -1.199389648106807726e+01 -1.196212800270586740e+01 -1.193406805584527319e+01 -1.190993606008487404e+01 -1.188884415113352588e+01
-1.262095341651729541e+01 -1.250438429169298615e+01 -1.241267418483403162e+01 -1.234149711019563256e+01 -1.228403431122933398e+01 -1.223827484595312853e+01 -1.219935532430827152e+01 -1.216667307778334362e+01 -1.213801117007824359e+01 -1.211319292217376642e+01 -1.209156412054653629e+01
-1.283802437892882153e+01 -1.271266056061722338e+01 -1.261582619049659115e+01 -1.254091265460010618e+01 -1.248188590339123039e+01 -1.243409726773097645e+01 -1.239496906743079307e+01 -1.236094638966096682e+01 -1.233175179940735688e+01 -1.230598493900470203e+01 -1.228420531826850493e+01
-1.304432296642335132e+01 -1.291034990676416783e+01 -1.280840107537733275e+01 -1.272983494891741429e+01 -1.266926815158512909e+01 -1.262007869638910051e+01 -1.257993787761370186e+01 -1.254545318376040086e+01 -1.251561743850470521e+01 -1.248907957645133138e+01 -1.246643976232007844e+01
-1.323991544801901910e+01 -1.309776952375250403e+01 -1.299059702754675527e+01 -1.290906532853477984e+01 -1.284681348483354668e+01 -1.279615216657839483e+01 -1.275535106796087348e+01 -1.272028768968448276e+01 -1.268998330297108623e+01 -1.266316812341028708e+01 -1.263913335056349752e+01
-1.342551633304537972e+01 -1.327504485007011681e+01 -1.316277428741159383e+01 -1.307852176671440247e+01 -1.301446211827715160e+01 -1.296275790815343498e+01 -1.292083987343721674e+01 -1.288533798989010393e+01 -1.285475135114756995e+01 -1.282738764643727336e+01 -1.280268511790200137e+01
-1.360163006207221770e+01 -1.344274072605185211e+01 -1.332561636575337616e+01 -1.323884415256543434e+01 -1.317283238310483284e+01 -1.312026644536308595e+01 -1.307737584938149666e+01 -1.304124904175841948e+01 -1.300980092838290147e+01 -1.298252969302484416e+01 -1.295743932306868373e+01
-1.376849347271854640e+01 -1.360118401570434798e+01 -1.347949665274063591e+01 -1.339027020244975574e+01 -1.332241879098364734e+01 -1.326915379452475463e+01 -1.322529999834659975e+01 -1.318861860927790985e+01 -1.315674109228712041e+01 -1.312860740609175991e+01 -1.310369198034095461e+01
-1.392636815988589660e+01 -1.375080432952381670e+01 -1.362489217566326261e+01 -1.353326430422021076e+01 -1.346378288231426268e+01 -1.340964740550771239e+01 -1.336496939911739901e+01 -1.332778470846460550e+01 -1.329536621799707063e+01 -1.326693675350543344e+01 -1.324184508883263334e+01
-1.407585954257228877e+01 -1.389232622649797122e+01 -1.376220870739780366e+01 -1.366820672903122613e+01 -1.359727113435656065e+01 -1.354232226106614689e+01 -1.349687302416350576e+01 -1.345916600268174079e+01 -1.342632319090262172e+01 -1.339756008033145918e+01 -1.337212256374186836e+01
-1.421752617927268147e+01 -1.402621259156876476e+01 -1.389186897614126792e+01 -1.379559822103692568e+01 -1.372343298749910900e+01 -1.366759273778006900e+01 -1.362148334628363955e+01 -1.358321713425902999e+01 -1.354989019280765206e+01 -1.352086429609335028e+01 -1.349504825173426070e+01
-1.435177368872246007e+01 -1.415276089208782651e+01 -1.401435458109335741e+01 -1.391591810381578398e+01 -1.384265164468888543e+01 -1.378590438033279497e+01 -1.373918704904281185e+01 -1.370035916037886636e+01 -1.366689504538953770e+01 -1.363758184510152205e+01 -1.361107252356305253e+01
-1.447902216005604714e+01 -1.427235836901672883e+01 -1.413006044283247320e+01 -1.402954244765714975e+01 -1.395526501943459152e+01 -1.389766266182050458e+01 -1.385034500033361837e+01 -1.381106653216920677e+01 -1.377723814021010185e+01 -1.374723048131636460e+01 -1.372120408728733310e+01
