7.406495575304448664e+01 7.406899407240946687e+01 7.407658957818159706e+01 7.427890183203486174e+01 7.463568363744940370e+01 7.507867105076657310e+01 7.545782655569657038e+01 7.569488869732879266e+01 7.614048400070356593e+01 7.653491424108311492e+01 7.703259124091349008e+01
8.381905507509587494e+01 8.435091903261002244e+01 8.475152889923431587e+01 8.535198534324075581e+01 8.574223885881163199e+01 8.624615079108666293e+01 8.673656407352359565e+01 8.724594548707483455e+01 8.771922307546502395e+01 8.820249179356565605e+01 8.875286330896004472e+01
1.009096901837388316e+02 1.011717125711395511e+02 1.014260510320775666e+02 1.017309458999469314e+02 1.019878825930508413e+02 1.022320999174057334e+02 1.025152768095338445e+02 1.028018432196019489e+02 1.031146876625893185e+02 1.034391318235999506e+02 1.036466830548086477e+02
1.176413173757708392e+02 1.183183705003235673e+02 1.189798930972142870e+02 1.196494489413477140e+02 1.203263972025219459e+02 1.209748988561495366e+02 1.216423658023176984e+02 1.223165433068474499e+02 1.229350225578558593e+02 1.236201730814656514e+02 1.243373244361737022e+02
1.398288463061760467e+02 1.409632557513518520e+02 1.421738515849160649e+02 1.432231489410233678e+02 1.443262901385328689e+02 1.453708984571844383e+02 1.463718968570016159e+02 1.472942672548513485e+02 1.481778254520664575e+02 1.490125830005096930e+02 1.498467928824582884e+02
1.642874168214648023e+02 1.670563432106349921e+02 1.698906799299992372e+02 1.728615129737332552e+02 1.758216867759167883e+02 1.787649873070787407e+02 1.818139835008320233e+02 1.847827589313919532e+02 1.876903243055209316e+02 1.905797444365389026e+02 1.934898985598563854e+02
2.022739391879316884e+02 2.062795668689934985e+02 2.102143398286882530e+02 2.142181116836140689e+02 2.182293929573201581e+02 2.223599671211884754e+02 2.264618748843463720e+02 2.306108630242350443e+02 2.348003685095087860e+02 2.390859583131806403e+02 2.435263254855832145e+02
2.384172023891053982e+02 2.441969094510241121e+02 2.501465475734073038e+02 2.563379782531833939e+02 2.627602530369532019e+02 2.695129628792598169e+02 2.758796539644471295e+02 2.817844038461724949e+02 2.867766138070848001e+02 2.909864789158331746e+02 2.946839296428942703e+02
2.777061395216194342e+02 2.860914532237830485e+02 2.936683407644355839e+02 2.998516125321066284e+02 3.050986817085694724e+02 3.100281350486184806e+02 3.156326897935073248e+02 3.221747070886864321e+02 3.290497958634721840e+02 3.359058742711157493e+02 3.425695265907850739e+02
3.147605476398902624e+02 3.213268648189589953e+02 3.284391792514115309e+02 3.372774002939395359e+02 3.465005776741925274e+02 3.555914251536216852e+02 3.647176715879794529e+02 3.737624829642351187e+02 3.832116886704064882e+02 3.923964050224234370e+02 4.009699558925492511e+02
3.491868186095639430e+02 3.608630804635030813e+02 3.726014380405311499e+02 3.843516530271035094e+02 3.965915214328794605e+02 4.088468125216074895e+02 4.203672675658646085e+02 4.310156466243817022e+02 4.415884725035132874e+02 4.533548158934112280e+02 4.654707316808080577e+02
3.924663081286303736e+02 4.072604593393162986e+02 4.224502281088866766e+02 4.379271140033662846e+02 4.519675650569040499e+02 4.656510112413593561e+02 4.812626097974837762e+02 4.968790377855881388e+02 5.109334835664755019e+02 5.238192857623206464e+02 5.367716843984493380e+02
4.409168034301641228e+02 4.601539425717143672e+02 4.780103126360775150e+02 4.950821775074998641e+02 5.150062144759691591e+02 5.344561404266986528e+02 5.516491071485656903e+02 5.681569122538799093e+02 5.861402040605585171e+02 6.039337993788044514e+02 6.206907844054176167e+02
4.972100686543438428e+02 5.185261561508605155e+02 5.401096562605697500e+02 5.651852816340741583e+02 5.876272817511122639e+02 6.082256660917075806e+02 6.311652969049622470e+02 6.534967736512173815e+02 6.744860637922090518e+02 6.947980081496584717e+02 7.151081278073454541e+02
5.607745299546701290e+02 5.858385266645251477e+02 6.163373080253066973e+02 6.433521487949162747e+02 6.693876668461005011e+02 6.980974086110758208e+02 7.249726761986760266e+02 7.508308468405415397e+02 7.763459320447517484e+02 8.023896340499125017e+02 8.273923407553592142e+02
6.350897699850034996e+02 6.699105287010801248e+02 7.038371931412877984e+02 7.350327927875275691e+02 7.702917817894705195e+02 8.033317924910676311e+02 8.351785969905452021e+02 8.674154909764338299e+02 8.995014115694980319e+02 9.295334947633089087e+02 9.577341232900658952e+02
7.277127627011516324e+02 7.708909799621383172e+02 8.092989733005383641e+02 8.502143708351085252e+02 8.916356965323584518e+02 9.309000846263213589e+02 9.709222371367673077e+02 1.010502996018541808e+03 1.047634708637017184e+03 1.082770972840749891e+03 1.119291273359238403e+03
8.461096589201304141e+02 8.969738584365522911e+02 9.425310977329033904e+02 9.942347044644487823e+02 1.043572502200006056e+03 1.091983862218903369e+03 1.141650664870340734e+03 1.188945852731358627e+03 1.232606323837663695e+03 1.277859351731316565e+03 1.321752756869186214e+03
9.989454026315519286e+02 1.060597254569787083e+03 1.116400461522302066e+03 1.180480900642329743e+03 1.240638083902128756e+03 1.300923815876897152e+03 1.362381798705908977e+03 1.419344301026969333e+03 1.473590867216171773e+03 1.529904079568781981e+03 1.582573847266832217e+03
1.202237573019997399e+03 1.278645233733161149e+03 1.348427878608958963e+03 1.428415172589931899e+03 1.503555889835559356e+03 1.579518408000804811e+03 1.655752823781378538e+03 1.726446990414242919e+03 1.795432763645461364e+03 1.865171129691362239e+03 1.930036066623305032e+03
1.478297275054355623e+03 1.575574116642676017e+03 1.664615209912158889e+03 1.766234412749597595e+03 1.862098803733821569e+03 1.958947910575066317e+03 2.056268385968314760e+03 2.146094589511034428e+03 2.234289912661447488e+03 2.323068675022109801e+03 2.404675351110156953e+03
1.858901230947681142e+03 1.986091873033590446e+03 2.102267019416797666e+03 2.234111073135336028e+03 2.359352788000975579e+03 2.485447143274805967e+03 2.611916404841245821e+03 2.728094059910412398e+03 2.842899919307285472e+03 2.957753994738222445e+03 3.063897783700117543e+03
2.390100332708917449e+03 2.558912851851760024e+03 2.713919716326223352e+03 2.888115714200982438e+03 3.055795039530285067e+03 3.222328556536424458e+03 3.390771723731346356e+03 3.544413743382176108e+03 3.696895608067411558e+03 3.848264834070770121e+03 3.988266667209577008e+03
3.137156351203424492e+03 3.362823983062575280e+03 3.574079456167223725e+03 3.808881227009026588e+03 4.035789963708081814e+03 4.262521783064906231e+03 4.489151757910663946e+03 4.697153985480680603e+03 4.903848843575829051e+03 5.106484693696671457e+03 5.294078617590736940e+03
4.188090156347209813e+03 4.496067567383748610e+03 4.787604278516078921e+03 5.110599069530902852e+03 5.421856268486661065e+03 5.734417879776827249e+03 6.043494223931689703e+03 6.328112340097039123e+03 6.613890972584906194e+03 6.890096616420396458e+03 7.144415266688455631e+03
5.668395976331770726e+03 6.094587291706972792e+03 6.499866618126638969e+03 6.951330051663167978e+03 7.386658964628166359e+03 7.821621087140647433e+03 8.252760785840659082e+03 8.643746220053330035e+03 9.041417131775397138e+03 9.421152490965187098e+03 9.772882861082593081e+03
7.751693199616356651e+03 8.350337979863448709e+03 8.916142092696160034e+03 9.557865159210774436e+03 1.016592900530424231e+04 1.078485300601266317e+04 1.137969165430089015e+04 1.192330313865917560e+04 1.248698025529099505e+04 1.301126970980155238e+04 1.350671769698329445e+04
1.068213564905584644e+04 1.153129591258594337e+04 1.232539321683515482e+04 1.323961454190969198e+04 1.409404884249017050e+04 1.497302171580462709e+04 1.580478648893341415e+04 1.658053188444666011e+04 1.737737813636397914e+04 1.809770027871246930e+04 1.880658624190184855e+04
1.479640682488763196e+04 1.599263276025441519e+04 1.713732836685467919e+04 1.842270506845655473e+04 1.964082724670807875e+04 2.089038103935565232e+04 2.205252002086273205e+04 2.316331724800144730e+04 2.427382289578511336e+04 2.529092673726097928e+04 2.630437231705405429e+04
2.056419539270022869e+04 2.225193510169729052e+04 2.389108862399595819e+04 2.571355574197960959e+04 2.745245495793266309e+04 2.922213277769588967e+04 3.083695621288953407e+04 3.244761222355575592e+04 3.399675676198630390e+04 3.543748044626317278e+04 3.688168909916818666e+04
2.861829033980254098e+04 3.099206458584416396e+04 3.334818193711666390e+04 3.590458171885259071e+04 3.839445560121690505e+04 4.089319943591550691e+04 4.317108107827312779e+04 4.548649110568504693e+04 4.765175625746064907e+04 4.970580439131760795e+04 5.174782154042988259e+04
