2.069407819440262486e+01
2.071822560732578822e+01
2.079049956869844351e+01
2.091040105583941511e+01
2.107711726769223404e+01
2.128954842912479606e+01
2.154634243476256472e+01
2.184593491512895014e+01
2.218659217446541732e+01
2.256645458010739702e+01
2.298357831835700082e+01
2.343597389305701739e+01
2.392164025137176964e+01
2.443859391037156570e+01
2.498489288182060619e+01
2.555865552637794735e+01
2.615807470583510153e+01
2.678142774976812035e+01
2.742708282548565180e+01
2.809350231487790239e+01
2.877924377595856953e+01
2.948295901560849330e+01
3.020339173530102173e+01
3.093937414228106420e+01
3.168982285081521155e+01
3.245373433545129416e+01
3.323018014269633369e+01
3.401830201988408930e+01
3.481730708018714893e+01
3.562646309018128932e+01
3.644509394028295901e+01
