4.137494205545123259e+04 4.145116359977133106e+04 4.152851741377436701e+04 4.160598071800837351e+04 4.174759100662999845e+04 4.174963632649365900e+04 4.181186610359549377e+04 4.188329021199337149e+04 4.193632563769445551e+04 4.201902083361771656e+04 4.209330555804036703e+04
4.329101571344389231e+04 4.340027528426222852e+04 4.351854177551513567e+04 4.363142259960843512e+04 4.394482515316813806e+04 4.385854578796141868e+04 4.396157636901492515e+04 4.406732319609304250e+04 4.418664496578581020e+04 4.428078622930147685e+04 4.439262931877061055e+04
4.793601652982684755e+04 4.810993974554968736e+04 4.826387027289329853e+04 4.843130193360339763e+04 4.860875736321615841e+04 4.882707187699983479e+04 4.895929936820532021e+04 4.914594500384986168e+04 4.931442536576982093e+04 4.949075433100642840e+04 4.965670404447618785e+04
5.488909160521833110e+04 5.517251076390461094e+04 5.543878085004253080e+04 5.572324083162121678e+04 5.599806637643268186e+04 5.625856180288185715e+04 5.654229575078525522e+04 5.681281349511379813e+04 5.711253949823190487e+04 5.739218862521460687e+04 5.765841300005716766e+04
6.301244436342566041e+04 6.342977014550596505e+04 6.390054129494716472e+04 6.433977640124288155e+04 6.478693634784394817e+04 6.526735128389485180e+04 6.569243564605012944e+04 6.614266641360420908e+04 6.660226257426908705e+04 6.705727009607521177e+04 6.751837330951599870e+04
7.181147856475447770e+04 7.250787869558962120e+04 7.320779614424797182e+04 7.389222753194055986e+04 7.457948428525074269e+04 7.523798488151431957e+04 7.595517073882473051e+04 7.664679650589340599e+04 7.734807785274436173e+04 7.807427678543253569e+04 7.878473270468978444e+04
8.012179598318910575e+04 8.125704169649344112e+04 8.240851832249197469e+04 8.354912933602450357e+04 8.468599687189127144e+04 8.582764119551661133e+04 8.696629316724676755e+04 8.813607186694548000e+04 8.923970111268648179e+04 9.036431410163470719e+04 9.146877962985515478e+04
8.837499461608535785e+04 9.002070250131039938e+04 9.166388661972818954e+04 9.331581722220957454e+04 9.497934727390849730e+04 9.667636570992952329e+04 9.835082883505975769e+04 1.000401089001515938e+05 1.017287947022950539e+05 1.033979324354597193e+05 1.050609669956995349e+05
9.667990589922704385e+04 9.896667900008174183e+04 1.012639289592768764e+05 1.035872354846810194e+05 1.058891493343892507e+05 1.082255054502086568e+05 1.105647827393635962e+05 1.128810804475631885e+05 1.152300560177986772e+05 1.175408516646548815e+05 1.198532228653599741e+05
1.053284863434240542e+05 1.081991177173945180e+05 1.112267218554775027e+05 1.143464037806644774e+05 1.174778778580817307e+05 1.205892002374535950e+05 1.237232809919621068e+05 1.268294090505109343e+05 1.299217292289993202e+05 1.330003009123715456e+05 1.360660218215941859e+05
1.146588651276391756e+05 1.182674080608918885e+05 1.219651495122142951e+05 1.258032262605853612e+05 1.298131681950913626e+05 1.339039904188557412e+05 1.379520805244947551e+05 1.419753865516418300e+05 1.459571420445109543e+05 1.499235448819410230e+05 1.537999379868268443e+05
1.243929163301334920e+05 1.289190467891609733e+05 1.335959868208366970e+05 1.383598802457643906e+05 1.432182663516253524e+05 1.482595168065346661e+05 1.533795195132282097e+05 1.584397177198775753e+05 1.634417885540575371e+05 1.683674996326396940e+05 1.714676719429286022e+05
1.347013603253198380e+05 1.402951328749561799e+05 1.460277754631860880e+05 1.519308791131309408e+05 1.579170551898593258e+05 1.639756903315100353e+05 1.701822984156317834e+05 1.764246791704016505e+05 1.825270534339414735e+05 1.885331116526679252e+05 1.944194035263984115e+05
1.458706115024416067e+05 1.525302546524659265e+05 1.595046526924586797e+05 1.666615060754739970e+05 1.739628393474929617e+05 1.812228091855662060e+05 1.886620643732064927e+05 1.961168508914592094e+05 2.034766818378435273e+05 2.106501391516944568e+05 2.176544184993758972e+05
1.581029364471295848e+05 1.660416304727793322e+05 1.743462370482827246e+05 1.829635616327610333e+05 1.916594254704889900e+05 2.004196349995927885e+05 2.091527323870024120e+05 2.138977284380447236e+05 2.266006577624825295e+05 2.350370158941582195e+05 2.432879830027322168e+05
1.716724152570843289e+05 1.811571889433290926e+05 1.909729640177112888e+05 2.011499913088408066e+05 2.114831997278736380e+05 2.218603620221626188e+05 2.320887185046930681e+05 2.423283976003392017e+05 2.523904389351494610e+05 2.622411354258219362e+05 2.718207764094499289e+05
1.872699184580776782e+05 1.983257199034398072e+05 2.099799883434716903e+05 2.218934434245376033e+05 2.340557130591428140e+05 2.461943659014051082e+05 2.581995556815156597e+05 2.700140234490422881e+05 2.816163906767917215e+05 2.929798767244166229e+05 3.039952976555367932e+05
2.054916896304826660e+05 2.184266839068311674e+05 2.320592186140705890e+05 2.460401733603377943e+05 2.602005251197575126e+05 2.743744051777441055e+05 2.882922089861208806e+05 3.019392754378104582e+05 3.152584440555296023e+05 3.282512062754254439e+05 3.408841641682407935e+05
2.272887380741553789e+05 2.424582068719292001e+05 2.583540204862888204e+05 2.747732678056466393e+05 2.912140678681304562e+05 3.076306335271156277e+05 3.236888313260471332e+05 3.394196009031301364e+05 3.546937516319369897e+05 3.695328270280538709e+05 3.839681432581568370e+05
2.540482562759488646e+05 2.718063812918379554e+05 2.904339703470644890e+05 3.095976406575387809e+05 3.287419469160374138e+05 3.477584661533667822e+05 3.662609664916541660e+05 3.843315229682517820e+05 4.018502998406688566e+05 4.188301931541069061e+05 4.352951411913633347e+05
2.875805108612166368e+05 3.084561606956918258e+05 3.303656340554028866e+05 3.527542188891713158e+05 3.751448687581666163e+05 3.970943226165049709e+05 4.185408117896598997e+05 4.392849862025406910e+05 4.594046347151659429e+05 4.788671135054501356e+05 4.977460169711113558e+05
3.303688866012600483e+05 3.550589235860175104e+05 3.809981290218203212e+05 4.072300116885627504e+05 4.334660201319887419e+05 4.590597703133739997e+05 4.839499639041983755e+05 5.079070491481428035e+05 5.311081702116982779e+05 5.535303620149460621e+05 4.708895530268709408e+05
3.859066038003805443e+05 4.154324285736221937e+05 4.462325379653423443e+05 4.773619178131950321e+05 5.080150203432144481e+05 5.381171526894064154e+05 5.672135148169731256e+05 5.951131446989822434e+05 6.220837359549584799e+05 6.481049624486564426e+05 6.731249223515066551e+05
4.587695220875901869e+05 4.945109222225238918e+05 5.314557937187626958e+05 5.686662877988580149e+05 6.052594144771050196e+05 6.406272964036787162e+05 6.747372035057025496e+05 7.075072044384859037e+05 7.391652343090539798e+05 7.695981242994557833e+05 7.988383384516187944e+05
5.553436477370602079e+05 5.990263726330248173e+05 6.439612267027558992e+05 6.888346198137284955e+05 7.326714234176197788e+05 7.748813359477811027e+05 8.154124185749182943e+05 8.541804774321403820e+05 8.917028158089971403e+05 9.277878268144603353e+05 9.624944618086725241e+05
6.841298999854905996e+05 7.382590550557653187e+05 7.935100396488251863e+05 8.483115445922868093e+05 9.014250836112583056e+05 9.523810841838427586e+05 1.001106333097957075e+06 1.047731061459592427e+06 1.092608414974761894e+06 1.135553722026214236e+06 1.177020274967228295e+06
8.565447530294561293e+05 9.244134539959911490e+05 9.933725795024476247e+05 1.061057377535558073e+06 1.126253689372225199e+06 1.188336515806335956e+06 1.247754988873525057e+06 1.304420324016169645e+06 1.358712389432823518e+06 1.411029214917400619e+06 1.461302181606625440e+06
1.088015300362054957e+06 1.174232027132110903e+06 1.261210300046639983e+06 1.345851914260850288e+06 1.426775595079195220e+06 1.503445217918118229e+06 1.576750733460104326e+06 1.646501117309095338e+06 1.622051113944301382e+06 1.670838282502517104e+06 1.717704404258373892e+06
1.398820157552516321e+06 1.509781478603946511e+06 1.620521486562805017e+06 1.727667937755979365e+06 1.829394815399662359e+06 1.925238517616956495e+06 1.990648512490194757e+06 2.090227088670141529e+06 2.186569064319820143e+06 2.266676383116646670e+06 2.343512213328725193e+06
1.815766229002336971e+06 1.960102723268246977e+06 2.102826464366705157e+06 2.239784560851179995e+06 2.368902765325831715e+06 2.490210720676296391e+06 2.605356811492627021e+06 2.715145343309671618e+06 2.820038113404643722e+06 2.920689523499548901e+06 3.012761321130529512e+06
2.374794789299973287e+06 2.563453212078412529e+06 2.749367298338640947e+06 2.925821469038362149e+06 3.091382768111949321e+06 3.237262975370184518e+06 3.392746987002532464e+06 3.533154893092635088e+06 3.665969635356093291e+06 3.792902573423275258e+06 3.659758279462214559e+06
