0.000000000000000000e+00 1.114629165385849774e-02 2.314361518801888451e-02 3.499763015861390159e-02 4.534578592574689537e-02 5.925156208468251862e-02 7.118779595111845993e-02 8.234423762769438326e-02 9.455135751341003925e-02 1.057305862304929178e-01 1.170061548327794299e-01
0.000000000000000000e+00 1.105093612932250835e-02 2.175221319339470938e-02 3.290418339383904822e-02 4.112653367337770760e-02 5.454971866856794804e-02 6.577846803338616155e-02 7.693549917894415557e-02 8.786882484128000215e-02 9.921336076149600558e-02 1.102625086459738668e-01
0.000000000000000000e+00 1.418521438608877361e-02 2.857103499263757840e-02 4.312408438272541389e-02 5.723123269854113460e-02 7.059627765192999505e-02 8.555797786539187655e-02 9.975248924456536770e-02 1.140718659553385805e-01 1.284625075168150943e-01 1.426104977799695916e-01
0.000000000000000000e+00 1.998781246584258042e-02 4.004487654674449004e-02 5.998119390642386861e-02 7.990925310150487348e-02 1.002107623244228307e-01 1.200213371994323097e-01 1.402486862752994057e-01 1.599899618413473945e-01 1.803425541365868412e-01 2.007335892376431730e-01
0.000000000000000000e+00 2.742921000390197150e-02 5.473007053296896629e-02 8.205744970109662972e-02 1.097628899296978489e-01 1.369633476060698740e-01 1.651213740733510349e-01 1.929665044881403446e-01 2.209804415942926425e-01 2.493149432411883026e-01 2.777837336361699272e-01
0.000000000000000000e+00 3.605927167518530041e-02 7.206379482886404730e-02 1.082243231467145961e-01 1.444593756750691682e-01 1.810802798208897002e-01 2.167005717747088056e-01 2.532877327612368390e-01 2.893191907351138070e-01 3.252631664108776022e-01 3.615929102052177768e-01
0.000000000000000000e+00 4.278686602992820553e-02 8.546481508528813720e-02 1.283779802361095790e-01 1.715810818022873718e-01 2.152664771710988134e-01 2.593421092315111309e-01 3.031396713267895393e-01 3.488788815557199996e-01 3.947846164955990389e-01 4.413663088853354566e-01
0.000000000000000000e+00 5.207431639428250492e-02 1.042782772565260530e-01 1.567206089930550661e-01 2.094734352904197294e-01 2.626188470312627032e-01 3.168176600265724119e-01 3.716420530618051998e-01 4.278848682770330925e-01 4.862157587485853583e-01 5.461581144045339897e-01
0.000000000000000000e+00 6.154886157310102135e-02 1.241638953761139419e-01 1.880332091313903220e-01 2.539434232749044895e-01 3.214811834659485612e-01 3.907254112928058021e-01 4.618224020632624160e-01 5.339503590839740355e-01 6.088566256003105082e-01 6.852683444703870919e-01
0.000000000000000000e+00 7.747056241350946948e-02 1.547081649987376295e-01 2.323863489218638279e-01 3.119135008746525273e-01 3.939311883768823463e-01 4.785428267387032975e-01 5.663520255620824173e-01 6.568271054602519143e-01 7.505469931275001727e-01 8.480483441526303068e-01
0.000000000000000000e+00 9.264518603959004395e-02 1.862617077495087869e-01 2.806185183108027559e-01 3.761255462595727295e-01 4.740945335761352908e-01 5.768457415288139600e-01 6.842348133250197861e-01 7.962769543337344658e-01 9.128670319878438022e-01 1.034618420559127117e+00
0.000000000000000000e+00 1.083256239580805413e-01 2.174776064275647514e-01 3.295466548152035102e-01 4.452815561962779611e-01 5.635749629509518854e-01 6.860419014774379320e-01 8.152398562924645375e-01 9.517668127118668053e-01 1.095117155306070345e+00 1.245052262634999352e+00
0.000000000000000000e+00 1.249205936946964357e-01 2.523211691768665332e-01 3.824208485457347706e-01 5.172401162963069510e-01 6.585782470065169036e-01 8.057133772927045356e-01 9.600621961799333803e-01 1.123624094394472195e+00 1.296781416393059772e+00 1.479123060715210158e+00
0.000000000000000000e+00 1.436874027967860457e-01 2.886541213192685973e-01 4.386808336348622106e-01 5.954577732045436278e-01 7.601097376027610153e-01 9.340537582829711027e-01 1.117169364388246322e+00 1.311415245014359243e+00 1.517928086719621206e+00 1.736205845587392105e+00
0.000000000000000000e+00 1.616807118480210193e-01 3.271664127278199885e-01 4.978977040045720059e-01 6.775698322162497789e-01 8.683742446592077613e-01 1.071483535386505537e+00 1.285985523958515842e+00 1.513875067070330260e+00 1.757631331773154670e+00 2.015511543482716661e+00
0.000000000000000000e+00 1.811170511282398365e-01 3.670139708228816744e-01 5.600319187833520118e-01 7.644405521132284775e-01 9.822902387168142013e-01 1.215542634734447347e+00 1.465837630777969025e+00 1.731727000609680545e+00 2.014845650413917610e+00 2.315513815505255479e+00
0.000000000000000000e+00 2.016186991022550501e-01 4.077265549494768493e-01 6.248474879903369583e-01 8.547947314254997764e-01 1.102229435888148146e+00 1.368806343387404922e+00 1.655444583986536600e+00 1.962084527796832845e+00 2.288268779582722345e+00 2.634609079166693846e+00
0.000000000000000000e+00 2.219801038481818978e-01 4.503231164344470017e-01 6.911872576783935074e-01 9.493959996398189105e-01 1.227957896062434884e+00 1.529232005959784146e+00 1.854593859556189273e+00 2.204225129629776347e+00 2.576428020609455416e+00 2.971447759195143590e+00
0.000000000000000000e+00 2.427725573725183494e-01 4.937115847060340457e-01 7.592159558807907160e-01 1.046823874683468603e+00 1.358143393557838863e+00 1.696720366464433027e+00 2.063010474699694896e+00 2.457756138548575109e+00 2.878426640349061927e+00 3.324493871466984274e+00
0.000000000000000000e+00 2.639378408348420635e-01 5.377332439966266975e-01 8.294514880544738844e-01 1.146801174181746319e+00 1.492609482709667645e+00 1.870644139147771057e+00 2.280137984384055017e+00 2.721699532266939059e+00 3.192523461064411094e+00 3.691498460346338106e+00
0.000000000000000000e+00 2.852795324288308620e-01 5.825876467679336201e-01 9.012489231536164880e-01 1.249414804096886655e+00 1.631722363174048951e+00 2.049610919890255900e+00 2.504391883197968127e+00 2.994435604992759181e+00 3.517372323472955031e+00 4.071197967135958606e+00
0.000000000000000000e+00 3.069959666245267726e-01 6.275936016827472486e-01 9.744090727799630258e-01 1.354412287357263267e+00 1.774140036097378470e+00 2.233729239829699509e+00 2.735099545421689982e+00 3.275358259437780362e+00 3.851621086094382918e+00 4.461375679489719914e+00
0.000000000000000000e+00 3.287242331243760418e-01 6.733254189421131741e-01 1.048206097260845127e+00 1.461445637847646140e+00 1.919615033788431901e+00 2.422394485442055156e+00 2.971347896251245402e+00 3.562209884006733773e+00 4.192903842937084846e+00 4.860135561440984020e+00
0.000000000000000000e+00 3.503441653447225690e-01 7.196501761936815456e-01 1.123294864977651741e+00 1.570362393715186045e+00 2.067756830834696302e+00 2.615573339426191524e+00 3.212097928520961432e+00 3.854668777868937468e+00 4.540757674083579332e+00 5.264586198649340076e+00
0.000000000000000000e+00 3.720162091667589266e-01 7.658865873345348518e-01 1.198742884593229974e+00 1.680739793377142632e+00 2.218465072699473239e+00 2.811473449524783064e+00 3.456915691658650758e+00 4.152702455878170440e+00 4.892165118435514160e+00 5.673314671013940824e+00
0.000000000000000000e+00 3.939531503128819168e-01 8.125226135161938146e-01 1.274693635263247415e+00 1.792563991224596975e+00 2.370878089204779826e+00 3.008971742263383931e+00 3.704676576860947534e+00 4.452586123396031326e+00 5.247332543429365614e+00 6.085664747559349053e+00
0.000000000000000000e+00 4.158960463537368923e-01 8.591856051389186177e-01 1.351016761949722422e+00 1.905142912586597959e+00 2.524325771002622787e+00 3.209043157105043065e+00 3.953829991569364211e+00 4.753677944227092667e+00 5.604282858901569853e+00 6.502142884579370730e+00
0.000000000000000000e+00 4.375102779085864313e-01 9.057035920232010540e-01 1.427999300725787180e+00 2.018390779012406711e+00 2.678972031873854576e+00 3.410092545986117329e+00 4.203229390757769579e+00 5.055682481259282213e+00 5.964561213946581120e+00 6.921914668615499977e+00
0.000000000000000000e+00 4.589900803985074162e-01 9.520667219912866130e-01 1.505234565549471881e+00 2.131829582514910726e+00 2.834291302089695819e+00 3.610275716349860886e+00 4.453630135380080901e+00 5.361418676082394086e+00 6.327186054510093527e+00 7.344926330046291696e+00
0.000000000000000000e+00 4.804569414591242094e-01 9.985071784976753406e-01 1.582364209531078814e+00 2.245042754322639666e+00 2.989316126466292189e+00 3.810281071819190402e+00 4.704700056347064674e+00 5.667573699331114767e+00 6.691737735080096172e+00 7.770012484270409914e+00
0.000000000000000000e+00 5.017471264036430512e-01 1.044822865751484642e+00 1.659394302514556330e+00 2.358670540350431111e+00 3.143346658300288254e+00 4.010568726389465155e+00 4.956978477410302730e+00 5.974853040588641306e+00 7.057962087663327111e+00 8.196156297777633881e+00
