-8.036462037081946619e+00 -8.041671585473523010e+00 -8.047762105212314054e+00 -8.053661506775824819e+00 -8.059708578130084788e+00 -8.065910880970477592e+00 -8.071665117779048160e+00 -8.076889494619535981e+00 -8.082728719749866286e+00 -8.088262773926544469e+00 -8.093978729328227928e+00
-8.087380308170395438e+00 -8.092923574804444797e+00 -8.098242587821005145e+00 -8.103985547233605757e+00 -8.109327842823404353e+00 -8.114932955038966611e+00 -8.120551836553204339e+00 -8.126228631874255370e+00 -8.131855165840534028e+00 -8.137525161393568851e+00 -8.143331481256609550e+00
-8.200694316361477831e+00 -8.207863091131002875e+00 -8.215075863041420234e+00 -8.222715152463933919e+00 -8.230118711042450741e+00 -8.237520569229673129e+00 -8.245222453857422806e+00 -8.253004186164616840e+00 -8.260835830762516707e+00 -8.268797816781443544e+00 -8.276437308522872627e+00
-8.382364120116108097e+00 -8.392541700162837515e+00 -8.402766760733356932e+00 -8.413201388309971662e+00 -8.423787344767333707e+00 -8.434453483729157597e+00 -8.445359062461648136e+00 -8.456474639104271773e+00 -8.467576923456363147e+00 -8.479052923539711628e+00 -8.490610098160686903e+00
-8.603074622380518122e+00 -8.616723794148128945e+00 -8.631022432859026594e+00 -8.645272697925975081e+00 -8.660181582672521472e+00 -8.675408010931278113e+00 -8.691038476008543512e+00 -8.707081263164582197e+00 -8.723453993556177011e+00 -8.740382828349538613e+00 -8.757558135759609286e+00
-8.853693432232830673e+00 -8.871844958408473758e+00 -8.890271477048372617e+00 -8.909170678962254897e+00 -8.928383452384878183e+00 -8.948007024791877484e+00 -8.968171210897708079e+00 -8.988832992599782301e+00 -9.010092514512507478e+00 -9.031800570963241626e+00 -9.054173775559320347e+00
-9.107708234547317261e+00 -9.129541798745776759e+00 -9.152087803809990874e+00 -9.175575924426084384e+00 -9.199930483227944933e+00 -9.225394638036959805e+00 -9.251774251446477138e+00 -9.279178628617955837e+00 -9.307818338958895765e+00 -9.337461435410659760e+00 -9.368034709561470663e+00
-9.373654591679951409e+00 -9.400383616906765383e+00 -9.428452317395567661e+00 -9.457954113611776847e+00 -9.488942481893900549e+00 -9.521414570976048708e+00 -9.555700285247439751e+00 -9.591989325061149430e+00 -9.630562187103350880e+00 -9.671465014671412064e+00 -9.714792602990200976e+00
-9.649753539051744156e+00 -9.681528779303334886e+00 -9.716114382463274524e+00 -9.753767352100112475e+00 -9.794788802282710094e+00 -9.839038932299445150e+00 -9.886304892006592127e+00 -9.936503067841840675e+00 -9.989612437922914978e+00 -1.004600170625053579e+01 -1.010545827760142856e+01
-9.934719731321820291e+00 -9.975430251062789466e+00 -1.002001879385352368e+01 -1.006821883324300870e+01 -1.012044589405923034e+01 -1.017697142531687859e+01 -1.023785510528978193e+01 -1.030334163770385203e+01 -1.037298544566510827e+01 -1.044729025599372108e+01 -1.052682191211715690e+01
-1.022808634638204239e+01 -1.027664916065987200e+01 -1.033045508559735026e+01 -1.038973230257761315e+01 -1.045474563973402837e+01 -1.052558570518158376e+01 -1.060319367497140775e+01 -1.068712264770147158e+01 -1.077745898023204063e+01 -1.087395902902426315e+01 -1.097686709994013654e+01
-1.052125542166322703e+01 -1.057861530887021217e+01 -1.064267637754892348e+01 -1.071465333484593430e+01 -1.079495526069149491e+01 -1.088311648433591472e+01 -1.097936765259146341e+01 -1.108428940415615216e+01 -1.119859290819658781e+01 -1.132120271055828198e+01 -1.145204795835525147e+01
-1.081140598478305037e+01 -1.087832063900350477e+01 -1.095481651376394439e+01 -1.104080418230660143e+01 -1.113685849163084640e+01 -1.124437207886512624e+01 -1.136309702654398279e+01 -1.149276876774456468e+01 -1.163336486352272914e+01 -1.178540348061505938e+01 -1.194824278690430219e+01
-1.109697968594264239e+01 -1.117425571522835526e+01 -1.126260256049863528e+01 -1.136411731454427354e+01 -1.147943171323640854e+01 -1.160801975656431750e+01 -1.175078468851279467e+01 -1.190813215601883712e+01 -1.207933388494711835e+01 -1.226435188150571776e+01 -1.246274824171268847e+01
-1.137546672132521053e+01 -1.146256242732124520e+01 -1.156528635947688599e+01 -1.168375572687000385e+01 -1.181869646476843627e+01 -1.197117931468528695e+01 -1.214131092516254284e+01 -1.232832302789392998e+01 -1.253283690321040922e+01 -1.275455080907340744e+01 -1.299264817922085058e+01
-1.164449996577241109e+01 -1.174364164978760527e+01 -1.186059189126171987e+01 -1.199695103945123265e+01 -1.215407221763962298e+01 -1.233217828284250572e+01 -1.253122860704388586e+01 -1.275216229949000990e+01 -1.299316934894523001e+01 -1.325436370028910460e+01 -1.353489127026841743e+01
-1.190470125514548272e+01 -1.201518067496726871e+01 -1.214732956867010216e+01 -1.230322141634678701e+01 -1.248358609450951917e+01 -1.268941584638378117e+01 -1.292063477880583378e+01 -1.317686256138404133e+01 -1.345740033108450007e+01 -1.376117566577158868e+01 -1.408706838616126333e+01
-1.215438528428421705e+01 -1.227661960527257179e+01 -1.242504385604479467e+01 -1.260106610989532783e+01 -1.280676898251113016e+01 -1.304234788797475630e+01 -1.330732249125139788e+01 -1.360153648781124502e+01 -1.392397673032974126e+01 -1.427294524165336043e+01 -1.464721927821301506e+01
-1.239303802987706149e+01 -1.252786357255536132e+01 -1.269268990558339283e+01 -1.289048682663997170e+01 -1.312272523080537212e+01 -1.338954475103309960e+01 -1.369061684753251029e+01 -1.402513847740556230e+01 -1.439182419439384830e+01 -1.478836270043393597e+01 -1.521333802260051016e+01
-1.262095341651729541e+01 -1.276832213252782822e+01 -1.295040742883065832e+01 -1.317094859825010644e+01 -1.343083548541108030e+01 -1.373088432866279618e+01 -1.406999946345604258e+01 -1.444681106216739863e+01 -1.485971070234518265e+01 -1.530571638323817751e+01 -1.578306258089287439e+01
-1.283802437892882153e+01 -1.299794009304605424e+01 -1.319841383726452477e+01 -1.344216157775372267e+01 -1.373130070748811704e+01 -1.406581963090502541e+01 -1.444457998732104897e+01 -1.486533827285893494e+01 -1.532618740440011607e+01 -1.582335726247765706e+01 -1.635540328540446353e+01
-1.304432296642335132e+01 -1.321734587338869460e+01 -1.343599467706007999e+01 -1.370424402169737732e+01 -1.402368043894239236e+01 -1.439421873248647898e+01 -1.481366711744340137e+01 -1.528055272918209084e+01 -1.579097569794248557e+01 -1.634070066254571429e+01 -1.692781544180979836e+01
-1.323991544801901910e+01 -1.342649375687688007e+01 -1.366392244648886845e+01 -1.395727142579562496e+01 -1.430825912268119282e+01 -1.471576720036682673e+01 -1.517774555340292864e+01 -1.569163558593572816e+01 -1.625219318697782001e+01 -1.685607196634737193e+01 -1.749926891200448154e+01
-1.342551633304537972e+01 -1.362538901541483938e+01 -1.388242446360527538e+01 -1.420181663169205422e+01 -1.458482451199233765e+01 -1.503051473898813128e+01 -1.553641321286340826e+01 -1.609743591841106536e+01 -1.670942012901650742e+01 -1.736814532052085269e+01 -1.806727131655134144e+01
-1.360163006207221770e+01 -1.381475693521861103e+01 -1.409150295308791101e+01 -1.443758703715866432e+01 -1.485357217648197548e+01 -1.533873151806255919e+01 -1.588884929890627973e+01 -1.649816473341707024e+01 -1.716250338426107191e+01 -1.787469481146035832e+01 -1.863075399408262456e+01
-1.376849347271854640e+01 -1.399513716601722990e+01 -1.429201926625682972e+01 -1.466496383771300316e+01 -1.511498278220824432e+01 -1.564003188372953446e+01 -1.623427174060998368e+01 -1.689329518613885739e+01 -1.760932721568315173e+01 -1.837593994952112553e+01 -1.918935672790030367e+01
-1.392636815988589660e+01 -1.416670037587755360e+01 -1.448407778080218122e+01 -1.488428106616993318e+01 -1.536892579490086064e+01 -1.593397317651033518e+01 -1.657401255622244207e+01 -1.728161470003396971e+01 -1.804904416222416330e+01 -1.887121961240700330e+01 -1.974398797341200407e+01
-1.407585954257228877e+01 -1.432983650440655765e+01 -1.466791229942100472e+01 -1.509620602975701331e+01 -1.561566191336896736e+01 -1.622129429294000147e+01 -1.690696557014962309e+01 -1.766239539343951037e+01 -1.848200567216190393e+01 -1.936212129427804030e+01 -2.029403723235736834e+01
-1.421752617927268147e+01 -1.448520267196727218e+01 -1.484393569813255453e+01 -1.530083278658639756e+01 -1.585526257001401973e+01 -1.650188403986976482e+01 -1.723175906263350043e+01 -1.803684726963911089e+01 -1.891130886889004614e+01 -1.984805035060344380e+01 -2.083997458178055240e+01
-1.435177368872246007e+01 -1.463321783354695071e+01 -1.501286175959103275e+01 -1.549828231334686279e+01 -1.608769439901152509e+01 -1.677522050679908716e+01 -1.754946812086200225e+01 -1.840505921672593104e+01 -1.933446874472065247e+01 -2.032931958018161822e+01 -2.138108500783346244e+01
-1.447902216005604714e+01 -1.477410549542037188e+01 -1.517488330858395784e+01 -1.568893675017170608e+01 -1.631393555978502263e+01 -1.704100932012079284e+01 -1.786091372672308353e+01 -1.876804500957950950e+01 -1.975209118079874315e+01 -2.080519256897969171e+01 -2.191736038506496698e+01
