1.047305635333422051e-03 1.047344700779694873e-03 1.051440965046514329e-03 1.060135210847634735e-03 1.071333219540931058e-03 1.085393562544407359e-03 1.097503893953684188e-03 1.105135887166231682e-03 1.119507395638104147e-03 1.132299579347348980e-03 1.148561447789287187e-03
1.379752347463410406e-03 1.399093692653203148e-03 1.413754275465312809e-03 1.435935003561194905e-03 1.450395253490788195e-03 1.469249098423369444e-03 1.487726758268952815e-03 1.507017254947527101e-03 1.525071699303022195e-03 1.543648474703286340e-03 1.564929666244862074e-03
2.058391146425833391e-03 2.070144731641614371e-03 2.081549284942181208e-03 2.095250598166837567e-03 2.106873508525899767e-03 2.118001529815876933e-03 2.130914670499876352e-03 2.144055052394066695e-03 2.158405697640296186e-03 2.173406147466175244e-03 2.183120169266623486e-03
2.845615310872626376e-03 2.881659304093744066e-03 2.917172353811486613e-03 2.953413120759908802e-03 2.990211399597841792e-03 3.025819895587703295e-03 3.062629232118028230e-03 3.100044516189946406e-03 3.134659302184953419e-03 3.173106843766660464e-03 3.213638295371121223e-03
4.081943124143917571e-03 4.154873171973594986e-03 4.233472673478417408e-03 4.302289235753932808e-03 4.375147882892918734e-03 4.444477962938240059e-03 4.511209387518813445e-03 4.572928183327166357e-03 4.632511403058801359e-03 4.689907092267947726e-03 4.748042297368226458e-03
5.682102791024985604e-03 5.895886651799559994e-03 6.118728610303309987e-03 6.357329028890151661e-03 6.599511513012542782e-03 6.845275509916270290e-03 7.104745514953930176e-03 7.362518967891511050e-03 7.619992989978181808e-03 7.880346037876866452e-03 8.147526896508392250e-03
8.710295085919226438e-03 9.094712484213325274e-03 9.481132154798488018e-03 9.883634458738861650e-03 1.029553326843997418e-02 1.072990508660211229e-02 1.117096282128898430e-02 1.162727192214040722e-02 1.209906170619177296e-02 1.259193384701907427e-02 1.311357267810188583e-02
1.204548932553987234e-02 1.270309043419032800e-02 1.340033998353314972e-02 1.414700735283585913e-02 1.494479444720865288e-02 1.580398728813921239e-02 1.662919246850525987e-02 1.739491861503912953e-02 1.803694778239499016e-02 1.858527648690417103e-02 1.908679758790880060e-02
1.613625596050497976e-02 1.720321235373625801e-02 1.814818350919827905e-02 1.891583878301638863e-02 1.961254075012500847e-02 2.037578415283302150e-02 2.129381449259795320e-02 2.231832062603363726e-02 2.339198326098079067e-02 2.447449013310595833e-02 2.555582402398882264e-02
1.977651737690950748e-02 2.074798426423902359e-02 2.198778714594027198e-02 2.338710851134433166e-02 2.482942374864828550e-02 2.629409219379334403e-02 2.783149888854406437e-02 2.941719205740832288e-02 3.108289455174133645e-02 3.271073631154011035e-02 3.424101340609200100e-02
2.360924089851182753e-02 2.544033528891104581e-02 2.732898312928934079e-02 2.934586399260891848e-02 3.150311816522625291e-02 3.363952498277318626e-02 3.565539904776457436e-02 3.770296502915149173e-02 3.998015349913969230e-02 4.249149280650185018e-02 4.497645742968432725e-02
2.835795692220037176e-02 3.093339008315675043e-02 3.360502410703266468e-02 3.622532400686787057e-02 3.885051767837422593e-02 4.189261414479443502e-02 4.516857820218905806e-02 4.821932314999686359e-02 5.106088918405098792e-02 5.407703711303762234e-02 5.738057961428499193e-02
3.376818554969397007e-02 3.698109515465263647e-02 4.022580401494576380e-02 4.413683247935118459e-02 4.816792767853094598e-02 5.183059756506309262e-02 5.566998168265410024e-02 5.995125714987930426e-02 6.425229667302286007e-02 6.843665158059226983e-02 7.263166302473059166e-02
3.935835322917165952e-02 4.361984146341037205e-02 4.854414357449009232e-02 5.310226681112533570e-02 5.790505926660546171e-02 6.329397909150945301e-02 6.863721892613867948e-02 7.391764382392236599e-02 7.937486979171122503e-02 8.504975002388395766e-02 9.087123797570260952e-02
4.575878279593030562e-02 5.149842037682578200e-02 5.693340462458926915e-02 6.322966310643048093e-02 6.979535411327260352e-02 7.631553211946930093e-02 8.312203314521476871e-02 9.032404123290466158e-02 9.751071524816355696e-02 1.044847224115336426e-01 1.115865420050671381e-01
5.297652560862951138e-02 5.936821815316143530e-02 6.695666144359295469e-02 7.475126086942499026e-02 8.278119623665708415e-02 9.138933279180405655e-02 1.002504122141684439e-01 1.088042595579509358e-01 1.177589627729712235e-01 1.271834791235474937e-01 1.363058611743967197e-01
6.012637049679527695e-02 6.870094315453952050e-02 7.783139426459073640e-02 8.742911718485023298e-02 9.788593267494469230e-02 1.083603516330155503e-01 1.189796303348802514e-01 1.303798683642736489e-01 1.415360800508324579e-01 1.527556994947027458e-01 1.644154836626738614e-01
6.829989042230517893e-02 7.871492919912696784e-02 8.974285730382536297e-02 1.019814206924543748e-01 1.143120595079276242e-01 1.273116780712970630e-01 1.409541716152273860e-01 1.543025257915107695e-01 1.683332129598405780e-01 1.822418431124414595e-01 1.960418055636603263e-01
7.727544240263466147e-02 8.943316305070977967e-02 1.032091532354276059e-01 1.175880475556043969e-01 1.328508599199365869e-01 1.488435141325933075e-01 1.649612547272170382e-01 1.817578213709493407e-01 1.981682037463249890e-01 2.154333256903696869e-01 2.331511534867347635e-01
8.661853496991715751e-02 1.012800991162042530e-01 1.177089706315806589e-01 1.349056529316755015e-01 1.535119433852824844e-01 1.724475834191129819e-01 1.921124173422629200e-01 2.117430118912480008e-01 2.326456717189107348e-01 2.534854226836707469e-01 2.743192994538842799e-01
9.659714725839693705e-02 1.142765381099819372e-01 1.331278665199690237e-01 1.543481288946810526e-01 1.759178886770695338e-01 1.987942146624316619e-01 2.218544978908892074e-01 2.464360296222989355e-01 2.708816098527272453e-01 2.956728643414091029e-01 3.216421582500892939e-01
1.073913587609618414e-01 1.279184050985555376e-01 1.505822760102933089e-01 1.748907109354554679e-01 2.009882370451928635e-01 2.274221307455764896e-01 2.558505517732360679e-01 2.842659422633448396e-01 3.134375612453735860e-01 3.445112353045208242e-01 3.775158844987074325e-01
1.190639898788113382e-01 1.423384884837444742e-01 1.692098842700879013e-01 1.978009666773436204e-01 2.276866001271874995e-01 2.598988195836605675e-01 2.926840360325822510e-01 3.263520150625801586e-01 3.626709275202971150e-01 4.014658833131787841e-01 4.420411967300783562e-01
1.313849048966672650e-01 1.583159346330588468e-01 1.889148830501980458e-01 2.223504907257917163e-01 2.576362728537014424e-01 2.949861161410809451e-01 3.332428937436417993e-01 3.746700349642174133e-01 4.193709619057215399e-01 4.667231404851556742e-01 5.236256494047910603e-01
1.441505241926364367e-01 1.754772036570755867e-01 2.106134472207300545e-01 2.485878451187988614e-01 2.903147907891105994e-01 3.330401676141007683e-01 3.791824903812162639e-01 4.297028844697888261e-01 4.838577182145959443e-01 5.505509697150269277e-01 6.313849915733292795e-01
1.574819522536959060e-01 1.932949554491306121e-01 2.337595979523956202e-01 2.777275531077817994e-01 3.252720847604021470e-01 3.753563019133344669e-01 4.312781073961368117e-01 4.916328286282743987e-01 5.656331871609469042e-01 6.578668161559678706e-01 7.565607560209018922e-01
1.717896503629940119e-01 2.121357215171597865e-01 2.579827073032253115e-01 3.091556442559191265e-01 3.630692861785964065e-01 4.229294253360940670e-01 4.892330670496930489e-01 5.671410518223011232e-01 6.691060081820390248e-01 7.805734738755962798e-01 9.004360018382824293e-01
1.871777701847909814e-01 2.325185654291494486e-01 2.841824819502519750e-01 3.424373687556254153e-01 4.046966700937057460e-01 4.756720326818399402e-01 5.554847569945734476e-01 6.631962555821417915e-01 7.873329558774280201e-01 9.204807160738076588e-01 1.069788753485403587e+00
2.033189659057721699e-01 2.541062665887183769e-01 3.126948873382215388e-01 3.779179091073199825e-01 4.507975554433237275e-01 5.336558923518830433e-01 6.391302770575395531e-01 7.736586671383706149e-01 9.193695036182520930e-01 1.083981518427907353e+00 1.263376522499682020e+00
2.199849837495885529e-01 2.765807978256318300e-01 3.428814085303958925e-01 4.162721285165818519e-01 5.014228812458608742e-01 6.002524925176651038e-01 7.384941969651154237e-01 8.956052837252148624e-01 1.072727237226219099e+00 1.269141529663409207e+00 1.490187617686586918e+00
2.372129570148848732e-01 2.999902534621938788e-01 3.745847861181096361e-01 4.579928732228283339e-01 5.563357946525884223e-01 6.823683716235063867e-01 8.489842850664960361e-01 1.034220356193326973e+00 1.245767014026545105e+00 1.483610569022928205e+00 1.740444493365510548e+00
