1.044119064545822716e-03 1.044158065829565865e-03 1.048271113651639674e-03 1.056946878393146428e-03 1.068120852865892152e-03 1.082150643842344929e-03 1.094234500405246238e-03 1.101849719676564667e-03 1.116189584095661665e-03 1.128953534060236387e-03 1.145179395738376606e-03
1.375856696528752815e-03 1.395154585138035259e-03 1.409782207560187836e-03 1.431913016816698143e-03 1.446340739576617998e-03 1.465152112176668726e-03 1.483588103390108418e-03 1.502835095832162843e-03 1.520848811586635345e-03 1.539383609428889585e-03 1.560616698759432824e-03
2.052954203826939331e-03 2.064679464614237528e-03 2.076056511503556693e-03 2.089724816330823087e-03 2.101319718046511936e-03 2.112420925086883668e-03 2.125303083847594060e-03 2.138411975246653184e-03 2.152728440920783411e-03 2.167693277438631147e-03 2.177384240666716680e-03
2.838397028699476271e-03 2.874359737184314836e-03 2.909792855388983624e-03 2.945951995784635343e-03 2.982667696587105316e-03 3.018196193709056074e-03 3.054923007833193482e-03 3.092254590271300164e-03 3.126791968762930845e-03 3.165153834826269288e-03 3.205595116271551734e-03
4.072073709773835898e-03 4.144848211627956934e-03 4.223280123614957075e-03 4.291950116773485084e-03 4.364653842739678845e-03 4.433837131868897247e-03 4.500427416736061878e-03 4.562016226105081174e-03 4.621474092263257345e-03 4.678749012879019308e-03 4.736762339904266456e-03
5.668996453269670860e-03 5.882340645798630509e-03 6.104726065699203445e-03 6.342838512930122803e-03 6.584527177576531345e-03 6.829791198928195951e-03 7.088735987068768389e-03 7.345989272497757683e-03 7.602945729145489488e-03 7.862778323607249459e-03 8.129426868145626928e-03
8.691297581018735466e-03 9.074968609366833999e-03 9.460643238835402327e-03 9.862374004766260444e-03 1.027348841369343964e-02 1.070703929244391783e-02 1.114726761971791651e-02 1.160272283175578685e-02 1.207363364244618334e-02 1.256559226802569235e-02 1.308626528206301501e-02
1.202049305480780601e-02 1.267688839810085510e-02 1.337286466932237003e-02 1.411817157483103227e-02 1.491450604132884758e-02 1.577214226234538094e-02 1.659586907547877521e-02 1.736027731542332322e-02 1.800127781916669931e-02 1.854879065703460284e-02 1.904959466124659523e-02
1.610430454694423280e-02 1.716939989879962339e-02 1.811282983843522446e-02 1.887935595102318079e-02 1.957507689706419057e-02 2.033716100748395039e-02 2.125366894877142240e-02 2.227641588751739024e-02 2.334822197167685937e-02 2.442886811084607479e-02 2.550837295666515819e-02
1.973940418086142859e-02 2.070943145375012465e-02 2.194718693818926286e-02 2.334412782966896124e-02 2.478399974399280586e-02 2.624623611856706160e-02 2.778114773550485056e-02 2.936432210394694306e-02 3.102739883222415881e-02 3.265260960637861309e-02 3.418027293132895605e-02
2.356676432745179184e-02 2.539481539992539602e-02 2.728038674630681518e-02 2.929408163583254593e-02 3.144799484301610132e-02 3.358102064002737447e-02 3.559346044642602153e-02 3.763737847250236274e-02 3.991066918571566785e-02 4.241794178182958092e-02 4.489884827979281900e-02
2.830881286109349776e-02 3.088027972649255021e-02 3.354783142377136540e-02 3.616387121238905794e-02 3.878447214565076268e-02 4.182153147852365332e-02 4.509231412114844684e-02 4.813796519465537299e-02 5.097435271317754535e-02 5.398499454712525625e-02 5.728289349945915598e-02
3.371210432571526000e-02 3.691999636407559959e-02 4.015913644553441991e-02 4.406390946866754060e-02 4.808869619930465633e-02 5.174499660857767580e-02 5.557749516683165719e-02 5.985163015120676527e-02 6.414546137566332074e-02 6.832244519389273074e-02 7.250985797413160572e-02
3.929512279037364331e-02 4.354955071403045219e-02 4.846638247285784545e-02 5.301694066155560742e-02 5.781132593429758049e-02 6.319151564285428735e-02 6.852578068373546549e-02 7.379689246181599105e-02 7.924448137773128231e-02 8.490940632178470282e-02 9.072082126908381783e-02
4.568727961773853125e-02 5.141839261443129083e-02 5.684415838782524988e-02 6.313012106841131565e-02 6.968525584520585126e-02 7.619423206180282737e-02 8.298895081002569118e-02 9.017875753080292767e-02 9.735314607592129854e-02 1.043143007877648937e-01 1.114028277399406325e-01
5.289681421611752005e-02 5.927789617931431693e-02 6.685435603271847049e-02 7.463644618567397138e-02 8.265279204701975191e-02 9.124656981610247686e-02 1.000929721042575632e-01 1.086314493194299041e-01 1.175699358483072998e-01 1.269784718298635762e-01 1.360846517680645851e-01
6.003821571017316228e-02 6.859931245468459116e-02 7.771547609934352507e-02 8.729734031736662014e-02 9.773729952095372431e-02 1.081942504762553048e-01 1.187945571299988123e-01 1.301758616312970462e-01 1.413126945822190117e-01 1.525120150079374570e-01 1.641520776922186231e-01
6.820231020832293045e-02 7.860185863358659653e-02 8.961202104660563605e-02 1.018312966803272684e-01 1.141416848152775748e-01 1.271189952850222682e-01 1.407394743638473167e-01 1.540642920888348200e-01 1.680714696664016294e-01 1.819565729121780384e-01 1.957313697544077469e-01
7.716877148172721079e-02 8.930775190947569386e-02 1.030624050201914138e-01 1.174186521307578890e-01 1.326559994981010293e-01 1.486231893011358551e-01 1.647133619670306248e-01 1.814830687969779810e-01 1.978649406740344840e-01 2.151001106798187956e-01 2.327891825885613220e-01
8.650252506425622212e-02 1.011416571372454470e-01 1.175460389402261108e-01 1.347145371364624755e-01 1.532922541909179093e-01 1.721964029813031483e-01 1.918305370178174651e-01 2.114272286869163520e-01 2.322961305749876582e-01 2.531028669012978516e-01 2.739026745688887821e-01
9.647130784966585770e-02 1.141248696313629379e-01 1.329469296411257551e-01 1.541353625590816123e-01 1.756704201773150453e-01 1.985121314256012848e-01 2.215336067356537542e-01 2.460770455158197700e-01 2.704847205969369561e-01 2.952358912768918708e-01 3.211638733184423722e-01
1.072554556402830900e-01 1.277535933825167114e-01 1.503827582950352515e-01 1.746545330363684090e-01 2.007132190599286714e-01 2.271045195337974831e-01 2.554902257696128887e-01 2.838625753344657943e-01 3.129881467235465786e-01 3.440141570561710549e-01 3.769714062914646391e-01
1.189179570264458086e-01 1.421590773588485845e-01 1.689922474502418281e-01 1.975404148482681477e-01 2.273812375664711061e-01 2.595449622103734866e-01 2.922824360994399351e-01 3.258991759634577434e-01 3.621643845977923215e-01 4.009058223896752593e-01 4.414272818112289221e-01
1.312292194447376437e-01 1.581213724404300913e-01 1.886772496462457704e-01 2.220659595768508243e-01 2.572981382426511310e-01 2.945960753690683998e-01 3.327960826035766262e-01 3.741633710841767435e-01 4.188051366362311456e-01 4.660957913247002482e-01 5.229310550582607631e-01
1.439853144603268353e-01 1.752686165652699302e-01 2.103554868005423073e-01 2.482761523856798214e-01 2.899453232452982032e-01 3.326105465016687690e-01 3.786869508675502760e-01 4.291415221050562390e-01 4.832276873438683951e-01 5.498460440828868423e-01 6.306100942249283081e-01
1.573063123244844430e-01 1.930721746112964154e-01 2.334826397141882282e-01 2.773878391963912615e-01 3.248698220093879652e-01 3.748835889027409829e-01 4.307327362182251651e-01 4.910134747401307953e-01 5.649303993528126400e-01 6.570858348321316766e-01 7.557039917942099949e-01
1.716028741119411671e-01 2.118972468781848972e-01 2.576847290851259076e-01 3.087895932721420600e-01 3.626318929249532919e-01 4.224122562592882435e-01 4.886362329583882613e-01 5.664534596730874672e-01 6.683319639005056434e-01 7.797161722347077939e-01 8.994950548052121908e-01
1.869807874116258817e-01 2.322645369615872202e-01 2.838612735044505619e-01 3.420439196147796457e-01 4.042210549137854603e-01 4.751101354357736284e-01 5.548287967744724991e-01 6.624426570896992938e-01 7.864878974973833481e-01 9.195439557458979785e-01 1.068764698107715683e+00
2.031126137123625275e-01 2.538378303738764719e-01 3.123516828131995271e-01 3.774957769841422173e-01 4.502827873689684846e-01 5.330469981407729430e-01 6.384113392984103186e-01 7.728398404292984303e-01 9.184508882686549525e-01 1.082966938758910258e+00 1.262273714815605574e+00
2.197695448387093076e-01 2.762984926512405126e-01 3.425175002502345301e-01 4.158187364883959569e-01 5.008688821065204744e-01 5.995888739489854125e-01 7.377163715119643417e-01 8.947205601869118174e-01 1.071737579908722315e+00 1.268052141322926207e+00 1.489007578971430323e+00
2.369880113386817200e-01 2.996925275087905516e-01 3.741999575999904737e-01 4.575072622350974672e-01 5.557427764633481315e-01 6.816480494399839163e-01 8.481488046699917627e-01 1.033268575889804142e+00 1.244708555750546619e+00 1.482449063558057611e+00 1.739193793620061435e+00
