5.394062407402400172e-02 5.421168119604960478e-02 5.522760744998498478e-02 5.700754655395552650e-02 5.943131361956029840e-02 6.250412356275782122e-02 6.592434128129909254e-02 6.948346070966025800e-02 7.384580526654165034e-02 7.846596063051762548e-02 8.366705153584984289e-02
7.107864549860344605e-02 7.243508244953349162e-02 7.427362762853093048e-02 7.723174138277690004e-02 8.047584677697251776e-02 8.462597068053662186e-02 8.938172614055135690e-02 9.476989599362474481e-02 1.006175893240128238e-01 1.069921923697760985e-01 1.140189897309708128e-01
1.060584321367463029e-01 1.071961694025426320e-01 1.093759358320026270e-01 1.127115157698809628e-01 1.169195328816111656e-01 1.220116804157458240e-01 1.280431258326046873e-01 1.348498455004671914e-01 1.424220110141769802e-01 1.506617679425786560e-01 1.590801582312336981e-01
1.466354865998962254e-01 1.492339893876101775e-01 1.533008927608374705e-01 1.588930333005274809e-01 1.659586167830917891e-01 1.743285086061640288e-01 1.840499334300853274e-01 1.949998683944416389e-01 2.068649216264902557e-01 2.199885369062130613e-01 2.342014646737785311e-01
2.103689173381501354e-01 2.151965274302329034e-01 2.225012726009747699e-01 2.314908640074619939e-01 2.428537095523304323e-01 2.560947549441663917e-01 2.711372313912110976e-01 2.876841274656331549e-01 3.057513532865857586e-01 3.251883490052037695e-01 3.460688694545659416e-01
2.928681382671704525e-01 3.054054613113062477e-01 3.216242538360815084e-01 3.421076964244437746e-01 3.663696843639865364e-01 3.944830744543142420e-01 4.270750467943366657e-01 4.632435330101214443e-01 5.030020506968324590e-01 5.464887931815759492e-01 5.939376653694620201e-01
4.490043630580899392e-01 4.711636305029077154e-01 4.984289695808492571e-01 5.319375615773416222e-01 5.716271808034754098e-01 6.184297082243536137e-01 6.715893847654222926e-01 7.316763090360738353e-01 7.987775656785149891e-01 8.733497335856104105e-01 9.560853398521181878e-01
6.209951710208895248e-01 6.581718370865110579e-01 7.045422799702784067e-01 7.614784997827858115e-01 8.298580480333828113e-01 9.109858543489920413e-01 9.998512534437860033e-01 1.094751965911562097e+00 1.190943613275262436e+00 1.289201577857794989e+00 1.391767459483429281e+00
8.319704783076405930e-01 8.914187076663734333e-01 9.542648300598919331e-01 1.018278009319517396e+00 1.089176876450794529e+00 1.174657550462694822e+00 1.280469702554298150e+00 1.404767311214380365e+00 1.544691222358397065e+00 1.697886180080358631e+00 1.863647182880817876e+00
1.019764715078943729e+00 1.075213736753719562e+00 1.156275899496506554e+00 1.259090197640316378e+00 1.379006558649477077e+00 1.515960827401431343e+00 1.673730689192617138e+00 1.851735935254694043e+00 2.052736636086883948e+00 2.269463093528047981e+00 2.497218049414018815e+00
1.217491393839411851e+00 1.318474358955916470e+00 1.437252701794363929e+00 1.580007242321334049e+00 1.749797917723328711e+00 1.939611897281818376e+00 2.144399059784351635e+00 2.373441007069807984e+00 2.640443475499350434e+00 2.948185597958401960e+00 3.280319456414614532e+00
1.462472130212814081e+00 1.603274383986514451e+00 1.767449699359001425e+00 1.950536601087982769e+00 2.158006859872322547e+00 2.415576967949608633e+00 2.716676456632660219e+00 3.035615795435021358e+00 3.372403915679890840e+00 3.752133572352522872e+00 4.185100448346493529e+00
1.741613584049140240e+00 1.916850655229505707e+00 2.115762796723795081e+00 2.376633510856523746e+00 2.675703201288838429e+00 2.988748082515777948e+00 3.348377114394623710e+00 3.774288197161071334e+00 4.243789152823464583e+00 4.748633254624849087e+00 5.297585728974112840e+00
2.030039981407825600e+00 2.261050732452583922e+00 2.553425646164793061e+00 2.859524707151571032e+00 3.216680053708529829e+00 3.649889527242504705e+00 4.128472416734239481e+00 4.653686783503273361e+00 5.242722762915966506e+00 5.901481267917532136e+00 6.628082601504576843e+00
2.360267577239606673e+00 2.669593425792538000e+00 2.994804325315840732e+00 3.404989777003387896e+00 3.877357401724381702e+00 4.400915642068586209e+00 4.999834965677752763e+00 5.686739347337509187e+00 6.440770967265658342e+00 7.250184858694113110e+00 8.139114416870279811e+00
2.732722030687394721e+00 3.077651281745738210e+00 3.522186277207196792e+00 4.025595578672930053e+00 4.598884098647473273e+00 5.270326185098468841e+00 6.030300863678553114e+00 6.850379780316786515e+00 7.778290275740300963e+00 8.825418824539289275e+00 9.942373758284066554e+00
3.101656634443616056e+00 3.561610237724846861e+00 4.094398625420446969e+00 4.708474279941680329e+00 5.438201196590630282e+00 6.249210162215687703e+00 7.157015177001340156e+00 8.208986403027335399e+00 9.349083591622614264e+00 1.060008353245052604e+01 1.199298589819313321e+01
3.523424962580658182e+00 4.080932802329648723e+00 4.721161784113030890e+00 5.492378571550220023e+00 6.350957617876857420e+00 7.342287724615734312e+00 8.479130512039953160e+00 9.715408548870422933e+00 1.111941304299329047e+01 1.264657654708141976e+01 1.430017572911849477e+01
3.986644659688074910e+00 4.636772470847963845e+00 5.429788127499634243e+00 6.333099055861022286e+00 7.381112622728414507e+00 8.584352133622818570e+00 9.923485216270574227e+00 1.144445694819882497e+01 1.309051444869808734e+01 1.495016075242836884e+01 1.700762745916109253e+01
4.468839181644987057e+00 5.251177433570183517e+00 6.192850696111809050e+00 7.265970886802567641e+00 8.529334494149839685e+00 9.945921402208986351e+00 1.155721354595743655e+01 1.333275788438008824e+01 1.536844194484214121e+01 1.759147652279613894e+01 2.001138797488264487e+01
4.983840183889195252e+00 5.925253322714872262e+00 7.004238451562317280e+00 8.313453624136874609e+00 9.774478053888136841e+00 1.146589604870194101e+01 1.334673426062661150e+01 1.551780103793714183e+01 1.789495466485599451e+01 2.051985942976138588e+01 2.346430126177897435e+01
5.540964061505042615e+00 6.632843534661936324e+00 7.922835833406529638e+00 9.420176762399812276e+00 1.116788445571133082e+01 1.311736866893112818e+01 1.539251854281176257e+01 1.790058457879811016e+01 2.070693192537614991e+01 2.391010833442323857e+01 2.754161155457541099e+01
6.143464891530045158e+00 7.380762389437296456e+00 8.903266896061992952e+00 1.065455097693333286e+01 1.265171970452428241e+01 1.499110172913404249e+01 1.760913868171122232e+01 2.055144379853782155e+01 2.396037465369626673e+01 2.786426502695647045e+01 3.225077160318361535e+01
6.779481606990178655e+00 8.209509377502236305e+00 9.940360792645583032e+00 1.197736214318736536e+01 1.431632600992568527e+01 1.701562495087732785e+01 2.004996416994018915e+01 2.359501974675175617e+01 2.770766096130846279e+01 3.239518094301171658e+01 3.820545470523927634e+01
7.438478985021705014e+00 9.099777778721852783e+00 1.108246721547221725e+01 1.339103658348566661e+01 1.613284806871909538e+01 1.921130927113828690e+01 2.281475111461147876e+01 2.706198273465394166e+01 3.196978202220734033e+01 3.821609724953627563e+01 4.607250833265763390e+01
8.126660019618519470e+00 1.002412136666296227e+01 1.230090899634062751e+01 1.496120616821336569e+01 1.807608214516790213e+01 2.165296513545366253e+01 2.595035332276744455e+01 3.096367396638662584e+01 3.737513846588811361e+01 4.566961322259157185e+01 5.521189523893455231e+01
8.865240025591024420e+00 1.100150098917668018e+01 1.357598323414108421e+01 1.665489295034449313e+01 2.017720157700508921e+01 2.439818153774565346e+01 2.943886504403504389e+01 3.572097538001781913e+01 4.421606576770590635e+01 5.419282249244645300e+01 6.571730105055344495e+01
9.659684134991561422e+00 1.205895107548295542e+01 1.495508058859511102e+01 1.844850017493879690e+01 2.249126418771166769e+01 2.744196732698388530e+01 3.342676815409019042e+01 4.177412537692190853e+01 5.203312497324465369e+01 6.391131047713988522e+01 7.808417738656544316e+01
1.049307642487757697e+01 1.317901569317730015e+01 1.645608268709982980e+01 2.036063355715819867e+01 2.505418509695073936e+01 3.078835245918123320e+01 3.846236523722557621e+01 4.873585365442772144e+01 6.076364303015798640e+01 7.526974194871945656e+01 9.222198752688119328e+01
1.135359635083449703e+01 1.434515164776116691e+01 1.804535277393551596e+01 2.242762286635171876e+01 2.786884605321774444e+01 3.463175601050797781e+01 4.444519508966782695e+01 5.642174225730283155e+01 7.090491234685383404e+01 8.813376848260918450e+01 1.087872121264876029e+02
1.224312596497883021e+01 1.555974740781899257e+01 1.971452622990149450e+01 2.467613754656336411e+01 3.092208447309971220e+01 3.937142592017598020e+01 5.109841741937673021e+01 6.515868290681277131e+01 8.234847102253156947e+01 1.030350553397424562e+02 1.270658704681090114e+02
