1.544463551830301817e+00 1.864985159390829983e+00 2.030026019999487730e+00 2.136041227854041047e+00 2.212896076829859560e+00 2.272299872124921016e+00 2.320223790228722827e+00 2.360102113793390188e+00 2.394122404019873862e+00 2.423668899191020021e+00 2.449691171016857627e+00
4.309883517357828708e+00 4.923953004021125679e+00 5.232614110345383374e+00 5.431117935179424983e+00 5.574442443971732608e+00 5.686053016935285420e+00 5.775174785383969223e+00 5.850251688127998229e+00 5.913946682321962633e+00 5.969643284246307857e+00 6.018765683852810078e+00
1.659223983999769914e+01 1.832300697396207667e+01 1.919368565374375279e+01 1.975352851694663059e+01 2.015963793214979205e+01 2.047357171693753841e+01 2.072893042639741878e+01 2.094159752987639322e+01 2.112442422492541994e+01 2.128326484915966788e+01 2.142387087808472756e+01
4.685991035907027680e+01 5.103534327860928954e+01 5.312745802442412213e+01 5.448486788024185046e+01 5.546798440917043393e+01 5.623453671596547565e+01 5.685591311275005921e+01 5.737268236492768381e+01 5.782015073506745040e+01 5.820788053520624317e+01 5.855108259398194548e+01
1.044666363205883215e+02 1.129419317367635642e+02 1.172077193557872477e+02 1.199665195169138343e+02 1.219720010197535913e+02 1.235430639748785069e+02 1.248054955250400582e+02 1.258775899058877599e+02 1.267894719806389503e+02 1.275804711414306922e+02 1.282881951875083644e+02
1.989663654334312639e+02 2.141345342947928145e+02 2.217465090810490551e+02 2.267364631154120787e+02 2.303250337290891991e+02 2.331656852175960069e+02 2.354584989186635937e+02 2.373761136556399549e+02 2.389993590547807116e+02 2.404387256185637511e+02 2.417264219169582589e+02
3.399375376308784098e+02 3.647358562014364338e+02 3.772407236477425840e+02 3.853760453510180923e+02 3.912289733490605954e+02 3.958544929757449040e+02 3.996136142330268513e+02 4.028244242855622588e+02 4.055169034593911306e+02 4.078451509607444336e+02 4.099708840824970366e+02
5.371455190461740585e+02 5.748904527366587445e+02 5.940762035017958169e+02 6.064738559042793895e+02 6.156060351855770705e+02 6.226501319982927498e+02 6.282471373636652743e+02 6.332559262114274361e+02 6.373029357696323132e+02 6.410165700234276756e+02 6.440123194934873254e+02
8.000474285734154591e+02 8.549497880968767731e+02 8.827245345486982160e+02 9.008268519723202417e+02 9.140181565530303942e+02 9.243346007529419239e+02 9.324157458415602377e+02 9.396960648666031375e+02 9.454084661811297110e+02 9.510037641796398020e+02 9.554625603500072657e+02
1.138880953095520908e+03 1.215074352136531616e+03 1.253530379085700361e+03 1.278990184006496975e+03 1.297226962665788733e+03 1.311259774380669114e+03 1.323453829223095681e+03 1.332607988011571933e+03 1.341556434884961391e+03 1.348852195950200439e+03 1.354618083574782077e+03
1.562619104688503967e+03 1.665598292032679865e+03 1.716880362950191284e+03 1.751010447759960698e+03 1.775923966547259852e+03 1.795939833930748819e+03 1.810477819346912611e+03 1.824830331443401292e+03 1.835885222456248130e+03 1.844986010318676563e+03 1.854767073628946946e+03
