1.612802379879828774e+00 1.629819830215325061e+00 1.647087864777911026e+00 1.664606115661445784e+00 1.682368082588717284e+00 1.700382969871579997e+00 1.718642197865556831e+00 1.737144021450212295e+00 1.755887339198167973e+00 1.774850897368080993e+00 1.793968336482542059e+00
4.434145648097929104e+00 4.500726621233144265e+00 4.568822566103753147e+00 4.638932005661414948e+00 4.710110912612215373e+00 4.783024265276188736e+00 4.857225770876417492e+00 4.932165102310384519e+00 5.009271465612285645e+00 5.087728540134604849e+00 5.167538978671962546e+00
1.687143753591866613e+01 1.721566290951811595e+01 1.757203835374158274e+01 1.794114678574473487e+01 1.832157192584816841e+01 1.871455783772115922e+01 1.911764194993267196e+01 1.953117276135494151e+01 1.995320791097998026e+01 2.038276122372263544e+01 2.082109666536271320e+01
4.743353344277582551e+01 4.860513769585915611e+01 4.982156813557037367e+01 5.108874399511327624e+01 5.240418113810352452e+01 5.376591637856805761e+01 5.517106422591285764e+01 5.661408308142272006e+01 5.808903939892747559e+01 5.959584248418358499e+01 6.114031993828650258e+01
1.055691183791269196e+02 1.084946690168725922e+02 1.115870673634728121e+02 1.148162752929049901e+02 1.182025307006553021e+02 1.217089851492946337e+02 1.253274891336594266e+02 1.290540363448924950e+02 1.328621457515357349e+02 1.367421649545036928e+02 1.406362925736833347e+02
2.008711109994871435e+02 2.069945644521199029e+02 2.134248382537571160e+02 2.202801730895828314e+02 2.274346212823398048e+02 2.348662229227875855e+02 2.425283405323230852e+02 2.504252270805699538e+02 2.584227391209814186e+02 2.665084702421561360e+02 2.747470623382852182e+02
3.430732068215123149e+02 3.542654460861264738e+02 3.661237165471189314e+02 3.788219840572860448e+02 3.920579208404699898e+02 4.058553313074844482e+02 4.200969524484171416e+02 4.347081574809539575e+02 4.493943480628362295e+02 4.644451962748625533e+02 4.795083105694679375e+02
5.419668906917878530e+02 5.605344571328511165e+02 5.805248450887473837e+02 6.018246087408375615e+02 6.242447697235775195e+02 6.477277610096665512e+02 6.716673260768241107e+02 6.959938058492222126e+02 7.205996659818617900e+02 7.458200317571147480e+02 7.709111165168553725e+02
8.072123759809732064e+02 8.363524909377646281e+02 8.675658082515399201e+02 9.012148700980175136e+02 9.365037003850926567e+02 9.732825671102874594e+02 1.011045240637255006e+03 1.049414384272246707e+03 1.088298347606342759e+03 1.127233849745889074e+03 1.165414416109282229e+03
1.148608553786739321e+03 1.191639926894284599e+03 1.238766620045036234e+03 1.288299049235977009e+03 1.340961352340724034e+03 1.395925471550581506e+03 1.451973344885187771e+03 1.507925556548291524e+03 1.566594588202612385e+03 1.624447665020902377e+03 1.681655673813861085e+03
1.576186724110584919e+03 1.637897216956663442e+03 1.704210523905901937e+03 1.775335426269377422e+03 1.850740749836072382e+03 1.928752013819814010e+03 2.007733910643393074e+03 2.090165231191850125e+03 2.170824153404983917e+03 2.253050084093605165e+03 2.335685207927801457e+03
