-2.295483931956914603e+01 -2.295483931956914603e+01 -2.295483931956914603e+01 -2.295483931956914603e+01 -2.295483931956914603e+01 -2.295483931956914603e+01 -2.295483931956914603e+01 -2.295483931956914603e+01 -2.295483931956914603e+01 -2.295483931956914603e+01 -2.295483931956914603e+01
-2.815577845763255027e+01 -2.815577845763255027e+01 -2.815577845763255027e+01 -2.815577845763255027e+01 -2.815577845763255027e+01 -2.815577845763255027e+01 -2.815577845763255027e+01 -2.815577845763255027e+01 -2.815577845763255027e+01 -2.815577845763255027e+01 -2.815577845763255027e+01
-3.194994944903373835e+01 -3.194994944903373835e+01 -3.194994944903373835e+01 -3.194994944903373835e+01 -3.194994944903373835e+01 -3.194994944903373835e+01 -3.194994944903373835e+01 -3.194994944903373835e+01 -3.194994944903373835e+01 -3.194994944903373835e+01 -3.194994944903373835e+01
-3.350500088347689598e+01 -3.350500088347689598e+01 -3.350500088347689598e+01 -3.350500088347689598e+01 -3.350500088347689598e+01 -3.350500088347689598e+01 -3.350500088347689598e+01 -3.350500088347689598e+01 -3.350500088347689598e+01 -3.350500088347689598e+01 -3.350500088347689598e+01
-3.426689413385975058e+01 -3.426689413385975058e+01 -3.426689413385975058e+01 -3.426689413385975058e+01 -3.426689413385975058e+01 -3.426689413385975058e+01 -3.426689413385975058e+01 -3.426689413385975058e+01 -3.426689413385975058e+01 -3.426689413385975058e+01 -3.426689413385975058e+01
-3.470775392168434337e+01 -3.470775392168434337e+01 -3.470775392168434337e+01 -3.470775392168434337e+01 -3.470775392168434337e+01 -3.470775392168434337e+01 -3.470775392168434337e+01 -3.470775392168434337e+01 -3.470775392168434337e+01 -3.470775392168434337e+01 -3.470775392168434337e+01
-3.499473158077671542e+01 -3.499473158077671542e+01 -3.499473158077671542e+01 -3.499473158077671542e+01 -3.499473158077671542e+01 -3.499473158077671542e+01 -3.499473158077671542e+01 -3.499473158077671542e+01 -3.499473158077671542e+01 -3.499473158077671542e+01 -3.499473158077671542e+01
-3.519736282840312924e+01 -3.519736282840312924e+01 -3.519736282840312924e+01 -3.519736282840312924e+01 -3.519736282840312924e+01 -3.519736282840312924e+01 -3.519736282840312924e+01 -3.519736282840312924e+01 -3.519736282840312924e+01 -3.519736282840312924e+01 -3.519736282840312924e+01
-3.534920649100240553e+01 -3.534920649100240553e+01 -3.534920649100240553e+01 -3.534920649100240553e+01 -3.534920649100240553e+01 -3.534920649100240553e+01 -3.534920649100240553e+01 -3.534920649100240553e+01 -3.534920649100240553e+01 -3.534920649100240553e+01 -3.534920649100240553e+01
-3.546809540499452851e+01 -3.546809540499452851e+01 -3.546809540499452851e+01 -3.546809540499452851e+01 -3.546809540499452851e+01 -3.546809540499452851e+01 -3.546809540499452851e+01 -3.546809540499452851e+01 -3.546809540499452851e+01 -3.546809540499452851e+01 -3.546809540499452851e+01
-3.556431941613482195e+01 -3.556431941613482195e+01 -3.556431941613482195e+01 -3.556431941613482195e+01 -3.556431941613482195e+01 -3.556431941613482195e+01 -3.556431941613482195e+01 -3.556431941613482195e+01 -3.556431941613482195e+01 -3.556431941613482195e+01 -3.556431941613482195e+01
