8.200396558397372859e-02 8.392311894606015177e-02 8.602869422199302396e-02 8.833020521536613656e-02 9.083565523967043753e-02 9.355437234437939675e-02 9.649463153723461528e-02 9.966344227079614038e-02 1.030695722230032529e-01 1.067160631647655483e-01 1.106146158123713780e-01
2.638073796828546147e-01 2.732667138449240696e-01 2.835460204071910684e-01 2.947485582444246410e-01 3.068442203455495898e-01 3.199739828192184055e-01 3.341023955818387958e-01 3.492751851461564638e-01 3.656578268906324758e-01 3.832155587150465892e-01 4.020756358923828766e-01
9.263568992994788420e-01 9.745175576927899153e-01 1.027157952745964220e+00 1.084651798812686030e+00 1.147198392764352759e+00 1.215170648769224426e+00 1.288854605701663658e+00 1.368523546589620832e+00 1.454461943963888393e+00 1.546952008826183000e+00 1.646356537666714859e+00
2.175844844429933200e+00 2.316057118754915933e+00 2.470335611468922554e+00 2.639986340026838629e+00 2.825222401643777026e+00 3.027720647160347500e+00 3.248021600292358091e+00 3.487306741809643285e+00 3.745926978365309079e+00 4.024636949642774297e+00 4.324991950751926773e+00
4.054008250370040756e+00 4.353634619287322316e+00 4.686055719457706381e+00 5.053595553841606858e+00 5.458155095891558339e+00 5.901976615695980755e+00 6.385226366342336313e+00 6.910083024304560340e+00 7.478667385072530038e+00 8.092246709897635171e+00 8.749972889326413039e+00
6.580957929014516594e+00 7.118251970674219109e+00 7.717973044757410861e+00 8.385611575944318830e+00 9.123211843153566036e+00 9.933163243987483071e+00 1.081795585771750012e+01 1.177955070593714382e+01 1.281884867487008428e+01 1.393729828836172402e+01 1.513360144075760338e+01
9.771585175172138094e+00 1.063092025314138844e+01 1.159658363349396559e+01 1.267899108523199203e+01 1.387531043406112552e+01 1.519142681569207554e+01 1.663388966408864889e+01 1.819366390182908333e+01 1.988506710705116021e+01 2.170554613312197034e+01 2.365366078886643564e+01
1.363307235530161599e+01 1.490471498682004814e+01 1.634630995769644102e+01 1.796273603744005953e+01 1.975972724386410917e+01 2.174236780049794504e+01 2.390397120782904139e+01 2.625004148238334167e+01 2.878644214331179541e+01 3.151010038742590424e+01 3.439505933146073602e+01
1.817420420976901596e+01 1.996119828559332632e+01 2.198669187193623742e+01 2.427462633039325368e+01 2.681847854006644027e+01 2.962449139462059478e+01 3.268760661922699029e+01 3.598819618925174524e+01 3.959943776537321725e+01 4.341012606683804620e+01 4.753576635230533043e+01
2.340336885491151975e+01 2.580098114943072929e+01 2.854130358455688565e+01 3.162903082824123047e+01 3.508050743947076455e+01 3.886888723928434075e+01 4.303323801429348805e+01 4.752989345608377647e+01 5.233013257838095456e+01 5.754331008764386013e+01 6.304827874944528787e+01
2.932287196978187183e+01 3.244533774484028044e+01 3.601557296481676929e+01 4.003288180399049168e+01 4.457588773046717989e+01 4.954891492891965754e+01 5.495296129263907403e+01 6.081387838310897109e+01 6.714633444127692030e+01 7.393027933188916734e+01 8.123020056719713011e+01
