1.536708607703613779e+03 1.549468631555408820e+03 1.562325568620244212e+03 1.575276555200694020e+03 1.588122690646378715e+03 1.601192571905046407e+03 1.614414023401053555e+03 1.627765938752305146e+03 1.641154446517662791e+03 1.654610100978928813e+03 1.668148643045104109e+03
2.668489389302863401e+03 2.705543136574724485e+03 2.743024832455704200e+03 2.780899943976724899e+03 2.819090063063212256e+03 2.857619511525302187e+03 2.896658877302795190e+03 2.935737523251334096e+03 2.975080784528253844e+03 3.014634357896658457e+03 3.054352340501917752e+03
5.478797506523766970e+03 5.592837521951536473e+03 5.708789547737131215e+03 5.825744386806141847e+03 5.943622489293895342e+03 6.062679292092828291e+03 6.182149716178580093e+03 6.301990416607923180e+03 6.422025737330282027e+03 6.542032282031632349e+03 6.661830208721438794e+03
9.768521343430966226e+03 1.001892494740161783e+04 1.027261089055826596e+04 1.052912930251302714e+04 1.078619540349037197e+04 1.104549270809485461e+04 1.130471549568430237e+04 1.156340846847293506e+04 1.182093506127141882e+04 1.207690834278896546e+04 1.233120626973771505e+04
1.553160106756072491e+04 1.598316844693916210e+04 1.644029258423726060e+04 1.690102399413302192e+04 1.736195135286740697e+04 1.782505815538778916e+04 1.828556069692818710e+04 1.874283813066593211e+04 1.919748855178626036e+04 1.964682164018761614e+04 2.009025321879853072e+04
2.276310542438712582e+04 2.348548460465498283e+04 2.421512150541603842e+04 2.494971496690832282e+04 2.568403669008201541e+04 2.641606810472914731e+04 2.713984243746765424e+04 2.785970842061667281e+04 2.856988230629538521e+04 2.926943400615413339e+04 2.995814746933824063e+04
3.146125418915742557e+04 3.252636096366648417e+04 3.360191077475780912e+04 3.468158304380027403e+04 3.575789045746202464e+04 3.682649594084156706e+04 3.788325701718946948e+04 3.892244461334186781e+04 3.995045047363488993e+04 4.095862260179634177e+04 4.194850738700389047e+04
4.162129481583690358e+04 4.310719272823718347e+04 4.460151706345395360e+04 4.609926090434744401e+04 4.758803592610851047e+04 4.906277082348141266e+04 5.051662818381829857e+04 5.194573578935322439e+04 5.334731780135170993e+04 5.472182853845848149e+04 5.606903152287668490e+04
5.324012201762813493e+04 5.522094919923972338e+04 5.721404026293347852e+04 5.920509190675775608e+04 6.118059136412937369e+04 6.312937685739892913e+04 6.504627901681583899e+04 6.692561165611166507e+04 6.876440888977870054e+04 7.056457671779353404e+04 7.232591792138598976e+04
6.630908163666762994e+04 6.887121999632231018e+04 7.143958433195123507e+04 7.400032508762729412e+04 7.653496161525689240e+04 7.902880502250442805e+04 8.147549644247131073e+04 8.386896213504085608e+04 8.620793971550549031e+04 8.848870122307124257e+04 9.072222433472414559e+04
8.083473446696717292e+04 8.405505628262646496e+04 8.727886748565241578e+04 9.048635991783125792e+04 9.365336688979995961e+04 9.676468240885387058e+04 9.980673685337364441e+04 1.027806156108758005e+05 1.056766616442712257e+05 1.084992552665664552e+05 1.112573772585988481e+05
