-2.551497125748210237e+01 -2.545138018635771004e+01 -2.538948930773403845e+01 -2.532925233032437973e+01 -2.527058353961547255e+01 -2.521349353478217381e+01 -2.515796347541981959e+01 -2.510358803123745020e+01 -2.505095419687131653e+01 -2.499971933953565895e+01 -2.494983586050875601e+01
-3.101592531841015443e+01 -3.090360858522035414e+01 -3.079585451399543672e+01 -3.069282243326597381e+01 -3.059419914830505149e+01 -3.049964146029014955e+01 -3.040902236810143222e+01 -3.032214499220935977e+01 -3.023892681455981801e+01 -3.015904302841227036e+01 -3.008237587226903997e+01
-3.497237434810813284e+01 -3.478747207036576583e+01 -3.461436116441836930e+01 -3.445243507477061939e+01 -3.430082951927761314e+01 -3.415872400577791268e+01 -3.402549037253993447e+01 -3.390041375951113878e+01 -3.378286049202870345e+01 -3.367220754561640206e+01 -3.356788355479147867e+01
-3.655339961955905892e+01 -3.630991351896955166e+01 -3.608649113976935041e+01 -3.588128173923178110e+01 -3.569216382782178698e+01 -3.551825936667592032e+01 -3.535803283409404685e+01 -3.520994569329195656e+01 -3.507268943973758724e+01 -3.494514826366867055e+01 -3.482630711933597922e+01
-3.730830402138599311e+01 -3.701922867968823994e+01 -3.675789386102405842e+01 -3.652138110681335093e+01 -3.630670936935348436e+01 -3.611226072874706006e+01 -3.593507064332152368e+01 -3.577242139813097310e+01 -3.562457405521854525e+01 -3.548770683895781985e+01 -3.536111286779487273e+01
-3.773500176645757165e+01 -3.740933102440976654e+01 -3.711848095314417151e+01 -3.685861494948403561e+01 -3.662589153151202481e+01 -3.641687013674527407e+01 -3.622781270735504222e+01 -3.605711573225562461e+01 -3.590142396457667928e+01 -3.575892305646266323e+01 -3.562774777177037322e+01
-3.800705658584411140e+01 -3.765104531913675601e+01 -3.733656026625612867e+01 -3.705842757527716458e+01 -3.681180312178184977e+01 -3.659220659182028612e+01 -3.639565357915853383e+01 -3.621811121468272177e+01 -3.605793073747554445e+01 -3.591175047795695718e+01 -3.577767763021256542e+01
-3.819568794645965681e+01 -3.781395630804763641e+01 -3.747999176555458689e+01 -3.718720101033250103e+01 -3.692970369957765797e+01 -3.670208573294075904e+01 -3.649962100007178378e+01 -3.631829377235408174e+01 -3.615422388500519446e+01 -3.600554739051585784e+01 -3.586953031488155830e+01
-3.833479566824098583e+01 -3.793104953922738787e+01 -3.758043908113177167e+01 -3.727554415151462308e+01 -3.700929536396142794e+01 -3.677539663400602876e+01 -3.656842432279518107e+01 -3.638383456411611405e+01 -3.621736386305565247e+01 -3.606689985177945346e+01 -3.592952283906197408e+01
-3.844211545330836088e+01 -3.801904751673646388e+01 -3.765421579478424974e+01 -3.733909472367304261e+01 -3.706566023533741827e+01 -3.682671503585152095e+01 -3.661620499447235488e+01 -3.642911263396308641e+01 -3.626126412055964465e+01 -3.610904980258783326e+01 -3.597068549478353816e+01
-3.852810854533890961e+01 -3.808775701387276058e+01 -3.771045087079983205e+01 -3.738658995805963059e+01 -3.710711297497982741e+01 -3.686403908055217471e+01 -3.665067914721294073e+01 -3.646157456237779115e+01 -3.629237774056309718e+01 -3.613915873747828300e+01 -3.600003748846211238e+01
