1.605713323756490895e-04 1.605713323756490895e-04 1.605713323756490895e-04 1.605713323756490895e-04 1.605713323756490895e-04 1.605713323756490895e-04 1.605713323756490895e-04 1.605713323756490895e-04 1.605713323756490895e-04 1.605713323756490895e-04 1.605713323756490895e-04
5.092400948790459141e-04 5.092400948790459141e-04 5.092400948790459141e-04 5.092400948790459141e-04 5.092400948790459141e-04 5.092400948790459141e-04 5.092400948790459141e-04 5.092400948790459141e-04 5.092400948790459141e-04 5.092400948790459141e-04 5.092400948790459141e-04
1.751318103945690785e-03 1.751318103945690785e-03 1.751318103945690785e-03 1.751318103945690785e-03 1.751318103945690785e-03 1.751318103945690785e-03 1.751318103945690785e-03 1.751318103945690785e-03 1.751318103945690785e-03 1.751318103945690785e-03 1.751318103945690785e-03
4.067802699171297817e-03 4.067802699171297817e-03 4.067802699171297817e-03 4.067802699171297817e-03 4.067802699171297817e-03 4.067802699171297817e-03 4.067802699171297817e-03 4.067802699171297817e-03 4.067802699171297817e-03 4.067802699171297817e-03 4.067802699171297817e-03
7.532494990203998479e-03 7.532494990203998479e-03 7.532494990203998479e-03 7.532494990203998479e-03 7.532494990203998479e-03 7.532494990203998479e-03 7.532494990203998479e-03 7.532494990203998479e-03 7.532494990203998479e-03 7.532494990203998479e-03 7.532494990203998479e-03
1.218327001721437181e-02 1.218327001721437181e-02 1.218327001721437181e-02 1.218327001721437181e-02 1.218327001721437181e-02 1.218327001721437181e-02 1.218327001721437181e-02 1.218327001721437181e-02 1.218327001721437181e-02 1.218327001721437181e-02 1.218327001721437181e-02
1.804252675168547398e-02 1.804252675168547398e-02 1.804252675168547398e-02 1.804252675168547398e-02 1.804252675168547398e-02 1.804252675168547398e-02 1.804252675168547398e-02 1.804252675168547398e-02 1.804252675168547398e-02 1.804252675168547398e-02 1.804252675168547398e-02
2.513223784625492549e-02 2.513223784625492549e-02 2.513223784625492549e-02 2.513223784625492549e-02 2.513223784625492549e-02 2.513223784625492549e-02 2.513223784625492549e-02 2.513223784625492549e-02 2.513223784625492549e-02 2.513223784625492549e-02 2.513223784625492549e-02
3.346181809755728598e-02 3.346181809755728598e-02 3.346181809755728598e-02 3.346181809755728598e-02 3.346181809755728598e-02 3.346181809755728598e-02 3.346181809755728598e-02 3.346181809755728598e-02 3.346181809755728598e-02 3.346181809755728598e-02 3.346181809755728598e-02
4.303330247269879921e-02 4.303330247269879921e-02 4.303330247269879921e-02 4.303330247269879921e-02 4.303330247269879921e-02 4.303330247269879921e-02 4.303330247269879921e-02 4.303330247269879921e-02 4.303330247269879921e-02 4.303330247269879921e-02 4.303330247269879921e-02
5.387377210926141968e-02 5.387377210926141968e-02 5.387377210926141968e-02 5.387377210926141968e-02 5.387377210926141968e-02 5.387377210926141968e-02 5.387377210926141968e-02 5.387377210926141968e-02 5.387377210926141968e-02 5.387377210926141968e-02 5.387377210926141968e-02
