0.000000000000000000e+00 7.737579075910616666e-01 1.227739846384793054e+00 1.549308853886032011e+00 1.797865390675724484e+00 1.999954760784021346e+00 2.170216956197691616e+00 2.316864370714029064e+00 2.445569671504927101e+00 2.560131937912956346e+00 2.663219837166252546e+00
0.000000000000000000e+00 8.848737447515304666e-01 1.396735139343945775e+00 1.755333799414074747e+00 2.030167234504915541e+00 2.252082082588458434e+00 2.437802051546896109e+00 2.597135909181815805e+00 2.736473498360282974e+00 2.860146860777604161e+00 2.971157907246379182e+00
0.000000000000000000e+00 9.531357651176222134e-01 1.496550804000435164e+00 1.873856822516245302e+00 2.161252677226002561e+00 2.392535247967316536e+00 2.585490266312262975e+00 2.750359737645339919e+00 2.894745634988794336e+00 3.022424899074394489e+00 3.136963348253630102e+00
0.000000000000000000e+00 9.694858299844781868e-01 1.518042519528535195e+00 1.897699723554978846e+00 2.186219666858960409e+00 2.418207645412621787e+00 2.611391896411078051e+00 2.776581517002341570e+00 2.920697207307966892e+00 3.048398736082162941e+00 3.163084625637566205e+00
0.000000000000000000e+00 9.712688534527842421e-01 1.519012345306691714e+00 1.897160588781844126e+00 2.184433641163195716e+00 2.414968120261619333e+00 2.607036029054143000e+00 2.771287978750478942e+00 2.914510623479145579e+00 3.041409887526242528e+00 3.154981519859575201e+00
0.000000000000000000e+00 9.693091656881733797e-01 1.514680857828352600e+00 1.890738697478809627e+00 2.176304068034369266e+00 2.405315856613015058e+00 2.596232719526597066e+00 2.759271860984881641e+00 2.901347397000790806e+00 3.027247844773228280e+00 3.139920697823981754e+00
0.000000000000000000e+00 9.662143512323382311e-01 1.508920325355575187e+00 1.882958980757393874e+00 2.166815176598902326e+00 2.394595830661273794e+00 2.584011736889806343e+00 2.746015209962934023e+00 2.887140680821175920e+00 3.012325005067395978e+00 3.124215094598184805e+00
0.000000000000000000e+00 9.630039374023908749e-01 1.503237017121136887e+00 1.875527353971847333e+00 2.157816537972394144e+00 2.384233332300937036e+00 2.572667946446017595e+00 2.733616957455524243e+00 2.873896297984174453e+00 2.998325118056527572e+00 3.109479323371488135e+00
0.000000000000000000e+00 9.599396607300150208e-01 1.497971154120023130e+00 1.868489852728089318e+00 2.149481348966219230e+00 2.374730656014435226e+00 2.562229414259491023e+00 2.722316444873285946e+00 2.861875455964764114e+00 2.985589177238580305e+00 3.096189934080030071e+00
0.000000000000000000e+00 9.569286934674892109e-01 1.493006116328615462e+00 1.862106698896241141e+00 2.141804965023766272e+00 2.366147060853108997e+00 2.552836060138361063e+00 2.712145878664159682e+00 2.851110843126662076e+00 2.974020048313832376e+00 3.084286765013530385e+00
0.000000000000000000e+00 9.542265754644176923e-01 1.488566672942397418e+00 1.856337313674885081e+00 2.135016595089837210e+00 2.358508113582502119e+00 2.544381504976627184e+00 2.703056048674625345e+00 2.841422912733833073e+00 2.963789129204087658e+00 3.073688327061972814e+00
