1.620566573217132765e-03 1.584827556076895492e-03 1.549979263372218289e-03 1.516012066617466493e-03 1.482910906866801532e-03 1.450611146907630463e-03 1.419212976968136806e-03 1.388606312067595201e-03 1.358837899713229375e-03 1.329871584311942195e-03 1.301690365784231992e-03
5.180739708437693235e-03 5.006016250111581904e-03 4.838116998771816932e-03 4.677137413136057097e-03 4.523245904956350698e-03 4.375416880426746292e-03 4.233941185399024004e-03 4.098535326060482806e-03 3.969724140371821801e-03 3.846260395508641246e-03 3.728397913279992912e-03
1.806871936789451391e-02 1.719761010563362197e-02 1.638174908528244877e-02 1.561436556709808014e-02 1.489613719705025312e-02 1.422325036296005069e-02 1.359547447612453885e-02 1.300992698034075627e-02 1.246490436499708525e-02 1.195702902789610479e-02 1.148349588790804551e-02
4.230087144089911266e-02 3.981138099231835287e-02 3.751302707573121037e-02 3.539371960533040790e-02 3.344291129254538253e-02 3.166277885496490002e-02 3.002982963894368362e-02 2.853416417145550332e-02 2.716546413502329144e-02 2.591104331242395295e-02 2.476173990481287182e-02
7.868651928953858399e-02 7.342580108325781618e-02 6.863097738467278941e-02 6.427605872240460538e-02 6.032920562098375433e-02 5.677211005406319205e-02 5.356047959405269010e-02 5.066537187976080658e-02 4.804851519980136293e-02 4.568386935740233190e-02 4.353258384829593319e-02
1.276239294664250623e-01 1.182895762124537287e-01 1.098649362067034979e-01 1.023195662499954556e-01 9.556239020263844475e-02 8.953886838442343121e-02 8.415278974308960935e-02 7.936159198627831812e-02 7.507493040976886967e-02 7.122255489885878643e-02 6.775744436973026030e-02
1.894006887403558714e-01 1.745495460728382908e-01 1.612846311045952052e-01 1.495393905938058043e-01 1.391252799863857970e-01 1.299271646361281896e-01 1.217982001418338178e-01 1.145885748239398316e-01 1.082171796412858128e-01 1.025152204436259179e-01 9.741481983079994245e-02
2.641570424449641297e-01 2.423442138428575088e-01 2.229616440885075768e-01 2.059355019616532501e-01 1.910021028892046335e-01 1.779151829815962538e-01 1.664529949621547100e-01 1.563579352640076525e-01 1.474518859290421258e-01 1.395354222077621331e-01 1.324931194934574619e-01
3.520746869240098942e-01 3.216694492087815993e-01 2.949026139826498305e-01 2.715209404204011467e-01 2.511880282647548923e-01 2.334854644422425518e-01 2.180785403265133593e-01 2.046071541536995941e-01 1.927745534594470511e-01 1.822843185841602209e-01 1.730044032857817327e-01
4.533014980470696509e-01 4.126483800537793512e-01 3.770882891181772112e-01 3.462891879493051883e-01 3.196317141466281653e-01 2.966357309170765677e-01 2.767129234750694833e-01 2.593672235552281213e-01 2.441452554014977294e-01 2.307687681146671499e-01 2.189129941805156021e-01
5.678916868556658226e-01 5.152833260147725580e-01 4.695800889873046335e-01 4.302244633212310987e-01 3.964320722666379027e-01 3.673543681781955561e-01 3.423312273605095823e-01 3.206080630629298267e-01 3.016433589686056682e-01 2.849588052451257347e-01 2.701855500987224157e-01
