-2.551497125748210237e+01 -2.558031440080594621e+01 -2.564745317793494905e+01 -2.571644106776511762e+01 -2.578731656072704936e+01 -2.586014109790266957e+01 -2.593496696183137828e+01 -2.601183288929314585e+01 -2.609080785113110323e+01 -2.617187813299824484e+01 -2.625522878246556502e+01
-3.101592531841015443e+01 -3.113314365636324510e+01 -3.125540595901838969e+01 -3.138304972487821942e+01 -3.151631139749952126e+01 -3.165562809398397803e+01 -3.180069542528144666e+01 -3.195157759664652986e+01 -3.210930083901621401e+01 -3.227393116814710083e+01 -3.244511942714234465e+01
-3.497237434810813284e+01 -3.516987250419333577e+01 -3.538073633092062664e+01 -3.560600105056437314e+01 -3.584596524540756945e+01 -3.610159908828791231e+01 -3.637381047389862943e+01 -3.666298146302142413e+01 -3.697016749157410231e+01 -3.729582787098115659e+01 -3.764059371087205363e+01
-3.655339961955905892e+01 -3.681863568785774987e+01 -3.710681944811221911e+01 -3.742006860019682790e+01 -3.775950894132256508e+01 -3.812718914391007274e+01 -3.852427348592391354e+01 -3.895232763955937116e+01 -3.941185587341169594e+01 -3.990427581026960979e+01 -4.043011636465598713e+01
-3.730830402138599311e+01 -3.762797248840433895e+01 -3.798048920803921646e+01 -3.836921853662715876e+01 -3.879615759348962456e+01 -3.926360473242675653e+01 -3.977331844205764355e+01 -4.032779188503627665e+01 -4.092768406238610623e+01 -4.157504633086500689e+01 -4.227051441576622892e+01
-3.773500176645757165e+01 -3.809953629643860040e+01 -3.850691511950208223e+01 -3.896069325457938248e+01 -3.946397802513092756e+01 -4.002014759695157409e+01 -4.063134053834801307e+01 -4.129982312427091529e+01 -4.202726410124887479e+01 -4.281509491542237811e+01 -4.366371442764648236e+01
-3.800705658584411140e+01 -3.840966242264039465e+01 -3.886383744148770347e+01 -3.937490949487983016e+01 -3.994635842737989151e+01 -4.058190076709797722e+01 -4.128433297963056248e+01 -4.205645120369808865e+01 -4.289915537464185036e+01 -4.381437718100278289e+01 -4.480187549837864935e+01
-3.819568794645965681e+01 -3.863118366172784590e+01 -3.912694387337251101e+01 -3.968888433560641715e+01 -4.032111611176514998e+01 -4.102875454192690086e+01 -4.181471172023157123e+01 -4.268074840905319434e+01 -4.362922828438240686e+01 -4.466006945122717298e+01 -4.577308557628566632e+01
-3.833479566824098583e+01 -3.879932710959110409e+01 -3.933223628217456280e+01 -3.994017089776025387e+01 -4.062822910277463961e+01 -4.140138798663610942e+01 -4.226356028429290745e+01 -4.321647359938287991e+01 -4.426126721743639791e+01 -4.539768820158496965e+01 -4.662545809388393536e+01
-3.844211545330836088e+01 -3.893274932742133387e+01 -3.949912609837701893e+01 -4.014884140600042883e+01 -4.088814555974022369e+01 -4.172235094074130757e+01 -4.265459139428276103e+01 -4.368728968647337751e+01 -4.482096457939405809e+01 -4.605432231325539760e+01 -4.738827752307406627e+01
-3.852810854533890961e+01 -3.904229659404882113e+01 -3.963922655926216976e+01 -4.032754955024574883e+01 -4.111429143950226717e+01 -4.200467576134906267e+01 -4.300229972909801290e+01 -4.410883177878349670e+01 -4.532510561135859462e+01 -4.664932702915757545e+01 -4.808002977605792694e+01
