1.488445525508090213e+03 1.488445525508090213e+03 1.488445525508090213e+03 1.488445525508090213e+03 1.488445525508090213e+03 1.488445525508090213e+03 1.488445525508090213e+03 1.488445525508090213e+03 1.488445525508090213e+03 1.488445525508090213e+03 1.488445525508090213e+03
2.611743812042892387e+03 2.611743812042892387e+03 2.611743812042892387e+03 2.611743812042892387e+03 2.611743812042892387e+03 2.611743812042892387e+03 2.611743812042892387e+03 2.611743812042892387e+03 2.611743812042892387e+03 2.611743812042892387e+03 2.611743812042892387e+03
5.431744672152113708e+03 5.431744672152113708e+03 5.431744672152113708e+03 5.431744672152113708e+03 5.431744672152113708e+03 5.431744672152113708e+03 5.431744672152113708e+03 5.431744672152113708e+03 5.431744672152113708e+03 5.431744672152113708e+03 5.431744672152113708e+03
9.752471265958072763e+03 9.752471265958072763e+03 9.752471265958072763e+03 9.752471265958072763e+03 9.752471265958072763e+03 9.752471265958072763e+03 9.752471265958072763e+03 9.752471265958072763e+03 9.752471265958072763e+03 9.752471265958072763e+03 9.752471265958072763e+03
1.556164387085005183e+04 1.556164387085005183e+04 1.556164387085005183e+04 1.556164387085005183e+04 1.556164387085005183e+04 1.556164387085005183e+04 1.556164387085005183e+04 1.556164387085005183e+04 1.556164387085005183e+04 1.556164387085005183e+04 1.556164387085005183e+04
2.285524959221564859e+04 2.285524959221564859e+04 2.285524959221564859e+04 2.285524959221564859e+04 2.285524959221564859e+04 2.285524959221564859e+04 2.285524959221564859e+04 2.285524959221564859e+04 2.285524959221564859e+04 2.285524959221564859e+04 2.285524959221564859e+04
3.162757100694481778e+04 3.162757100694481778e+04 3.162757100694481778e+04 3.162757100694481778e+04 3.162757100694481778e+04 3.162757100694481778e+04 3.162757100694481778e+04 3.162757100694481778e+04 3.162757100694481778e+04 3.162757100694481778e+04 3.162757100694481778e+04
4.187535574498250207e+04 4.187535574498250207e+04 4.187535574498250207e+04 4.187535574498250207e+04 4.187535574498250207e+04 4.187535574498250207e+04 4.187535574498250207e+04 4.187535574498250207e+04 4.187535574498250207e+04 4.187535574498250207e+04 4.187535574498250207e+04
5.359454395840715733e+04 5.359454395840715733e+04 5.359454395840715733e+04 5.359454395840715733e+04 5.359454395840715733e+04 5.359454395840715733e+04 5.359454395840715733e+04 5.359454395840715733e+04 5.359454395840715733e+04 5.359454395840715733e+04 5.359454395840715733e+04
6.678165249921687064e+04 6.678165249921687064e+04 6.678165249921687064e+04 6.678165249921687064e+04 6.678165249921687064e+04 6.678165249921687064e+04 6.678165249921687064e+04 6.678165249921687064e+04 6.678165249921687064e+04 6.678165249921687064e+04 6.678165249921687064e+04
8.143350977254405734e+04 8.143350977254405734e+04 8.143350977254405734e+04 8.143350977254405734e+04 8.143350977254405734e+04 8.143350977254405734e+04 8.143350977254405734e+04 8.143350977254405734e+04 8.143350977254405734e+04 8.143350977254405734e+04 8.143350977254405734e+04
