8.142349222472447523e-02 8.142349222472447523e-02 8.142349222472447523e-02 8.142349222472447523e-02 8.142349222472447523e-02 8.142349222472447523e-02 8.142349222472447523e-02 8.142349222472447523e-02 8.142349222472447523e-02 8.142349222472447523e-02 8.142349222472447523e-02
2.595884522379809378e-01 2.595884522379809378e-01 2.595884522379809378e-01 2.595884522379809378e-01 2.595884522379809378e-01 2.595884522379809378e-01 2.595884522379809378e-01 2.595884522379809378e-01 2.595884522379809378e-01 2.595884522379809378e-01 2.595884522379809378e-01
8.982553550473053594e-01 8.982553550473053594e-01 8.982553550473053594e-01 8.982553550473053594e-01 8.982553550473053594e-01 8.982553550473053594e-01 8.982553550473053594e-01 8.982553550473053594e-01 8.982553550473053594e-01 8.982553550473053594e-01 8.982553550473053594e-01
2.092806929266536109e+00 2.092806929266536109e+00 2.092806929266536109e+00 2.092806929266536109e+00 2.092806929266536109e+00 2.092806929266536109e+00 2.092806929266536109e+00 2.092806929266536109e+00 2.092806929266536109e+00 2.092806929266536109e+00 2.092806929266536109e+00
3.881190983606452871e+00 3.881190983606452871e+00 3.881190983606452871e+00 3.881190983606452871e+00 3.881190983606452871e+00 3.881190983606452871e+00 3.881190983606452871e+00 3.881190983606452871e+00 3.881190983606452871e+00 3.881190983606452871e+00 3.881190983606452871e+00
6.282871205142265048e+00 6.282871205142265048e+00 6.282871205142265048e+00 6.282871205142265048e+00 6.282871205142265048e+00 6.282871205142265048e+00 6.282871205142265048e+00 6.282871205142265048e+00 6.282871205142265048e+00 6.282871205142265048e+00 6.282871205142265048e+00
9.309092460733184637e+00 9.309092460733184637e+00 9.309092460733184637e+00 9.309092460733184637e+00 9.309092460733184637e+00 9.309092460733184637e+00 9.309092460733184637e+00 9.309092460733184637e+00 9.309092460733184637e+00 9.309092460733184637e+00 9.309092460733184637e+00
1.297100527230600164e+01 1.297100527230600164e+01 1.297100527230600164e+01 1.297100527230600164e+01 1.297100527230600164e+01 1.297100527230600164e+01 1.297100527230600164e+01 1.297100527230600164e+01 1.297100527230600164e+01 1.297100527230600164e+01 1.297100527230600164e+01
1.727365344739929398e+01 1.727365344739929398e+01 1.727365344739929398e+01 1.727365344739929398e+01 1.727365344739929398e+01 1.727365344739929398e+01 1.727365344739929398e+01 1.727365344739929398e+01 1.727365344739929398e+01 1.727365344739929398e+01 1.727365344739929398e+01
2.221776732554109657e+01 2.221776732554109657e+01 2.221776732554109657e+01 2.221776732554109657e+01 2.221776732554109657e+01 2.221776732554109657e+01 2.221776732554109657e+01 2.221776732554109657e+01 2.221776732554109657e+01 2.221776732554109657e+01 2.221776732554109657e+01
2.781772824032407598e+01 2.781772824032407598e+01 2.781772824032407598e+01 2.781772824032407598e+01 2.781772824032407598e+01 2.781772824032407598e+01 2.781772824032407598e+01 2.781772824032407598e+01 2.781772824032407598e+01 2.781772824032407598e+01 2.781772824032407598e+01
