0.000000000000000000e+00 1.289342144482361618e-01 2.579638702009106055e-01 3.871887374407378957e-01 5.167330211115768179e-01 6.466475631204957608e-01 7.770034864115586970e-01 9.082448580556956585e-01 1.039853654259786708e+00 1.172158793462585891e+00 1.305392921956809005e+00
0.000000000000000000e+00 2.295350711428909563e-01 4.595514450229529757e-01 6.902272916122456081e-01 9.221122491944697686e-01 1.155986633693828480e+00 1.391673057180014439e+00 1.629432604437170085e+00 1.870374024456396000e+00 2.114888139734830474e+00 2.362743554873304674e+00
0.000000000000000000e+00 3.824004338275699411e-01 7.663751665022573434e-01 1.153565975793753751e+00 1.545135726129956311e+00 1.942875082509999629e+00 2.348320101358694956e+00 2.762567703510285355e+00 3.187306999545398867e+00 3.623620325364754535e+00 4.072710156080574961e+00
0.000000000000000000e+00 5.087221688881982118e-01 1.020328308342868695e+00 1.538786860965046799e+00 2.067345113500778098e+00 2.608929777234152425e+00 3.166240651829866692e+00 3.742381946267414605e+00 4.339166433674108703e+00 4.959127546600939240e+00 5.603809245320007904e+00
0.000000000000000000e+00 6.087438087160990108e-01 1.222595347015158040e+00 1.847837429813807830e+00 2.489448224136140198e+00 3.151344003679696470e+00 3.838247798736119876e+00 4.555370486905303551e+00 5.303110007167560980e+00 6.087339491907187039e+00 6.909401547971356194e+00
0.000000000000000000e+00 6.902052720288338605e-01 1.388434166357910726e+00 2.102078305095346877e+00 2.838086493618902750e+00 3.603277460206300020e+00 4.403527830992970848e+00 5.242707392015290679e+00 6.125840136672195513e+00 7.056171858959714882e+00 8.035966655876109144e+00
0.000000000000000000e+00 7.586171035036386456e-01 1.527277175231574802e+00 2.316481919602665585e+00 3.134555305598041741e+00 3.989694175277691102e+00 4.888679400472028647e+00 5.838339989015366882e+00 6.841224637166305911e+00 7.902626703045825707e+00 9.024197868166083936e+00
0.000000000000000000e+00 8.172273536802094895e-01 1.646952107817924116e+00 2.501683325273916125e+00 3.391412412187492009e+00 4.326668808986141812e+00 5.315090720159787452e+00 6.362454636699112598e+00 7.475004399377212394e+00 8.654522060711315135e+00 9.903555261404108023e+00
0.000000000000000000e+00 8.682775703637162223e-01 1.751797201042791130e+00 2.664626746245630784e+00 3.618933738813211676e+00 4.625991352630080655e+00 5.695135961497726385e+00 6.832639035266765859e+00 8.043903354380745441e+00 9.330788349805516191e+00 1.069593525482196128e+01
0.000000000000000000e+00 9.137018106848699972e-01 1.844910303592769196e+00 2.809746682327386225e+00 3.822485324402805418e+00 4.895635904889786616e+00 6.038386399810406147e+00 7.258177052510291105e+00 8.559700458834413439e+00 9.945272510667564347e+00 1.141759202829052811e+01
0.000000000000000000e+00 9.545395801760605536e-01 1.928775688462337712e+00 2.940959592186118243e+00 4.007178464522439754e+00 5.140636680796887958e+00 6.351620581885072170e+00 7.647257216405705549e+00 9.032727870795497438e+00 1.051016829167929245e+01 1.207999228759581456e+01
