-2.295483931956914603e+01 -2.372859722716020769e+01 -2.418257916595393908e+01 -2.450414817345517804e+01 -2.475270471024487051e+01 -2.495479408035316737e+01 -2.512505627576683764e+01 -2.527170369028317509e+01 -2.540040899107407313e+01 -2.551497125748210237e+01 -2.561805915673539857e+01
-2.815577845763255027e+01 -2.904065220238408074e+01 -2.955251359697649605e+01 -2.991111225704662502e+01 -3.018594569213746581e+01 -3.040786054022100870e+01 -3.059358050917944638e+01 -3.075291436681436608e+01 -3.089225195599283325e+01 -3.101592531841015443e+01 -3.112693636487892945e+01
-3.194994944903373835e+01 -3.290308521415136056e+01 -3.344650025303417351e+01 -3.382380627154998365e+01 -3.411120212625974091e+01 -3.434248469700105488e+01 -3.453543971534600132e+01 -3.470030918667907827e+01 -3.484469508402253268e+01 -3.497237434810813284e+01 -3.508691279728736845e+01
-3.350500088347689598e+01 -3.447448671346137417e+01 -3.502304340300543117e+01 -3.540270060703187482e+01 -3.569122055033585639e+01 -3.592320852888951777e+01 -3.611639277988797403e+01 -3.628158240047923755e+01 -3.642569809078486287e+01 -3.655339961955905892e+01 -3.666808550911446218e+01
-3.426689413385975058e+01 -3.523816298731253482e+01 -3.578590647916644230e+01 -3.616405472264159471e+01 -3.645132777502294630e+01 -3.668186225412136992e+01 -3.687393016291389358e+01 -3.703818211261022952e+01 -3.718140475733889616e+01 -3.730830402138599311e+01 -3.742187565371932578e+01
-3.470775392168434337e+01 -3.567706308737251675e+01 -3.622243477951269597e+01 -3.659849261916315299e+01 -3.688405798971871263e+01 -3.711306977829735843e+01 -3.730398664121094043e+01 -3.746702578266922501e+01 -3.760910131868513417e+01 -3.773500176645757165e+01 -3.784767461950832512e+01
-3.499473158077671542e+01 -3.596094593200905365e+01 -3.650365190613229061e+01 -3.687769056153410929e+01 -3.716154675737561774e+01 -3.738932741143798921e+01 -3.757874331766652176e+01 -3.774074679073964944e+01 -3.788187226159789134e+01 -3.800705658584411140e+01 -3.811894667537490022e+01
-3.519736282840312924e+01 -3.616036676580552012e+01 -3.670059984552426613e+01 -3.707289018237497658e+01 -3.735517936637552339e+01 -3.758159616070406628e+01 -3.777003077484914684e+01 -3.793097978585865349e+01 -3.807125912638730370e+01 -3.819568794645965681e+01 -3.830684215177461738e+01
-3.534920649100240553e+01 -3.630914615173242055e+01 -3.684717764512242866e+01 -3.721769634373049485e+01 -3.749868783996862476e+01 -3.772393714701684075e+01 -3.791143590526189655e+01 -3.807152293587569147e+01 -3.821108194696716964e+01 -3.833479566824098583e+01 -3.844539642508243560e+01
-3.546809540499452851e+01 -3.642502409846201772e+01 -3.696110152132314397e+01 -3.733020210389076965e+01 -3.760990037001829478e+01 -3.783424246584763750e+01 -3.802093146513288957e+01 -3.818024128365868819e+01 -3.831920624812119058e+01 -3.844211545330836088e+01 -3.855238217000805889e+01
-3.556431941613482195e+01 -3.651854599159923964e+01 -3.705288608907721937e+01 -3.742065672980970703e+01 -3.769933601122465916e+01 -3.792282752971732407e+01 -3.810870092111144913e+01 -3.826737546480944729e+01 -3.840574232886865502e+01 -3.852810854533890961e+01 -3.863800774319679476e+01
