2.434399658666015931e+00
2.802830977872683871e+00
2.834347961241020286e+00
2.759481820171410860e+00
2.212684609673262415e+00
2.383356979025785360e+00
2.260930376945915476e+00
2.329803748234867911e+00
2.506868935491416206e+00
2.622989541573520711e+00
3.011287675512294815e+00
2.643766481700882132e+00
2.635283294988033376e+00
2.758813191819263988e+00
2.723741306620570679e+00
2.057465660269841567e+00
2.443683535509175275e+00
2.584043876657711625e+00
2.704047183872736237e+00
2.269179830584620472e+00
3.323568952273436405e+00
2.619713812269196307e+00
2.316754978759132388e+00
2.201535169018238314e+00
2.804477518389240753e+00
2.574456845173674679e+00
2.578871453225053401e+00
2.538636650880760737e+00
2.532497592604357806e+00
2.752767371418643361e+00
2.339060750696923208e+00
2.308644024565336128e+00
2.105866204754656579e+00
2.732072073773134324e+00
2.942408764764256723e+00
1.898008429249824935e+00
2.340623002618686943e+00
2.577050475260032947e+00
2.775413147859760787e+00
2.603528632835867995e+00
2.347748855831580439e+00
2.380873738611097412e+00
2.780215868561535242e+00
2.805597820398619824e+00
2.384068403682727322e+00
2.156080782249391259e+00
2.577902421027971513e+00
2.667553289799897698e+00
2.914437215483311139e+00
2.459802747365826381e+00
2.382837548790780691e+00
2.451442307627607065e+00
2.386485019077231762e+00
2.643858763648422094e+00
2.698041945363253369e+00
1.811169756277687837e+00
2.719966492650865764e+00
3.337992549927253805e+00
1.834853850280437459e+00
2.748940598469002072e+00
2.582877735663041463e+00
2.387304572186509599e+00
2.436168255498512902e+00
2.683534913093128083e+00
2.618771859732273555e+00
2.506470832403958848e+00
2.300111240285777736e+00
2.262103472706268992e+00
2.465605122098761814e+00
2.859913440988970823e+00
3.028811807509393716e+00
2.695047409547529416e+00
2.359046247427535103e+00
2.281234988733216174e+00
2.493112110036125539e+00
2.588209015709642014e+00
2.325319935665820736e+00
2.942833799586575427e+00
2.972836238440088596e+00
1.966376272936373626e+00
2.140741941151302008e+00
2.358075284902508617e+00
2.246326437202198711e+00
2.347267392742958592e+00
3.030236903025516515e+00
3.311611607405967383e+00
2.753720084971669202e+00
2.223866556505508907e+00
2.951367629341876242e+00
2.746828889700984710e+00
2.618524787260283926e+00
2.859509607014070198e+00
2.667484685109301257e+00
2.369135720297552705e+00
2.667911689994569624e+00
2.572258826103683838e+00
2.915777489712695569e+00
2.653002262610396844e+00
2.266952187097531102e+00
2.812053084839147399e+00
2.969275339944515757e+00
2.430296756461072238e+00
3.109875044655288967e+00
2.485941828999583159e+00
2.474145278368800493e+00
2.851684002480344038e+00
2.509536491692763160e+00
2.524788417479761904e+00
2.407472465618184732e+00
2.078882914944491844e+00
2.602358159057289289e+00
2.505855212795978115e+00
2.508965804131495947e+00
2.274427946757104024e+00
2.352360450385122981e+00
2.704345151030604910e+00
2.527345999397153875e+00
2.547205087431831494e+00
2.958415582840120184e+00
2.366079762185331337e+00
2.419236143477931034e+00
2.087717020903157916e+00
3.086504231080992700e+00
2.691901243952926848e+00
2.838880085382351925e+00
2.229573799662061262e+00
2.800701028871841469e+00
2.921656674005286725e+00
2.548038021541355391e+00
2.277773655437006717e+00
2.818181091167986096e+00
2.560531699535654848e+00
2.583609544137327685e+00
2.226418811495354699e+00
2.681016920369300394e+00
2.951660545528829616e+00
2.599718751099149294e+00
2.882305195226809502e+00
2.778217924144812390e+00
2.407544272679967179e+00
2.087546802911275812e+00
2.776755720129109317e+00
2.660911796930094830e+00
2.389707425088612336e+00
2.109417855645886686e+00
2.603774983089153672e+00
2.430910906114724934e+00
2.582319611138927051e+00
3.032532825318916991e+00
2.624799851141200513e+00
2.413819390819304633e+00
2.221736789894674047e+00
2.437089046243757107e+00
2.595663771007715503e+00
2.587059442639852325e+00
2.719685473866230829e+00
2.581408975703415543e+00
2.420701472800937726e+00
2.857697539641397277e+00
2.393982882278018476e+00
2.619288133419847231e+00
2.456701763204614419e+00
2.440395107186259960e+00
2.770960710300760521e+00
2.381751225188324383e+00
2.334321985035928471e+00
2.379300491896243930e+00
2.539280041485528550e+00
2.286384518129520593e+00
2.660966700582767963e+00
2.611012417840763433e+00
3.264623303716478464e+00
2.357483268334894966e+00
2.653346732444536560e+00
2.372592836803436800e+00
2.448136261685650794e+00
2.442119627363900758e+00
3.118243856121251767e+00
2.411052118010354128e+00
2.330691287945374501e+00
2.641332117960977666e+00
2.952828082041967672e+00
2.632338880887983734e+00
2.259588878058906403e+00
2.776957308811658809e+00
2.293436454177916861e+00
2.446423589616541161e+00
2.297147962510591945e+00
2.842103690727080689e+00
2.282545192802951206e+00
2.977443185922700852e+00
2.449118618294761962e+00
2.289467841771766210e+00
2.415684627227967507e+00
2.737700637640494428e+00
2.705310480868138967e+00
2.776408596638020754e+00
2.868305994840877560e+00
2.861056640398800255e+00
2.631678636220711187e+00
