-4.489552689086849568e+00
4.517012653957317525e+01
6.052331138010913492e+01
6.486570754851527454e+01
-3.803481554441987100e+00
1.527485676608648646e+00
-5.238978752777256886e+00
-4.340131129630208306e+00
1.451831621620749502e+01
1.181856110645048830e+01
9.785843966529273530e+01
3.017244181723390284e+01
3.168827380390939652e+01
4.216633707426490218e+01
-3.723638149465750757e+01
-5.989835960594973585e+00
8.625298239418953017e+00
1.183860770053797751e+00
-2.674374217545846477e+00
4.700769529260014679e+00
9.792286233489357983e+01
4.386237770720526896e+00
1.017908960358454351e+00
-5.034664768638322130e+00
2.296757520503160777e+01
-1.874694256446900908e+01
3.384359751678402972e+00
9.952204456631079665e-01
6.984379407645974425e+00
1.161941501355568107e+01
-7.548088796501360775e+00
-4.528296289018726384e+00
-4.385587582452444622e+00
-5.973158216982938029e+00
5.206550046452730385e+01
-1.683890199347843009e+01
2.910194749929814861e+00
1.650537411650748254e+01
4.918820448806172863e+01
1.762734609219114645e+01
2.352790775616540486e+00
3.061271932330328127e+00
3.620614440201234174e+01
-7.770887542961190775e+00
-1.677729303346040979e+00
-4.124360441229782737e+00
5.738141302734675264e+00
2.953538134768132295e+01
9.830115446494392017e+01
8.168576198208938877e-01
4.131728121361447847e+00
1.003466011604541563e+01
-1.148034941245896334e+00
3.182888922460688264e+01
3.801374562687306025e+01
-4.055323584140492130e+02
2.003869888467397686e+01
9.797294834354897830e+01
-2.941596176124166959e+02
1.267824043635937414e+01
4.655034067497399519e+01
-5.550850713694217120e+00
5.995854926528409123e+00
1.442127384780678767e+01
-3.765003800977865467e+01
-2.406257627736295035e+01
-3.562569984089350328e+00
-7.968387368872299703e+00
2.353446801987956860e+00
2.574154521142327212e+01
2.682933799475586056e+01
3.670901450329165527e+01
-6.200111349927738047e+00
-4.475608999498035701e+00
1.047336017992347479e+01
1.441038802491220849e+00
-3.859569252233995940e+00
6.127458167477698225e+01
-4.272506969637834118e+01
-3.525574559839242283e+01
-5.421536774720607355e+00
-7.683774796532816254e-01
-4.008282191625767155e+00
-1.261480199185962192e+01
9.810220675313348693e+01
9.814091186301629932e+01
1.427856957973290264e+01
-7.250316115545956563e+00
1.439713046475662850e+01
4.162610458103517885e+01
1.328829403573217860e+01
2.697758458870703180e+01
4.214511847230869535e+01
-3.899430982359717746e+00
-8.299743723122446681e+00
2.520290854379936718e+01
1.235494404018891146e+01
3.335014434841741604e+01
-7.674559945182863885e+00
-4.666345388617219214e+01
9.837861360621491258e+01
-6.028762315828316787e+00
9.823657856111640285e+01
3.353023940975344885e+01
1.286280145854107104e+01
3.285607505272628259e+01
2.173962163783426149e+01
-2.459496412145290378e+01
5.915305424423422664e-03
-4.433881910137188243e+00
2.605385996273980709e+00
2.285520522010074274e+01
3.075462762690631280e+01
-9.007957753749451513e+00
9.260316772470105207e-01
1.071319254340596672e+01
9.990981309139442601e+00
2.614004363713002022e+01
3.159952518006275568e+01
4.376210420885399799e+00
2.315738235208209517e+01
-7.413863797483372764e+00
9.794506687750163110e+01
5.935859319190058159e+00
4.019013047685302809e+01
2.097517474128380854e+00
4.427168625525382595e+01
-6.744265716885820439e+00
1.517342861464749149e+01
-4.201161215280080796e+00
4.435073682901429493e+01
3.802008923362336645e-01
1.540620696645282806e+01
-1.921318121194872219e+00
9.880149089114638628e+00
-8.078279843511791114e+01
3.556420105452025382e+01
2.074511540131652509e+01
9.359508882825139153e+00
4.417492894371207512e+00
-4.389590332294574182e+00
5.727825348321130150e+01
1.253165472500177202e+01
-2.699649642705935548e+00
-5.378357214417974319e+00
2.160000230476680372e+01
2.187755224227203144e+00
2.450217726107757699e+01
6.200586359151157012e+01
4.542494314360374119e+01
5.552793771568758530e+00
-5.780222316700928786e+00
2.321529378097693552e+00
1.139117100069142907e+00
2.569917879377408099e+01
4.463883067426422713e+01
2.367623217814843883e+01
1.724901993019193469e+01
3.473976480629653452e+01
1.121451704324317689e+01
3.364730189503461588e+00
2.665579802685897448e+00
5.439354245418144274e+00
2.925021227783918221e+01
5.407163683906674123e+00
9.240765618497789546e+00
2.873698686832540261e+00
1.336152290220798022e+01
-5.503597558163164649e+00
2.317506850306790511e+01
2.958672179898712784e+00
6.464966822913720534e+01
7.234960945749662642e+00
4.136893500609812691e+01
-2.939582562106352270e+00
6.925393036288369331e+00
1.167019414368360231e+01
9.787285321254466908e+01
2.466575202188323601e-01
1.033402284789190162e+00
7.209233435195073980e+00
1.318956644438594594e+01
9.738879771551637532e+00
-6.163767194015690620e+00
4.620592954842595645e+01
-5.363608397163716290e+00
-7.905295181719793618e+00
-6.742919702745894028e+00
2.737444481054944845e+01
-8.491372716915066121e+00
1.181741013256942097e+01
5.350570796742431412e+00
-8.364477048909975565e+00
-1.665354531322009279e+00
1.066900327531084258e+01
4.737028935307807842e+01
4.333008576928023103e+00
-3.573803553243396891e+01
-2.991824432969997360e+01
1.324865146306956376e+01
