1.132693624294827117e+02
1.180130945255726971e+02
1.153694276584856055e+02
1.152960510072268789e+02
1.083332229379883529e+02
1.136152428540818988e+02
1.123116730435865662e+02
1.140494420266946065e+02
1.125507739978803272e+02
1.154311779534313871e+02
1.159880280120377734e+02
1.139631811781647173e+02
1.131666563171480675e+02
1.160546451315511689e+02
1.184688415761031450e+02
1.051793953021112458e+02
1.119724734520363540e+02
1.168822431272707547e+02
1.167489406985157245e+02
1.093196665987797758e+02
1.208522024456574684e+02
1.152330105592318858e+02
1.087963907263128789e+02
1.077184379589759544e+02
1.202286217520406524e+02
1.179398074638420439e+02
1.139047840178921405e+02
1.144344219254603843e+02
1.132245621303057135e+02
1.165256293278225286e+02
1.101030985678184351e+02
1.142547576856371592e+02
1.088757836471579452e+02
1.179758397579747395e+02
1.169528957637723749e+02
1.045369133140749511e+02
1.093534441801334083e+02
1.157334290107550743e+02
1.170037736607586112e+02
1.155192204426186038e+02
1.124263860400107262e+02
1.114832555499616262e+02
1.163171287509661767e+02
1.206457585725701449e+02
1.129533243825542286e+02
1.086886650348417191e+02
1.153772320522401458e+02
1.139234955160151657e+02
1.141027302577406886e+02
1.121918543606747107e+02
1.096795353647722777e+02
1.122895807651356535e+02
1.105434655985146009e+02
1.142582872601060160e+02
1.154816340431561486e+02
1.040636435883952231e+02
1.172481525960461113e+02
1.220765214168093706e+02
1.026806565178103625e+02
1.172133021137573223e+02
1.108909687500369046e+02
1.114652569837830924e+02
1.119091487326992933e+02
1.158901656448281727e+02
1.195018611707178451e+02
1.173868259749764746e+02
1.121121631996270906e+02
1.114193055884965560e+02
1.113568353391806340e+02
1.173167918195204749e+02
1.191167000560715508e+02
1.132157674418004376e+02
1.129201292093669906e+02
1.097895732137608320e+02
1.138861954140705848e+02
1.165771999323222587e+02
1.109530204926148542e+02
1.202803884944566448e+02
1.226405162714703465e+02
1.037676586783347972e+02
1.099453210285873723e+02
1.112573732381632681e+02
1.096805417391562969e+02
1.132333949231957320e+02
1.193610792817581512e+02
1.242282131115085662e+02
1.173196089861438907e+02
1.086199988728817374e+02
1.194490897802213567e+02
1.137962737184160034e+02
1.162296773148066222e+02
1.172843848967482927e+02
1.157995068154754961e+02
1.123555383146904916e+02
1.164319076326425773e+02
1.125331364940561940e+02
1.207554189791550527e+02
1.152576754321616477e+02
1.086947599246631029e+02
1.209645023401096893e+02
1.185849675024320504e+02
1.136346452026663769e+02
1.210366727129703008e+02
1.106571051075895298e+02
1.104152615899538432e+02
1.156952741748037141e+02
1.129462911893554775e+02
1.150853902059888014e+02
1.109966862453668028e+02
1.091688570329122285e+02
1.152887284179049630e+02
1.146487845199918638e+02
1.104927867590773189e+02
1.107774683003856069e+02
1.112138262678954277e+02
1.174251152312336757e+02
1.135857150287237118e+02
1.137735972575713248e+02
1.196381561149175354e+02
1.116661487490276983e+02
1.105437829350803582e+02
1.063857778958660134e+02
1.158276289242589314e+02
1.166566632821406131e+02
1.161856436590125270e+02
1.089235025277384352e+02
1.161729440272228402e+02
1.196516519143531809e+02
1.133540440565998608e+02
1.089614560422668319e+02
1.167723630580782412e+02
1.158080520781080907e+02
1.146042561668349293e+02
1.103067343054669891e+02
1.154525660815020274e+02
1.245390607324574859e+02
1.123946711992475542e+02
1.203400617517531543e+02
1.177050505899711368e+02
1.105880574136533596e+02
1.072473849838495994e+02
1.154336241964865764e+02
1.183646491634601716e+02
1.115781718727883458e+02
1.077408799618984148e+02
1.138956476377564684e+02
1.129157424697847318e+02
1.138683834846074774e+02
1.199145162885567544e+02
1.117313766656980221e+02
1.134949831230065769e+02
1.127987950172811509e+02
1.127223967937185591e+02
1.152140319732764482e+02
1.119692121732878718e+02
1.147819377305359865e+02
1.145535768241855266e+02
1.110117629761537614e+02
1.184468221019811693e+02
1.109396084717230195e+02
1.153602427305723950e+02
1.142799727259875908e+02
1.104872722792451611e+02
1.178880570827778058e+02
1.101585928071865084e+02
1.096310735436946970e+02
1.120923447889676936e+02
1.140464385435996064e+02
1.107084691932608678e+02
1.160567507475929432e+02
1.168324035288895431e+02
1.217803818028854010e+02
1.124099647677696368e+02
1.145938732513797333e+02
1.130875027132754838e+02
1.155435810517749786e+02
1.104176196310426690e+02
1.182917812917451101e+02
1.125759411184687480e+02
1.111283056082744736e+02
1.146309469636703824e+02
1.192886159262153285e+02
1.177312527977855723e+02
1.073143388804307961e+02
1.163307505946380047e+02
1.083823340703720959e+02
1.126929271608387495e+02
1.090119042239438301e+02
1.175412204239578671e+02
1.106788376523002029e+02
1.207801111271836305e+02
1.128466304803624780e+02
1.124357962588228190e+02
1.137046914757123659e+02
1.177686462406532542e+02
1.168528135640095087e+02
1.188090684038342886e+02
1.194390357708632990e+02
1.224574681855403497e+02
1.166197117530689127e+02
