9.839055119392014603e+01
1.056370184265233547e+02
1.129982972406060071e+02
1.173007887527201092e+02
9.843876323453514487e+01
9.891066928555756022e+01
9.826760974590706610e+01
9.810937858787292498e+01
1.010301330292345483e+02
1.001140238294697156e+02
1.300449909760891387e+03
1.034554612294168692e+02
1.035044647383906522e+02
1.052239532676458111e+02
9.775301753754183665e+01
1.001688406429270799e+02
9.997494551470254009e+01
9.908845218049236792e+01
9.922568741359555133e+01
9.920494831470477948e+01
1.336146382036977229e+03
9.928491126556764357e+01
9.852730183292305810e+01
9.846262945276748724e+01
1.031275285492224612e+02
9.787037995886657882e+01
9.999547312955837697e+01
9.922972052524846731e+01
1.004349946497868586e+02
1.006805559354820616e+02
9.807772040942336389e+01
9.808843322198254100e+01
9.865995970974609008e+01
9.934489874743576365e+01
1.106668962656176518e+02
1.031445355682117224e+02
9.914280185933739631e+01
1.012181057372335999e+02
1.086817625660141857e+02
1.004748553646140863e+02
9.861391520614824913e+01
9.874152488023901242e+01
1.042408442300520619e+02
9.965245317847893602e+01
9.825733117725258126e+01
9.975626247853324458e+01
9.947141436566698758e+01
1.030099902823462799e+02
1.329816848788762854e+03
9.878918721851096052e+01
9.885515631942371328e+01
9.973024394855519859e+01
9.848975194099966757e+01
1.032330725894162242e+02
1.043814947573405334e+02
7.886111983535329273e+01
1.024133587209989855e+02
1.324330351450594662e+03
8.528853742256524129e+01
1.011337515102659381e+02
1.063066755596141775e+02
9.866366238730915939e+01
9.942148173206032880e+01
1.014264848909074317e+02
9.725851185257215548e+01
9.729912851665449125e+01
9.835311852404038291e+01
9.779301560665680881e+01
9.930941664107467659e+01
1.027462927180708903e+02
1.044776730624857919e+02
1.039653757736541593e+02
9.795902642434839436e+01
9.835772936161129110e+01
1.001844841771962820e+02
9.960322918623796795e+01
9.826721326424967629e+01
1.138957504856293781e+02
9.747947673429507631e+01
1.009414944194677446e+02
9.836180167187421830e+01
9.829886729353256669e+01
9.844440611979825917e+01
9.775297159992487650e+01
1.335027402050421188e+03
1.387115522721900106e+03
1.012984500281791043e+02
9.788679433445395262e+01
1.031010880270891903e+02
1.045819391107106640e+02
1.009661293064041274e+02
1.027852635333542821e+02
1.055510752694813164e+02
9.823175510396868049e+01
9.929729683936693618e+01
1.012382238367767968e+02
1.021023484199727136e+02
1.031076442546504950e+02
9.846222441794270708e+01
9.713056306767975911e+01
1.421835731099150507e+03
9.845351816605580098e+01
1.380067095560373673e+03
1.032053233938213452e+02
1.007345091679967481e+02
1.040815731253146623e+02
1.019748733803162395e+02
9.757547874636838969e+01
9.886962652936927043e+01
1.034518029289361039e+02
9.990834004788894163e+01
1.018080648000482142e+02
1.030836722428771282e+02
9.791665005049708270e+01
9.851463518346281489e+01
1.007571710051020091e+02
9.996441851575946203e+01
1.020238544620256107e+02
1.048015546385049674e+02
9.895036696018041766e+01
1.014992325199818879e+02
9.868901784302897795e+01
1.354879630974950487e+03
9.885566896232285217e+01
1.063361940858508206e+02
9.890954598202051784e+01
1.073033386195875210e+02
1.002237912148530086e+02
1.009958417394277603e+02
9.838502570533273683e+01
1.059718468771084190e+02
9.885373950379198504e+01
1.011894023718941753e+02
9.852518566411526990e+01
1.002219096622120560e+02
9.569490538184300021e+01
1.033825778839363920e+02
1.038728890536422114e+02
1.008603323686452313e+02
9.862196159025370434e+01
1.040352711056625594e+02
1.093548126645100638e+02
1.007069408788761393e+02
9.816146005413156672e+01
9.921710792028761716e+01
1.027417367720572656e+02
9.890195429759523904e+01
1.026349306440365581e+02
1.157163713738282240e+02
1.060783718401930855e+02
9.946690272415526124e+01
9.852236081965429548e+01
9.869850600577001387e+01
9.930308572376088705e+01
1.019054024190313612e+02
1.060979988390040489e+02
1.017346926559366693e+02
1.002339591847521660e+02
1.050495162416109451e+02
1.005683695314723991e+02
9.972692227966808787e+01
9.903057733606510737e+01
9.962662170724661337e+01
1.030027768794707299e+02
9.902324696643518109e+01
9.973648444918671885e+01
9.894425089956075681e+01
1.005584397793541029e+02
9.849917467139857763e+01
1.017781953149792571e+02
9.942657051696824055e+01
1.179123489496428192e+02
9.975178248592874297e+01
1.057930126751289208e+02
9.814619016047936384e+01
9.909089964188706290e+01
9.982614610084965534e+01
1.338153891608075810e+03
9.854773544095178295e+01
9.855575361147930380e+01
1.001392957262005439e+02
1.029580387452560899e+02
1.000152229766104028e+02
9.820059401818616607e+01
1.069712571922705138e+02
9.834333620321149283e+01
9.900481103526817606e+01
9.836519289745319838e+01
1.043694529273852822e+02
9.805428570175490677e+01
1.014198874295934729e+02
9.907022183414983374e+01
9.800263016916096603e+01
9.850131795445668104e+01
1.005828843695039723e+02
1.076456448366498080e+02
1.007334677983617439e+02
9.858190203832600673e+01
9.839723521822543262e+01
1.002910122434846016e+02
