1.133059206850456064e+02
1.180203164984786497e+02
1.153750349765547298e+02
1.153495905288179131e+02
1.083401771944109271e+02
1.136381013712450283e+02
1.123188582763032883e+02
1.141108075267110848e+02
1.125572977882421242e+02
1.154357305623677945e+02
1.159955266651297450e+02
1.140474664435944305e+02
1.131747001610867471e+02
1.160725665523629431e+02
1.184750221473067313e+02
1.051922621319255313e+02
1.120327097421440072e+02
1.168872334002675757e+02
1.167557963444694593e+02
1.093252612448391119e+02
1.208649609063429153e+02
1.152489967634202799e+02
1.088010472862602001e+02
1.077950830161923079e+02
1.202415479444773325e+02
1.179462832855322603e+02
1.139204558374499072e+02
1.144923749505904738e+02
1.132391418881511100e+02
1.165719186696087917e+02
1.101140639296280028e+02
1.142622671664391589e+02
1.088793352350189707e+02
1.179850087489875108e+02
1.169589361293681122e+02
1.045652076519674836e+02
1.093783617899774754e+02
1.158530597728783391e+02
1.170667338671547242e+02
1.155258706095689689e+02
1.124361346019107941e+02
1.114936564871087086e+02
1.163278856998975783e+02
1.206526170659344643e+02
1.129571613015195624e+02
1.086936325553098612e+02
1.154208800048741068e+02
1.139285675690527739e+02
1.141525681444780389e+02
1.121967201718268399e+02
1.097515618580706018e+02
1.122940794597343626e+02
1.105625061897582526e+02
1.142692451624538421e+02
1.154943503559132125e+02
1.040707141912601088e+02
1.172583100955061184e+02
1.221233738193049732e+02
1.026862065509455704e+02
1.172341670638220279e+02
1.109183644251529586e+02
1.114698002560340626e+02
1.119554966451983091e+02
1.159158845150459598e+02
1.195091638629278634e+02
1.173934631531001571e+02
1.121247462836725646e+02
1.114744205169974691e+02
1.113648040696324699e+02
1.173248687249555218e+02
1.191649844735439956e+02
1.132305605180029886e+02
1.129274461798986096e+02
1.098596849508463436e+02
1.138947183794509073e+02
1.165910407146864145e+02
1.109740719090108882e+02
1.202864974555714213e+02
1.227666526269649268e+02
1.037732527297503680e+02
1.100526139807935095e+02
1.112681149436965029e+02
1.097061311569239734e+02
1.132421108688124036e+02
1.194154221896290693e+02
1.242357447191021436e+02
1.173270245634219293e+02
1.086302907594971572e+02
1.195121457910396714e+02
1.138018273047817388e+02
1.162381704154595781e+02
1.173061719229533821e+02
1.158065286303176578e+02
1.124149913489242181e+02
1.164388835924451371e+02
1.125465898062863062e+02
1.207613502822556626e+02
1.152645765531354982e+02
1.087185442431538718e+02
1.209898104633575713e+02
1.185953234672150103e+02
1.136383781019381018e+02
1.212359964302464164e+02
1.106623198253837899e+02
1.104234676911232356e+02
1.157114289519996362e+02
1.129516123533832683e+02
1.151259887787405205e+02
1.110070064586002445e+02
1.091809228662698246e+02
1.152949379744830907e+02
1.146678920931173735e+02
1.106535337921728370e+02
1.107823662900047879e+02
1.112178190686673531e+02
1.174310757989206166e+02
1.136021699750392457e+02
1.138535434537462834e+02
1.196979963949924013e+02
1.116774514913006584e+02
1.105494313627769287e+02
1.063956367674045680e+02
1.158468085251509621e+02
1.166639028361726247e+02
1.162006754430076256e+02
1.089299772992279998e+02
1.161788518030832904e+02
1.196569424984250816e+02
1.133804477524048195e+02
1.089762804135535674e+02
1.167767153412883800e+02
1.158156638997387518e+02
1.146438150667803768e+02
1.103115070075210866e+02
1.154890843628542143e+02
1.246783941585805877e+02
1.124000834653900966e+02
1.203511055540332535e+02
1.177153504870502303e+02
1.106209593177685804e+02
1.072520331164730436e+02
1.154501374613505362e+02
1.183744121955961788e+02
1.116599096047588660e+02
1.077498690100327821e+02
1.139094096970167129e+02
1.129266168898206644e+02
1.138826796139066033e+02
1.200047085012433712e+02
1.117367002144028163e+02
1.136220084118731677e+02
1.128104798119458110e+02
1.127306106576685494e+02
1.153633705985238151e+02
1.119786916631102969e+02
1.147910363936383789e+02
1.145589155074922729e+02
1.110166417342915963e+02
1.184703667872009305e+02
1.109585203598658154e+02
1.154098070352796839e+02
1.142864848607959090e+02
1.105514485581908133e+02
1.179189644443945042e+02
1.101709698636340988e+02
1.097177761584258491e+02
1.121292372471463494e+02
1.140517847159893279e+02
1.107147488712840442e+02
1.160768028878515707e+02
1.169332220216545437e+02
1.218396093722712124e+02
1.124193334284890682e+02
1.145993226501146864e+02
1.130917530030735492e+02
1.155583215886960886e+02
1.104224534637591404e+02
1.182972454730001886e+02
1.125862861146862173e+02
1.111452003484938444e+02
1.146383041460748586e+02
1.192977405535284277e+02
1.177532718788277180e+02
1.073172883762637326e+02
1.163367487472286825e+02
1.084393083452079907e+02
1.127072748940507978e+02
1.090227065174577632e+02
1.175525614977185143e+02
1.106876309553988307e+02
1.207942582535422957e+02
1.128767551714391573e+02
1.124781128184411614e+02
1.137111481581677168e+02
1.178349856618116434e+02
1.169253074938013981e+02
1.188764278557979139e+02
1.194460225363515917e+02
1.225968532446127455e+02
1.166865875898269849e+02
