4.707143372578876779e+02
2.490921597141739880e+02
1.837730754929259547e+02
1.655597405199073364e+02
4.675398394924458216e+02
4.429840405183662710e+02
4.741857217898769363e+02
4.700226750184702951e+02
3.839570857040109217e+02
3.961303258674079757e+02
3.080573471514880524e+01
3.143222854365333774e+02
3.076642046686955609e+02
2.620425742328004048e+02
6.261313858394660201e+02
4.776676570651107454e+02
4.105919730876987046e+02
4.445609611859838424e+02
4.623224936064262920e+02
4.284598111283206663e+02
3.054872420721268256e+01
4.298963623055801690e+02
4.453228168828091498e+02
4.732389402394387616e+02
3.461722681021573749e+02
5.374320607619257544e+02
4.344767080349167827e+02
4.454269905786584332e+02
4.180501385134528505e+02
3.970302127697048604e+02
4.849062658833298087e+02
4.708937040834422305e+02
4.702330734257381550e+02
4.775902750231763321e+02
2.195766424710676006e+02
5.284198595554032636e+02
4.366468672235901636e+02
3.750284979873471798e+02
2.318569666874767279e+02
3.699986586504457478e+02
4.391999616205818029e+02
4.359552500311573908e+02
2.879076055039656126e+02
4.859426280333926229e+02
4.577245614945194916e+02
4.690241609392310238e+02
4.237266312673762627e+02
3.171249087671437223e+02
2.904001974903838601e+01
4.462460618060892443e+02
4.310592701548417267e+02
4.042007886362816294e+02
4.552836578700816972e+02
3.070473211335241785e+02
2.800394929023026407e+02
3.114301021894744736e+03
3.592166945929941448e+02
3.034892507908493187e+01
2.180479174908180539e+03
3.922487225573789260e+02
2.431605076110451478e+02
4.756314824937936123e+02
4.225519057053523397e+02
3.843938069356149185e+02
6.281446313965930131e+02
5.626772656611725552e+02
4.664259005531282014e+02
4.868616012463891138e+02
4.391969555526902127e+02
3.338696013103854057e+02
3.290588995381067434e+02
2.857166288561401757e+02
4.786434674024628748e+02
4.706497863020011891e+02
4.022141014269757875e+02
4.433806754607139169e+02
4.677992383908116949e+02
1.806138735380293667e+02
6.529490221478640706e+02
6.165094167824317992e+02
4.750319330812720864e+02
4.535353360956711413e+02
4.684871236776402270e+02
5.085605923117809084e+02
2.983336276797344766e+01
2.967900114813633294e+01
3.850361352820652314e+02
4.835217001476306677e+02
3.845024695295654169e+02
2.643777259630458616e+02
3.894972272156360305e+02
3.284038834046614284e+02
2.621342568388567429e+02
4.679836074029989277e+02
4.884040270335837022e+02
3.362545443999608779e+02
3.937078812635094209e+02
3.003816585197695304e+02
4.854945116201033670e+02
6.723320724542764992e+02
2.873119629879388981e+01
4.778482766259023720e+02
2.929750448392983486e+01
2.995935217503933359e+02
3.914160429764329479e+02
3.025448857600814563e+02
3.516343776828283580e+02
5.652169547950862807e+02
4.499727992125577316e+02
4.704566228702115041e+02
4.380427285174694703e+02
3.466716943397377690e+02
3.117633636013231921e+02
4.917032628074944682e+02
4.457446907546226953e+02
4.011285497574401120e+02
4.043986624523950582e+02
3.321063707024711107e+02
3.080536126952204086e+02
4.299421710048769683e+02
3.453288618376916475e+02
4.842820776709388042e+02
3.046014587123924855e+01
4.228253409333527202e+02
2.705936625946071103e+02
4.403699080041120624e+02
2.529597261129864592e+02
4.811701190877654426e+02
3.810105169327175076e+02
4.693795319833220105e+02
2.526192298338408477e+02
4.482521837333701455e+02
3.799642138084121825e+02
4.588477024524304966e+02
4.049008124872390226e+02
8.453184299745643102e+02
2.907068587197386478e+02
3.560653418085216799e+02
4.072607969984076703e+02
4.297535815639584484e+02
4.702516011244147194e+02
1.974583770092958446e+02
3.929102324239178756e+02
4.624391888767788146e+02
4.748317618876416191e+02
3.522560509308697760e+02
4.399562871827795334e+02
3.393600332510960129e+02
1.775420051890998252e+02
2.479961558857383181e+02
4.245717725839069772e+02
4.766952245405562962e+02
4.393432121500335370e+02
4.447663529168288505e+02
3.340571202631653023e+02
2.513786481988811943e+02
3.430245617338926536e+02
3.716937744722017101e+02
2.943057475000344994e+02
3.988606575412875941e+02
4.345665181495812703e+02
4.377670226484351019e+02
4.250891455196626225e+02
3.183803042531097276e+02
4.252359755968269610e+02
4.077992985837221909e+02
4.368139661966324638e+02
3.891671140394555550e+02
4.754123850908614486e+02
3.452502856158371856e+02
4.364249250785671279e+02
1.664631902776723678e+02
4.169100367927923685e+02
2.654899859350593943e+02
4.635471665226174309e+02
4.183185779878082826e+02
3.968007304351883704e+02
3.074823067968245738e+01
4.488659807949219953e+02
4.452516817383831267e+02
4.170270728111788685e+02
3.899423445482342458e+02
4.055409845798089918e+02
4.784747855642186209e+02
2.446395459136241186e+02
4.747633925048904757e+02
4.865680015252302155e+02
4.811638666397114434e+02
3.266510899773510346e+02
4.892963891708660071e+02
3.961355260397340317e+02
4.254941285427212847e+02
4.887054430692438132e+02
4.576675147565584894e+02
4.013285342678530014e+02
2.396422984598930839e+02
4.301395410916045989e+02
6.188496996259749494e+02
5.907245818330352449e+02
3.896759495189594986e+02
