2.810724706157995456e+01
5.800098389746620953e+00
-2.074130872959270988e+01
-3.663781298014801280e+01
2.800328293949738168e+01
2.680656427957629617e+01
2.850141897947434444e+01
2.924917745984904371e+01
2.004994036045484407e+01
2.333489479719661119e+01
-2.433572184322246358e+03
1.246692185921873985e+01
1.246383063991414453e+01
7.039543359484057738e+00
2.629406221733707838e+01
2.081970771678118126e+01
2.348161652068840510e+01
2.605470164258172616e+01
2.501082080857781520e+01
2.604059117854340144e+01
-2.470263326500391486e+03
2.568254930487321630e+01
2.826851064505195410e+01
2.774908374958438628e+01
1.284867971577495283e+01
2.832408772119320872e+01
2.272977858407981699e+01
2.546810204175719861e+01
2.144713359432993371e+01
2.106545392768829927e+01
2.896153847674326798e+01
2.930861820698622466e+01
2.704538013269286623e+01
2.410639639055635897e+01
-1.283877840766683143e+01
7.502645112753845602e+00
2.605937039387226051e+01
1.955826645686244447e+01
-5.525880239142105133e+00
2.263699688514461883e+01
2.809361166813457444e+01
2.767568260993017049e+01
1.014158875733567378e+01
2.264390003515872962e+01
2.900033514466322870e+01
2.270807528204657189e+01
2.511350238446378924e+01
1.413567961028451059e+01
-2.463559623493508752e+03
2.719946456339629393e+01
2.735956389701692260e+01
2.463106417809426674e+01
2.814119481815444246e+01
1.354560699637653265e+01
9.815561328459065038e+00
3.919190178555715676e+01
1.528911718793306562e+01
-2.458197016053789866e+03
3.499612980499584580e+01
1.940642173841595763e+01
3.364148493732325829e+00
2.687968777593644276e+01
2.534472046671062628e+01
1.847067951381485784e+01
2.823450427731545531e+01
2.991211367754079475e+01
2.837613224725192396e+01
3.004560320956446162e+01
2.532520399956870705e+01
1.469746755753783596e+01
8.036561927391216997e+00
1.128157320933975249e+01
2.961024140072986555e+01
2.824007835163362401e+01
2.288533026845287566e+01
2.403910023619374314e+01
2.868080907275853519e+01
-2.408773111883178331e+01
2.663804131098929773e+01
1.373022966112568888e+01
2.810166848726198197e+01
2.895100057061295828e+01
2.795435711044492066e+01
2.960196603756118705e+01
-2.468998778141040020e+03
-2.520553838124946651e+03
1.895863886133348686e+01
2.976339695790037609e+01
1.185668196357972981e+01
9.478003503340762137e+00
2.014712314023962136e+01
1.469908791401004500e+01
5.761517539958469492e+00
2.881723524257587243e+01
2.399162792410142586e+01
2.056664778909971858e+01
1.553564889104757540e+01
1.422601572979055362e+01
2.740837815610272798e+01
2.750049134478205914e+01
-2.553448801378604003e+03
2.765680449490295700e+01
-2.513643592522025301e+03
1.386530109260603716e+01
2.100969944691471625e+01
1.034797901462716929e+01
1.723160697393678120e+01
2.872928025991702583e+01
2.677510840039839835e+01
7.981200305795296934e+00
2.297577830572100410e+01
1.802884527605725395e+01
1.399823763737827598e+01
2.941637770285597142e+01
2.830726033622911331e+01
2.064670766805019397e+01
2.369670662816427509e+01
1.758907337851589503e+01
7.371497445967048812e+00
2.701183479560678791e+01
1.928373206675052742e+01
2.653629685463057797e+01
-2.489058880524446522e+03
2.758633082689996741e+01
2.458488194053527032e+00
2.688390201091812770e+01
-7.935774451210163560e-01
2.050131544534349715e+01
2.026843880479968973e+01
2.816650418215012053e+01
4.395295271286275174e+00
2.688639716814504865e+01
1.953270383431669188e+01
2.790066792981885513e+01
2.266166094116214680e+01
2.842437395021319446e+01
1.342185694552678576e+01
9.634606403862125745e+00
2.006520500709628863e+01
2.832382385801011537e+01
5.675417696303222570e+00
-7.122180171234067103e+00
2.107682483549648822e+01
2.925194577758572834e+01
2.469371737689897373e+01
1.419352814119914541e+01
2.692565117692109311e+01
1.497987289084121620e+01
-3.096147700987895846e+01
4.113395535877906184e+00
2.510781978643126777e+01
2.741409546953393317e+01
2.775276418493082886e+01
2.519456484610121549e+01
1.800043085000896781e+01
3.939852484140545119e+00
1.842056935516698246e+01
2.354238845318416296e+01
6.796449265551752994e+00
2.145829848654707916e+01
2.379455690119462119e+01
2.647469886255730032e+01
2.445871146960370268e+01
1.412845443338993867e+01
2.685292043094010950e+01
2.450584317994257333e+01
2.684483568078605487e+01
2.176977629159297933e+01
2.754250454228324685e+01
1.818655402042670133e+01
2.493672589289024444e+01
-3.899518322814302707e+01
2.419046189872687691e+01
4.722200446557719644e+00
2.928212191349128091e+01
2.677639030052628399e+01
2.445721498726634380e+01
-2.472330965798123088e+03
2.808857996123563439e+01
2.815712051077746025e+01
2.264906850952887751e+01
1.226483828413812383e+01
2.346326511424221195e+01
2.864963420503167413e+01
7.380279750186018450e-01
2.818289736971957637e+01
2.521102455697674216e+01
2.791704333479190225e+01
8.530094657004344327e+00
2.893292122047534320e+01
1.816467273555742423e+01
2.665894347785599550e+01
2.915595918000861886e+01
2.802872038605622862e+01
2.133142979206843393e+01
-1.735938772875349922e+00
1.992164008181495660e+01
2.315750375129748306e+01
2.470271120243519647e+01
2.281433677743515176e+01
