3.953230700881568804e+00 4.588680801882413007e+00 5.328049636060205430e+00 6.173282456090738002e+00 7.138816626858311309e+00 8.225446535809274096e+00 9.423970276226825149e+00 1.075448174183926753e+01 1.225120697896188382e+01 1.393219733970466301e+01 1.580608856607044821e+01
4.872972755184052929e+00 5.709294098109752191e+00 6.693939565452565077e+00 7.844476008026454394e+00 9.150509105387158115e+00 1.060358867432161212e+01 1.223979492981127670e+01 1.408853138213437006e+01 1.614700169082976089e+01 1.843565967772245173e+01 2.100070366157988033e+01
7.825408008705853291e+00 9.411648076249884198e+00 1.132066653177202475e+01 1.354517258281747161e+01 1.613504326726842919e+01 1.906180959302390576e+01 2.232605410010469882e+01 2.598377066685039338e+01 3.009739591585471530e+01 3.474473436138376314e+01 3.997825332686426236e+01
1.325622313388389628e+01 1.639894211673632896e+01 2.034181833108637605e+01 2.501358489232812943e+01 3.036452647138047212e+01 3.643967020889898123e+01 4.329371855084221465e+01 5.092904058758664831e+01 5.943053843256844004e+01 6.913613267924736761e+01 8.024576508560788568e+01
2.147077266743619717e+01 2.745356172924644156e+01 3.497378142756789998e+01 4.393440423922328364e+01 5.430130922125832882e+01 6.590819767136339635e+01 7.884903786315462071e+01 9.356211987680113396e+01 1.100230202427447210e+02 1.284416772343295747e+02 1.497331985856258996e+02
3.279526544259629617e+01 4.307398518833984724e+01 5.619555530803750543e+01 7.197241456221861711e+01 8.982906962162140019e+01 1.100496343468468012e+02 1.327937879876906209e+02 1.578299144751017025e+02 1.864689881863445180e+02 2.192150905568839221e+02 2.556630874956223352e+02
4.737145877283478512e+01 6.368579415316567349e+01 8.494563523242388214e+01 1.101134540495609286e+02 1.389148660146303200e+02 1.713621887825764531e+02 2.070566828067687766e+02 2.479486009764819130e+02 2.937088860417575802e+02 3.444964351314497435e+02 4.027545084935344448e+02
6.525986015573090526e+01 8.968158818883225081e+01 1.217763503033886252e+02 1.595654391181236065e+02 2.030739576253928078e+02 2.509409810753675174e+02 3.053960728523716170e+02 3.660494191521521543e+02 4.332269467104021032e+02 5.101016822676498919e+02 5.966996897714585657e+02
8.654383358767637446e+01 1.213918178354986708e+02 1.670840426803490857e+02 2.215364844527352659e+02 2.828658489486559233e+02 3.516168092773926332e+02 4.290764858023008514e+02 5.137420744118412586e+02 6.101460793002040646e+02 7.182151951279977311e+02 8.380284087763311618e+02
1.112964063173888718e+02 1.590483665500941015e+02 2.215575744160329918e+02 2.964406270205397504e+02 3.796398862830008625e+02 4.747227329925411254e+02 5.785179604262305020e+02 6.944917253526605236e+02 8.254604112431564999e+02 9.709346902005015636e+02 1.132638547786616755e+03
1.395621441491742019e+02 2.027725697096812496e+02 2.858155638160021681e+02 3.845478650805993084e+02 4.954331977207518776e+02 6.198390567333798344e+02 7.556385655329330575e+02 9.106555762201340940e+02 1.082100849350478029e+03 1.269433513154706134e+03 1.480200965049512433e+03
