1.046389891103407535e+04 1.119817121139409755e+04 1.198048999599878152e+04 1.279159711084303308e+04 1.360944168950540552e+04 1.441681954038489857e+04 1.520490714684444538e+04 1.596716868983579661e+04 1.670294255262638035e+04 1.741217296521339449e+04 1.809644184976602628e+04
1.146390225321787693e+04 1.231208950343430479e+04 1.321718574136403913e+04 1.415305061419310368e+04 1.509307417142415943e+04 1.601626940069436932e+04 1.691210758585945950e+04 1.777630562222788649e+04 1.860860830127496592e+04 1.940925304399008746e+04 2.017994368125492838e+04
1.476794680231012535e+04 1.594031974079245447e+04 1.719427551299145489e+04 1.848180891192950003e+04 1.975923990615035655e+04 2.100038596241724008e+04 2.219437895458803177e+04 2.333603359215701494e+04 2.443116527705363114e+04 2.548176181698053915e+04 2.648002193697390612e+04
2.383902969280208345e+04 2.543085364576323263e+04 2.714603819213224051e+04 2.889978848431149891e+04 3.062491489913858095e+04 3.228718269245043120e+04 3.387595231959104422e+04 3.539341944955931831e+04 3.684304372396626422e+04 3.823720454116125620e+04 3.946285102863689099e+04
6.205141577303816302e+04 6.338083245883543714e+04 6.500829569251500652e+04 6.677575567757229146e+04 6.856423395704961149e+04 7.032837312001180544e+04 7.203037644296768121e+04 7.367575348088156898e+04 7.526301872638663917e+04 7.666364663094912248e+04 7.740605437615515257e+04
2.585139758064964262e+05 2.641990622884542681e+05 2.710578023662488558e+05 2.785932128495315555e+05 2.864221081683275988e+05 2.942639986352289561e+05 3.020812471908828011e+05 3.098001068568127230e+05 3.174967264370241901e+05 3.251481842784622568e+05 3.328054199672456016e+05
1.217122318348259665e+06 1.262455533920171903e+06 1.312765059365479043e+06 1.364408974168568617e+06 1.415502992784606991e+06 1.465049540875476785e+06 1.512937894592395285e+06 1.559471245375513332e+06 1.604906662567733787e+06 1.649548803493181709e+06 1.693491873085082509e+06
5.353715431598836556e+06 5.587406318528626114e+06 5.843662933057680726e+06 6.102698265703870915e+06 6.354715131622740068e+06 6.595433932518831454e+06 6.826657266003949568e+06 7.049307682961546816e+06 7.265273966770236380e+06 7.475213284371268936e+06 7.681351955002927221e+06
2.107178184687854722e+07 2.207146143470071629e+07 2.316505559222435206e+07 2.426238246129427105e+07 2.531545258087334782e+07 2.631806983683367819e+07 2.727159058806887642e+07 2.818588686384179443e+07 2.906666593188095838e+07 2.991950230754368752e+07 3.074329807569578290e+07
7.426378617954719067e+07 7.801137252261801064e+07 8.209556685760572553e+07 8.616852075336538255e+07 9.004987960540553927e+07 9.371638685775850713e+07 9.718497103437416255e+07 1.005025890880221575e+08 1.036800449995240569e+08 1.067270371184454560e+08 1.096484748773503006e+08
2.368297997192682624e+08 2.493654394048128128e+08 2.630735390025248230e+08 2.766207961943674684e+08 2.894355334779668450e+08 3.014392950880838037e+08 3.128278582642607689e+08 3.236007794496060610e+08 3.338830145219898224e+08 3.437096656183169484e+08 3.530481935607965589e+08
