-5.016631771166430553e+00 -5.100952015960501740e+00 -5.202250931804883294e+00 -5.322439893163391389e+00 -5.463065159154211869e+00 -5.625595545265241526e+00 -5.811438187985913828e+00 -6.021766018544440158e+00 -6.258051133077970007e+00 -6.521942579565802589e+00 -6.815560043607547414e+00
-5.244523077017220203e+00 -5.339631671005918179e+00 -5.455222629563650116e+00 -5.593596102269657422e+00 -5.756880417895445134e+00 -5.946935732285055565e+00 -6.165306221508217277e+00 -6.413533238570380490e+00 -6.693332803297380451e+00 -7.007205555986729451e+00 -7.358023885328293545e+00
-5.734566712202649796e+00 -5.857758663707500091e+00 -6.011886575637618080e+00 -6.201137994514283491e+00 -6.428525056377111468e+00 -6.696828660984465387e+00 -7.008509414441505214e+00 -7.366171787984058028e+00 -7.772985032148426399e+00 -8.232758459729666356e+00 -8.751177736699901288e+00
-6.214819047927448992e+00 -6.375766859953728272e+00 -6.584373142963158898e+00 -6.847811824256496038e+00 -7.171067347098869504e+00 -7.557687743126734858e+00 -8.011100415522378171e+00 -8.535455509594612522e+00 -9.135901851517701289e+00 -9.819633431965485215e+00 -1.059633917108294554e+01
-6.587334186322550522e+00 -6.789134796050348086e+00 -7.061146451003878610e+00 -7.413610069561400451e+00 -7.852838467002584366e+00 -8.383318925079947803e+00 -9.009019465927849524e+00 -9.735255701503774617e+00 -1.057026752494130051e+01 -1.152462101263517980e+01 -1.261206159550420125e+01
-6.856375990719243418e+00 -7.099778553227224620e+00 -7.439087024238688173e+00 -7.888091881908621872e+00 -8.453913232351624174e+00 -9.140328243847761769e+00 -9.951976402109721676e+00 -1.089541497073878418e+01 -1.198038804045791039e+01 -1.322084933611040469e+01 -1.463259113781532506e+01
-7.049576187448110431e+00 -7.333406299978378229e+00 -7.741025858151260763e+00 -8.289559473454573890e+00 -8.984874387660966022e+00 -9.830676963996666018e+00 -1.083027190561551834e+01 -1.199147039850504370e+01 -1.332569323284042184e+01 -1.484587562811066164e+01 -1.656675766043554177e+01
-7.190627557120023994e+00 -7.513023660038015805e+00 -7.988644126904546283e+00 -8.635914127036812715e+00 -9.460218961408827454e+00 -1.046222973361363984e+01 -1.164552655869920272e+01 -1.301760471220768522e+01 -1.458856977471077698e+01 -1.637097109742171597e+01 -1.837405801277054707e+01
-7.296050526252656709e+00 -7.655184180712240050e+00 -8.197093525246600620e+00 -8.941280389361054404e+00 -9.890628297856892459e+00 -1.104355344580108067e+01 -1.240252217286615632e+01 -1.397360995965937036e+01 -1.576586478449462447e+01 -1.778787882826509303e+01 -2.004300299009264563e+01
-7.376809828463592567e+00 -7.770911644056468504e+00 -8.376848346044425853e+00 -9.215194856824382441e+00 -1.028456662836106261e+01 -1.158181100766523741e+01 -1.310665175518079195e+01 -1.486378135152699542e+01 -1.686016340149944881e+01 -1.909913969122862909e+01 -2.157748879069913528e+01
-7.440118562470161123e+00 -7.867438587854849175e+00 -8.535278766223200364e+00 -9.463824641217797762e+00 -1.064843207227022504e+01 -1.208219248899331433e+01 -1.376292751809523907e+01 -1.569343471459797001e+01 -1.787698190224182326e+01 -2.031182831919431919e+01 -2.298797719499634695e+01
