1.083403660121170873e+02 1.161154705586305482e+02 1.246294821754429023e+02 1.337093777570080420e+02 1.432423970812224923e+02 1.533325540174856485e+02 1.638880528750231633e+02 1.747219482376490021e+02 1.858757735093150814e+02 1.975845117714421235e+02 2.099488697422579548e+02
1.298625107860369212e+02 1.398767278243875865e+02 1.508667101114735942e+02 1.626581035774214286e+02 1.753445927483339233e+02 1.887049913104426935e+02 2.024493795170739361e+02 2.167912987943884673e+02 2.319281762212671083e+02 2.478088127515417796e+02 2.643516348811097600e+02
2.194282092754992846e+02 2.398724617272449109e+02 2.630734358300117606e+02 2.892416312672781373e+02 3.175541030305696495e+02 3.475889173100118796e+02 3.799440505639148569e+02 4.147103312943725655e+02 4.515345908919325097e+02 4.905361008024476632e+02 5.322729575256859107e+02
5.700442008891192245e+02 6.495177953890788558e+02 7.474727298663083275e+02 8.629433995712356591e+02 9.936849676358722263e+02 1.142735034676416490e+03 1.309607825174439540e+03 1.492840945809444520e+03 1.694522921196349444e+03 1.918219383807331496e+03 2.167591930981449877e+03
2.667216362146268693e+03 3.203035605446235422e+03 3.905913649042075122e+03 4.758638606168540718e+03 5.781954764709178562e+03 6.974548892067942688e+03 8.317877571793691459e+03 9.833197973598787939e+03 1.154711713126506947e+04 1.348219611857159362e+04 1.567107870739418831e+04
1.655947511679532181e+04 2.064130638473692306e+04 2.608905112570992787e+04 3.295608482087431912e+04 4.133068138354080293e+04 5.100074325127778138e+04 6.206421993766380911e+04 7.469848684377875179e+04 8.905193403714915621e+04 1.051578493326116732e+05 1.231995674393663066e+05
9.921337588557318668e+04 1.268396766129905154e+05 1.643302664855860639e+05 2.129978481551002187e+05 2.715473617818650091e+05 3.397749233717552852e+05 4.181228440669439733e+05 5.078280298446472734e+05 6.086253774533245014e+05 7.212027400182333076e+05 8.496146157109102933e+05
5.212400487378692487e+05 6.795973437229004921e+05 9.001472738745206734e+05 1.188385199412681628e+06 1.534059271647852613e+06 1.938635591770828934e+06 2.404751077558221761e+06 2.933843604739053641e+06 3.522200700769925024e+06 4.190224004492230713e+06 4.935032231537972577e+06
2.379209124625397846e+06 3.155072138173346873e+06 4.265228712562964298e+06 5.712313986479659565e+06 7.445294547895996831e+06 9.488720922884853557e+06 1.182256043066457845e+07 1.446148056291371956e+07 1.740247911561825126e+07 2.071287157950829715e+07 2.448017216958724707e+07
9.544933300853112713e+06 1.285613944602645189e+07 1.769650503309575468e+07 2.398713282056920975e+07 3.155573252660593763e+07 4.043538649153781682e+07 5.060119606038118154e+07 6.197144273348221928e+07 7.489359122253915668e+07 8.891207607484038174e+07 1.047584311175646484e+08
3.416916060360892862e+07 4.668954261517722905e+07 6.533543687537568808e+07 8.942388014821383357e+07 1.185643917273549438e+08 1.528277594242180288e+08 1.914548825681702495e+08 2.341114788223775625e+08 2.836290995645727515e+08 3.378982377379087806e+08 3.966226419028853178e+08
