0.000000000000000000e+00 1.540644046654051635e-01 3.129166531471128110e-01 4.808650603918067645e-01 6.615772739969543181e-01 8.581025928833696526e-01 1.073139897536748322e+00 1.309045160414825659e+00 1.568186300813977141e+00 1.852615310235705692e+00 2.165020541186095215e+00
0.000000000000000000e+00 1.726494172617094591e-01 3.514550887630321085e-01 5.416617885748564731e-01 7.481185625729267485e-01 9.746438270049111452e-01 1.224288630121009191e+00 1.499700298754760297e+00 1.803542344216111815e+00 2.139025263972143875e+00 2.509519658113276819e+00
0.000000000000000000e+00 2.205411737049871590e-01 4.513894987248932011e-01 7.019043548789341003e-01 9.792840667651034892e-01 1.289326872894889675e+00 1.636601600879657781e+00 2.025169733893562807e+00 2.459135972767398925e+00 2.943016462359082652e+00 3.483160136955120834e+00
0.000000000000000000e+00 2.826686278385750484e-01 5.837617060606135055e-01 9.187577552656875923e-01 1.299111432377685560e+00 1.732759569029440172e+00 2.225928139720053878e+00 2.784581481744680787e+00 3.415168574054405326e+00 4.125692358873493504e+00 4.926358339023863664e+00
0.000000000000000000e+00 3.483062179002445191e-01 7.269082261373114306e-01 1.159717745838861447e+00 1.661904181535646785e+00 2.243577427954733139e+00 2.912330747483792948e+00 3.675532206350908382e+00 4.542898134870483773e+00 5.525947551988792839e+00 6.639172410101309652e+00
0.000000000000000000e+00 4.123720521674840711e-01 8.703748838597675785e-01 1.406332392845797585e+00 2.039532921739009907e+00 2.780283530821179738e+00 3.637297962166485377e+00 4.619605366679024883e+00 5.738507924430450657e+00 7.009041244938998716e+00 8.447755739187414292e+00
0.000000000000000000e+00 4.730728068789176177e-01 1.009095477900700644e+00 1.649713175000215415e+00 2.415471496151440078e+00 3.317786119780066656e+00 4.364496719095768640e+00 5.565922919511649525e+00 6.935182493143656757e+00 8.486366455257666530e+00 1.023498133715111180e+01
0.000000000000000000e+00 5.297482568676059600e-01 1.141500401594385039e+00 1.884792657154321205e+00 2.781822693916183198e+00 3.841985143506462919e+00 5.073517153894499643e+00 6.486788646478089504e+00 8.093571021749085048e+00 9.907653000376740238e+00 1.193904573916734080e+01
0.000000000000000000e+00 5.825524277242948301e-01 1.266865634963323828e+00 2.110070656715834048e+00 3.133818635400530184e+00 4.346056195867276983e+00 5.754179181894869544e+00 7.367108401744189905e+00 9.195747010468039662e+00 1.124992361051772605e+01 1.353378000692100613e+01
0.000000000000000000e+00 6.317883924930356443e-01 1.385308379758498631e+00 2.324975275343604153e+00 3.470013783611648250e+00 4.827452928457205417e+00 6.402134451331221499e+00 8.201576412258873461e+00 1.023472618507366860e+01 1.250618004605712485e+01 1.501364754097085097e+01
0.000000000000000000e+00 6.777481044191517867e-01 1.497475418931571767e+00 2.529145057473215275e+00 3.790451345284964191e+00 5.285076387506705942e+00 7.016072667836851906e+00 8.989283167680696351e+00 1.120994249615614535e+01 1.367750776290631620e+01 1.638300062921189237e+01
