1.914517737546736140e-02 1.656010733743117080e-02 1.442450033563755576e-02 1.269172778994656463e-02 1.130473277710622795e-02 1.018013829423014202e-02 9.240979937472065114e-03 8.444659312032122556e-03 7.769107987156728679e-03 7.194371354071828900e-03 6.702446102743187147e-03
2.359850329541626074e-02 2.022255780381350745e-02 1.747738366383763328e-02 1.527824165567591604e-02 1.352975674492145133e-02 1.213906948310285866e-02 1.100798852857315900e-02 1.005751792506737533e-02 9.246625856649235559e-03 8.552207099586045178e-03 7.955731475977475056e-03
3.789278796323725801e-02 3.178945253241906993e-02 2.698515787097817073e-02 2.327272423690376207e-02 2.040175864329869457e-02 1.814641036628156234e-02 1.634826522912065719e-02 1.489226021914264418e-02 1.368232611754681936e-02 1.264904052325984893e-02 1.175299921844184456e-02
6.418233078370846889e-02 5.229735053208067752e-02 4.351475556656592136e-02 3.701288311029705264e-02 3.213165312665606371e-02 2.838930666595545008e-02 2.543637948527794485e-02 2.305568425704768165e-02 2.110330268845607427e-02 1.947645599979080933e-02 1.809102228341172638e-02
1.039432331203702375e-01 8.269832375248938050e-02 6.739090763287977626e-02 5.666098744103809787e-02 4.881889597824377869e-02 4.290243148977086057e-02 3.829859133099332291e-02 3.461338037203035706e-02 3.159685840322079553e-02 2.908785899128314353e-02 2.697371007391178785e-02
1.587530719738002583e-01 1.231484144896706351e-01 9.884793785465047222e-02 8.222196780806671768e-02 7.046950657831616005e-02 6.169020600448577030e-02 5.492184524566181419e-02 4.954290372365643957e-02 4.515246885012385442e-02 4.150664106153773708e-02 3.843400959321105481e-02
2.292973631033342619e-01 1.738373849424351136e-01 1.378667448139646590e-01 1.137104322081203267e-01 9.705560042537063337e-02 8.474637824934903862e-02 7.529878804832290662e-02 6.782783441209307151e-02 6.175880426572364496e-02 5.672054999179203943e-02 5.247605047327740663e-02
3.158694431224982613e-01 2.349881224021097559e-01 1.843580163919124326e-01 1.511268062093149567e-01 1.285429242397208849e-01 1.120475300708766581e-01 9.941821520893327768e-02 8.946510748523507639e-02 8.140220264889169721e-02 7.471863941039318113e-02 6.908886793264988613e-02
4.188719694429970941e-01 3.066589142809243440e-01 2.382397710748870023e-01 1.944562320630741636e-01 1.649291032894494857e-01 1.435821295126047947e-01 1.272756582244427281e-01 1.144449423019514855e-01 1.040798351399226523e-01 9.549145889685677069e-02 8.826883424946364853e-02
5.386594907760376971e-01 3.888057593085187946e-01 2.994969698120254487e-01 2.436748973134300333e-01 2.062052462340989156e-01 1.793468022611645896e-01 1.588615799078037516e-01 1.427718202524770608e-01 1.297896165667893620e-01 1.190546988546503926e-01 1.100105787948530423e-01
6.754474253859285016e-01 4.813770447953004683e-01 3.681175718083481430e-01 2.987551830350037019e-01 2.523620365916326991e-01 2.193297750210371488e-01 1.941778874514574205e-01 1.744397665910084605e-01 1.585257977352169390e-01 1.453797165037133132e-01 1.343203200124582775e-01
