-5.016631771166430553e+00 -4.946887611295096576e+00 -4.889334278657770483e+00 -4.841574832771584624e+00 -4.801487885157257551e+00 -4.767492952381871874e+00 -4.738298290449165506e+00 -4.712720858129614498e+00 -4.689864832263992867e+00 -4.669327269330096897e+00 -4.650539502421452198e+00
-5.244523077017220203e+00 -5.166982253744208720e+00 -5.103767540800618008e+00 -5.051934313694800949e+00 -5.008761855322518386e+00 -4.972291905280144420e+00 -4.941017591387208086e+00 -4.913832939815620193e+00 -4.889790459081268637e+00 -4.868180292014585575e+00 -4.848504227215016726e+00
-5.734566712202649796e+00 -5.637217490002512932e+00 -5.560497076912724879e+00 -5.499233639635349391e+00 -5.449240989612007979e+00 -5.407501788089575712e+00 -5.371907813561847433e+00 -5.341002054090495221e+00 -5.313849059381027473e+00 -5.289741997370583704e+00 -5.268017599744780455e+00
-6.214819047927448992e+00 -6.093098232115153223e+00 -6.000611436902545393e+00 -5.929054068990808446e+00 -5.871955914721183944e+00 -5.824928174097294686e+00 -5.785172275802324293e+00 -5.750874027849931736e+00 -5.720733277463295963e+00 -5.693941073091991711e+00 -5.669980832059081877e+00
-6.587334186322550522e+00 -6.440828578150103567e+00 -6.334238224866567180e+00 -6.253892323722539004e+00 -6.190934285466937581e+00 -6.139741497125214664e+00 -6.096688718444056576e+00 -6.059723495152866235e+00 -6.027369390070816735e+00 -5.998673460646386957e+00 -5.972889185402891599e+00
-6.856375990719243418e+00 -6.687406501059740549e+00 -6.568712140378920594e+00 -6.481759489062824287e+00 -6.414380310612614267e+00 -6.360044713026582031e+00 -6.314678439943236299e+00 -6.275809604059759295e+00 -6.241880116027459735e+00 -6.211808091171405977e+00 -6.184835398627910763e+00
-7.049576187448110431e+00 -6.860333493099460611e+00 -6.731930380250560120e+00 -6.639846298454358475e+00 -6.569402891509525944e+00 -6.512890844216599362e+00 -6.465775186519749695e+00 -6.425547478993394179e+00 -6.390510739696765086e+00 -6.359509172852995107e+00 -6.331776323284429964e+00
-7.190627557120023994e+00 -6.983275403170409845e+00 -6.847143725310161244e+00 -6.751121469882491510e+00 -6.678396267492644256e+00 -6.620244590107176919e+00 -6.572009404804703081e+00 -6.530816065729595721e+00 -6.494998752961691935e+00 -6.463318097044975730e+00 -6.435012273603206268e+00
-7.296050526252656709e+00 -7.072631752987945220e+00 -6.930227890283276793e+00 -6.831209732645220356e+00 -6.756809662456362275e+00 -6.697497249933803687e+00 -6.648342990971286781e+00 -6.606501557915180456e+00 -6.570117774026584812e+00 -6.537955217747366987e+00 -6.509222983171639498e+00
-7.376809828463592567e+00 -7.139123251563432859e+00 -6.991539966285927221e+00 -6.890219581480778288e+00 -6.814552844749414362e+00 -6.754358079208031995e+00 -6.704517303849570453e+00 -6.662204939268121962e+00 -6.625437216425780207e+00 -6.592959645171504235e+00 -6.563841249728284311e+00
-7.440118562470161123e+00 -7.189690483435697388e+00 -7.037803347291628597e+00 -6.934679583744582487e+00 -6.857980726985260844e+00 -6.797116101486608386e+00 -6.746854850258387160e+00 -6.704151546917273663e+00 -6.667039406085677911e+00 -6.634320556288002990e+00 -6.604976565784454579e+00
