-5.457771626915928209e+00 -5.534630741753062466e+00 -5.627092254773742752e+00 -5.737389287653059000e+00 -5.867265544937254163e+00 -6.017938481425517239e+00 -6.190976323563518235e+00 -6.387758352459059097e+00 -6.609770451726944884e+00 -6.858593116827250924e+00 -7.136210167809622362e+00
-5.699056604153156513e+00 -5.785629707879706984e+00 -5.891456852834380697e+00 -6.019009277544682845e+00 -6.170222115502838278e+00 -6.347169235403271159e+00 -6.551476472810463747e+00 -6.784634424879186554e+00 -7.048546051832090598e+00 -7.345509045077051269e+00 -7.678189324189588660e+00
-6.216456786161870696e+00 -6.329429819448705530e+00 -6.471639481016609352e+00 -6.647693469007208478e+00 -6.860554215571028180e+00 -7.112733225883857813e+00 -7.406991886262403568e+00 -7.745519802258058917e+00 -8.131595843449758831e+00 -8.569185795266093919e+00 -9.063413263484108029e+00
-6.722569935751380399e+00 -6.871625717449205695e+00 -7.066732622035488021e+00 -7.314412622596137226e+00 -7.619588882022071630e+00 -7.985602463708346477e+00 -8.416244876247219509e+00 -8.915788135655020596e+00 -9.488947563022520626e+00 -1.014273804355980246e+01 -1.088664363786301692e+01
-7.114841553768201265e+00 -7.304045659257099032e+00 -7.560701478916598717e+00 -7.894115544611850055e+00 -8.311059851301251911e+00 -8.815823012133478187e+00 -9.412571476543234894e+00 -1.010739034962898586e+01 -1.090745889639947563e+01 -1.182333874624237069e+01 -1.286886303397841402e+01
-7.398416541800543200e+00 -7.628529122783220373e+00 -7.950254873114317888e+00 -8.377185775840189308e+00 -8.915612157667055726e+00 -9.571011253850883804e+00 -1.034760813612956554e+01 -1.125261336818584823e+01 -1.229638313571194885e+01 -1.349084029291407205e+01 -1.485158700178726576e+01
-7.602101062253495911e+00 -7.871890698672359576e+00 -8.260247780224744929e+00 -8.782466347012814367e+00 -9.446272263397986535e+00 -1.025488231366398395e+01 -1.121425068674216163e+01 -1.233158562846074346e+01 -1.361752153534689569e+01 -1.508606384508311749e+01 -1.675003396291867830e+01
-7.750904028736840701e+00 -8.058697735250461847e+00 -8.512670883021201007e+00 -9.130347183760022745e+00 -9.917737198378745234e+00 -1.087839819585497025e+01 -1.201635149805588298e+01 -1.333911486978831817e+01 -1.485767873239819892e+01 -1.658302401911714696e+01 -1.852520968240060029e+01
-7.862057722759345779e+00 -8.206329871940397425e+00 -8.724100985877157655e+00 -9.434904176850977819e+00 -1.034331148669662070e+01 -1.145040960058395285e+01 -1.275953402031518635e+01 -1.427772900218042196e+01 -1.601344799256185070e+01 -1.797504499398201006e+01 -2.016639120262698270e+01
-7.947182091167633189e+00 -8.325972115679178387e+00 -8.905826676793367369e+00 -9.706596289641311159e+00 -1.073158299764691037e+01 -1.197869530009484151e+01 -1.345056208404275822e+01 -1.515136069781146944e+01 -1.708798766410109238e+01 -1.926402924459762289e+01 -2.167725050587978330e+01
-8.013994090622873046e+00 -8.425341893500444712e+00 -9.064906569998129271e+00 -9.952883237030619057e+00 -1.108901313575552194e+01 -1.246971785497225937e+01 -1.409418408397687017e+01 -1.596557655178548885e+01 -1.808700432330806507e+01 -2.045741418654506560e+01 -2.306781648100513848e+01
