3.992856058979287415e+00 4.647757153355117410e+00 5.414579027219586393e+00 6.275017901112097896e+00 7.236680774332685750e+00 8.319215019797759680e+00 9.505801853310503091e+00 1.078214665180064635e+01 1.217809680272680062e+01 1.373610090758883828e+01 1.546473299111996624e+01
4.932959202755558437e+00 5.799201859095778566e+00 6.798901711480917598e+00 7.943622600681211843e+00 9.246961725932338894e+00 1.067044400658890524e+01 1.221386501111567213e+01 1.392777145280937567e+01 1.583261731831900576e+01 1.791607440347075197e+01 2.020683535393373020e+01
7.937444566485909014e+00 9.518545700662004450e+00 1.142466761437442635e+01 1.356565292657862187e+01 1.597924533458270879e+01 1.869213089503059777e+01 2.164701541285410968e+01 2.491595997332650470e+01 2.859605147238224987e+01 3.265215205806224930e+01 3.709973193463348196e+01
1.337562217761796823e+01 1.646180327382812791e+01 2.016009348068241636e+01 2.448510379056011388e+01 2.929625511666507620e+01 3.474957197423647415e+01 4.072769594751927258e+01 4.723762859942930703e+01 5.462350010743128337e+01 6.289779246588408057e+01 7.205308890777830300e+01
2.155125209454807589e+01 2.718091110831594648e+01 3.409028820941255589e+01 4.215817297363767580e+01 5.126505678614466888e+01 6.120283393459805410e+01 7.246878047198048023e+01 8.479805077389733015e+01 9.852785013205019027e+01 1.143398902435044562e+02 1.319054495691928821e+02
3.264965353986555385e+01 4.222647775563279282e+01 5.407727538566474834e+01 6.787528532199070241e+01 8.330066028121522947e+01 1.006384146235156436e+02 1.195060709512566604e+02 1.410736383284365161e+02 1.648462963891726645e+02 1.911946425177148683e+02 2.218007386017132205e+02
4.695030442413640515e+01 6.187843836376719509e+01 8.085071111292597834e+01 1.025194955790308313e+02 1.272637406623557013e+02 1.542849519103225759e+02 1.850328984547482492e+02 2.183605862343994772e+02 2.559483780833585058e+02 2.986356598882484263e+02 3.454625701483410580e+02
6.446386945574217009e+01 8.670556816929517652e+01 1.146007220739006129e+02 1.474554787319850675e+02 1.836762932273393858e+02 2.248893462654028212e+02 2.694668480939032520e+02 3.195364472102824038e+02 3.758537509199645115e+02 4.370189254890512984e+02 5.072862298458355781e+02
8.520156108125287631e+01 1.168126369691416073e+02 1.562971371696728227e+02 2.026824341507834788e+02 2.546581199789646632e+02 3.122781773578239495e+02 3.753801414475506704e+02 4.469824152813931732e+02 5.241989214793397878e+02 6.120681935991719911e+02 7.100186122810423512e+02
1.092623653004748974e+02 1.521937132762911347e+02 2.064335841060875794e+02 2.690759983453010591e+02 3.406259419046940593e+02 4.175849238989484320e+02 5.048610934511201549e+02 6.000834242443892208e+02 7.051178014349269461e+02 8.238945935657835662e+02 9.536514761283804091e+02
1.367611900141463934e+02 1.930294566523492961e+02 2.650212942896907293e+02 3.478843092343157082e+02 4.414251110005811256e+02 5.433816502613148032e+02 6.579096057728137339e+02 7.809186201167004810e+02 9.212595264287901955e+02 1.075590681708529701e+03 1.246295301247559109e+03
