3.729237194855885173e+04 3.953498545559342165e+04 4.191055094560571160e+04 4.435842090631919564e+04 4.681882440510007291e+04 4.924964632116918801e+04 5.162547328239776107e+04 5.392968563701274979e+04 5.616598798277247261e+04 5.832802274125818803e+04 6.041846478017793561e+04
4.197011433341322845e+04 4.453576849525424041e+04 4.726378363305144740e+04 5.007413309502110496e+04 5.288761116455416050e+04 5.565431127626342641e+04 5.834678648156357667e+04 6.095278605434039491e+04 6.346997012068847835e+04 6.590304474338194996e+04 6.825249289212998701e+04
6.287250921503124118e+04 6.616842585358892393e+04 6.973758692100003827e+04 7.341964730628895632e+04 7.709143550279866031e+04 8.067788537941042159e+04 8.414533220878559223e+04 8.748892895734141348e+04 9.070935944783128798e+04 9.380612255504340283e+04 9.680554245750620612e+04
1.581673016342293122e+05 1.607578159961781639e+05 1.640017770595634938e+05 1.676208569090195524e+05 1.713731235015275888e+05 1.751190893800827616e+05 1.788088755313483707e+05 1.824122260796317714e+05 1.859090088763027452e+05 1.893423859624321049e+05 1.923776598686772340e+05
7.007145655750120059e+05 7.160213349849297665e+05 7.335001574482095893e+05 7.523276658854978159e+05 7.715452779650080483e+05 7.907135110921204323e+05 8.097979841408097418e+05 8.284904545894465409e+05 8.471977295979319606e+05 8.658419006723229541e+05 8.843646261768891709e+05
3.740636405336682685e+06 3.872830009782406036e+06 4.014626778169050347e+06 4.159136899641870055e+06 4.301104865887260996e+06 4.437422405169271864e+06 4.569538888422579505e+06 4.698336867741373368e+06 4.823491625119956210e+06 4.946831312492455356e+06 5.068920797255878337e+06
1.886206313303951174e+07 1.963475383894278854e+07 2.046084911567768082e+07 2.128661968808524683e+07 2.208405567062711716e+07 2.284753594056029618e+07 2.357926825175201520e+07 2.428573632322138175e+07 2.497208984604968876e+07 2.564186937328512222e+07 2.629814071475375816e+07
8.439885585725550354e+07 8.815642617109532654e+07 9.216278396269232035e+07 9.613817239406655729e+07 9.994219725333327055e+07 1.035586604021032453e+08 1.070071814286529869e+08 1.103234047205350697e+08 1.135164194383452088e+08 1.166158461390190870e+08 1.196319681852526218e+08
3.337072976563212872e+08 3.494782414208406806e+08 3.663522584175072908e+08 3.829205102766138911e+08 3.986728020987301469e+08 4.135948273670218587e+08 4.277551788450812101e+08 4.412107780385738611e+08 4.541739383717227578e+08 4.667059182410796285e+08 4.788177845847872496e+08
1.177581025661162615e+09 1.236312435811632633e+09 1.298863649735093355e+09 1.359979119980795622e+09 1.417781979305229902e+09 1.472165663961995125e+09 1.523313894981490850e+09 1.572125515382358313e+09 1.618774392080858707e+09 1.663554442086836100e+09 1.706333634250144005e+09
3.756785441658020020e+09 3.952780074716797829e+09 4.161886532653258324e+09 4.364134909445406914e+09 4.554392514995556831e+09 4.732731653615405083e+09 4.899642460947584152e+09 5.058103332589490891e+09 5.209060560655688286e+09 5.352954840964067459e+09 5.490170212123518944e+09
