4.074329557655698864e+02 4.440178460340638935e+02 4.855129001691287840e+02 5.311576713466884030e+02 5.793531378507030922e+02 6.305755888176895496e+02 6.857277503849126106e+02 7.436292037815277354e+02 8.032150827177475776e+02 8.655364279522020752e+02 9.322550473781045639e+02
5.031016978245300493e+02 5.531206801778459976e+02 6.101149224247512848e+02 6.716997214223529227e+02 7.386126378204239700e+02 8.114923813815614722e+02 8.878662605760905535e+02 9.668244470473966885e+02 1.050893132635824713e+03 1.141544876325670884e+03 1.237807893399028217e+03
1.143818351311486595e+03 1.293216711932868066e+03 1.468461854873998163e+03 1.665803831526431622e+03 1.889047145010770464e+03 2.136552693110194014e+03 2.400386849437760702e+03 2.681744211977262694e+03 2.989367544397450729e+03 3.326016814474085550e+03 3.689820419551891973e+03
5.302471397261064340e+03 6.288033812591048445e+03 7.481085416107044693e+03 8.922679198301120778e+03 1.057182612401787992e+04 1.237569697647763860e+04 1.439766821711936063e+04 1.665652043683722513e+04 1.910838662700901477e+04 2.180015994344800856e+04 2.484497992769776101e+04
3.684387220182018063e+04 4.504496890737254580e+04 5.563505687030726403e+04 6.839745529020264803e+04 8.285242216413427377e+04 9.953403998021027655e+04 1.182077472375051584e+05 1.386412936506613914e+05 1.617999981845795410e+05 1.877593673105116177e+05 2.161847723338593496e+05
2.591305402531184372e+05 3.243647173284169403e+05 4.108092921986196889e+05 5.134825628272986505e+05 6.347620780932054622e+05 7.726343174553419231e+05 9.257516990798065672e+05 1.100982217308898456e+06 1.295210463402178837e+06 1.506364026342892786e+06 1.745982008905740920e+06
1.600318977176730521e+06 2.047498751597649651e+06 2.637497855478769168e+06 3.352738920544642024e+06 4.202170446096732281e+06 5.155035205632500350e+06 6.249603963627159595e+06 7.470071458543952554e+06 8.804816595667704940e+06 1.030947735332520865e+07 1.201537188495938107e+07
8.474196112720904872e+06 1.105032594773532078e+07 1.443925352500819601e+07 1.866637187374457344e+07 2.358489617282225564e+07 2.922873488644739985e+07 3.566503360886996984e+07 4.265302645935963839e+07 5.059017203867703676e+07 5.951513799344882369e+07 6.904975202585288882e+07
3.878431251608772576e+07 5.140877567470595241e+07 6.813981713056802750e+07 8.923993913202957809e+07 1.136515221359213740e+08 1.420986868751165271e+08 1.737634480629619658e+08 2.085752921797158122e+08 2.477873278404972255e+08 2.915845881321932077e+08 3.394678175220651031e+08
1.557755336704647243e+08 2.094499587298958302e+08 2.816558796428372264e+08 3.724973271205536723e+08 4.782376712856832743e+08 6.015662382621113062e+08 7.352478650240321159e+08 8.866670417285701036e+08 1.059006760148444295e+09 1.242564936147498131e+09 1.446589449777197599e+09
5.582503512943464518e+08 7.600071566996760368e+08 1.036085243511158109e+09 1.382104224249480486e+09 1.789624883142367601e+09 2.256015011687149048e+09 2.768838241785853863e+09 3.341999960245483398e+09 3.980614189556436062e+09 4.677808039976590157e+09 5.417593263766741753e+09
