-5.457771626915928209e+00 -5.394229637655371334e+00 -5.341783658856002148e+00 -5.297982965206756489e+00 -5.260914285270700930e+00 -5.229083771449950291e+00 -5.201235990567511180e+00 -5.176577228929090779e+00 -5.154527741302445065e+00 -5.134465141825785395e+00 -5.116135998374375049e+00
-5.699056604153156513e+00 -5.628526075310219312e+00 -5.571032239156920696e+00 -5.523761073833156843e+00 -5.484161948643304640e+00 -5.450325209974835161e+00 -5.420910662563983351e+00 -5.394933533225412248e+00 -5.371715922607108951e+00 -5.350732117069128435e+00 -5.331609000786556862e+00
-6.216456786161870696e+00 -6.127876176557037979e+00 -6.058379112226248253e+00 -6.002730238851654576e+00 -5.957251821506361011e+00 -5.919084310284233652e+00 -5.886271337400103221e+00 -5.857503420735156396e+00 -5.831871999955183128e+00 -5.808730402219225653e+00 -5.787831157347682165e+00
-6.722569935751380399e+00 -6.610998530584765831e+00 -6.526934972713206662e+00 -6.462270174299192149e+00 -6.410577466700488003e+00 -6.367816014884738252e+00 -6.331530844359804178e+00 -6.299998694674286526e+00 -6.272089025562308962e+00 -6.247033005791308824e+00 -6.224341302699031075e+00
-7.114841553768201265e+00 -6.979183434883452719e+00 -6.881751909251761390e+00 -6.808916495447192574e+00 -6.752116647043294506e+00 -6.705745984134409809e+00 -6.666694684583490016e+00 -6.632948461199703161e+00 -6.603241248798440211e+00 -6.576676082677295199e+00 -6.552600484887079801e+00
-7.398416541800543200e+00 -7.240224188499269076e+00 -7.131121629077824764e+00 -7.051943121899967082e+00 -6.991125894808646990e+00 -6.942093332367221592e+00 -6.900970068836613791e+00 -6.865584111885254970e+00 -6.834540140393073671e+00 -6.806883174518588930e+00 -6.781870784852799261e+00
-7.602101062253495911e+00 -7.423612571306875907e+00 -7.304619878977973713e+00 -7.220674022537423298e+00 -7.156769816614541924e+00 -7.105760719678073656e+00 -7.063227787595678819e+00 -7.026684740565542597e+00 -6.994717685392970452e+00 -6.966259453736711293e+00 -6.940647408293443732e+00
-7.750904028736840701e+00 -7.554088415799924405e+00 -7.427103079327935120e+00 -7.339365044575970387e+00 -7.273377771532977931e+00 -7.220920186249713879e+00 -7.177369506869581528e+00 -7.140040027690702118e+00 -7.107387862124596722e+00 -7.078361703785049031e+00 -7.052214485134754796e+00
-7.862057722759345779e+00 -7.648969244586623972e+00 -7.515511972083913861e+00 -7.424772137044783449e+00 -7.357183754891593708e+00 -7.303635752909030998e+00 -7.259339600834209705e+00 -7.221435998289962299e+00 -7.188302298774942756e+00 -7.158900212743901648e+00 -7.132388445890683215e+00
-7.947182091167633189e+00 -7.719638654478330864e+00 -7.580826652723771986e+00 -7.487691726135381032e+00 -7.418923884564719629e+00 -7.364572596514335601e+00 -7.319673995942139300e+00 -7.281370905056974152e+00 -7.247879456554073840e+00 -7.218150485019577900e+00 -7.191411469786544330e+00
-8.013994090622873046e+00 -7.773435200444509974e+00 -7.630085078071715543e+00 -7.535116177241434343e+00 -7.465440589934587479e+00 -7.410465963181195548e+00 -7.365138009659858653e+00 -7.326472856875625439e+00 -7.292714391849585809e+00 -7.262756795447785407e+00 -7.235818855930119753e+00
