1.933700165705356244e-01 1.669645614517970278e-01 1.450312732506190416e-01 1.271621671651458341e-01 1.127814700169811613e-01 1.011532048304525921e-01 9.164352806321263145e-02 8.375288943478921555e-02 7.710976538865099705e-02 7.143292797577803499e-02 6.653544360876992303e-02
2.388876803075802580e-01 2.042046429310988565e-01 1.761946912302628232e-01 1.536221132656152011e-01 1.355947563041285941e-01 1.211792763617638435e-01 1.094866153981000068e-01 9.985959509351187424e-02 9.180160224754903286e-02 8.495630089881005265e-02 7.906015636551659564e-02
3.843443185415823526e-01 3.220573984575681448e-01 2.725343016226999260e-01 2.346924601122057918e-01 2.053926624224022834e-01 1.822764400435007703e-01 1.637935613583316741e-01 1.487517915982014272e-01 1.363062874016258141e-01 1.258177099268924237e-01 1.168649182238845757e-01
6.475949061365062764e-01 5.289370997643301209e-01 4.402653850082831055e-01 3.734427016145652201e-01 3.237225862853380653e-01 2.857182785630935640e-01 2.556136931657727596e-01 2.312875620517027553e-01 2.112773912816995059e-01 1.945556841193284980e-01 1.803616270365858143e-01
1.043316424078713833e+00 8.335745580482110118e-01 6.808446811528757747e-01 5.721385383582446860e-01 4.918085442763465154e-01 4.317797503352462374e-01 3.851888370744294687e-01 3.477103294740634398e-01 3.169768466698448806e-01 2.913636739055851521e-01 2.697187009000345248e-01
1.580475933518265652e+00 1.240022249289114642e+00 9.962149033459085645e-01 8.302751951042258716e-01 7.101760987286352966e-01 6.207473811470156644e-01 5.523678681137174085e-01 4.979226251568859563e-01 4.533310002624644786e-01 4.162208013692605957e-01 3.849242908800645790e-01
2.272587863096680039e+00 1.746505072397948943e+00 1.388134780511601996e+00 1.147395415575553468e+00 9.784670981083075647e-01 8.527074638019127573e-01 7.571762171682028253e-01 6.818051518526738741e-01 6.202728590496322525e-01 5.691003325519936595e-01 5.259092801906939396e-01
3.120163460114157239e+00 2.354720314056736541e+00 1.856133736894932662e+00 1.523575810743137859e+00 1.296346626414844661e+00 1.127553522487905635e+00 9.995887618708817479e-01 8.992722704336751915e-01 8.177410003050071818e-01 7.498535698455313092e-01 6.927253932937633696e-01
4.123758872806834397e+00 3.066820890394347465e+00 2.399435079157649309e+00 1.958950381336211022e+00 1.663484203130349393e+00 1.445113517748660481e+00 1.279560423721591622e+00 1.150346717414413744e+00 1.045670078930564184e+00 9.586484945007477387e-01 8.852583146823225224e-01
5.288154585876482017e+00 3.884038246449355469e+00 3.017283609395825295e+00 2.453509767125827690e+00 2.079836787606118786e+00 1.805395833433181219e+00 1.597019703417550840e+00 1.434977599424029471e+00 1.304036832557276870e+00 1.195229213350312847e+00 1.103529790722251436e+00
6.618921279810254354e+00 4.806244025058222569e+00 3.709488021835929406e+00 3.007210013003536186e+00 2.545323680951670386e+00 2.208236274350708239e+00 1.952010682409251130e+00 1.753171567789479024e+00 1.592813775343065785e+00 1.459715705268599839e+00 1.347511195293548125e+00
