0.000000000000000000e+00 1.404011040976911318e-01 2.853085959177406039e-01 4.394063224463025108e-01 6.063512596665532328e-01 7.888547099755669478e-01 9.897403329960070550e-01 1.211181123529968318e+00 1.455242710424499819e+00 1.724127975001465529e+00 2.020074169435247313e+00
0.000000000000000000e+00 1.571036325694876723e-01 3.204246136774600018e-01 4.952482037115260027e-01 6.860601668595336378e-01 8.968440254284359980e-01 1.130565810246480396e+00 1.389700891653774306e+00 1.676830129224981647e+00 1.994776928007922834e+00 2.346580323403031798e+00
0.000000000000000000e+00 2.015536428916675504e-01 4.132603687903610989e-01 6.449632301555539016e-01 9.033023940646671690e-01 1.193648915599624161e+00 1.520720548862300348e+00 1.888016381522902520e+00 2.299723843494575704e+00 2.760455393046868267e+00 3.275582106136425864e+00
0.000000000000000000e+00 2.606271868644398637e-01 5.397976493222813588e-01 8.521424482969450764e-01 1.209011415321583627e+00 1.617786448823608225e+00 2.084714031887415331e+00 2.615789440980734071e+00 3.216858537460211664e+00 3.895705037768493639e+00 4.662302335163985845e+00
0.000000000000000000e+00 3.248622243736463133e-01 6.789495696648373269e-01 1.085199049164657481e+00 1.558943204257957404e+00 2.110077027999068378e+00 2.745876791959744878e+00 3.474441888429282699e+00 4.304217647601035424e+00 5.246662663565075491e+00 6.316262549091334222e+00
0.000000000000000000e+00 3.883049342839512974e-01 8.191332440364931244e-01 1.325242653940222226e+00 1.924486262858408736e+00 2.628917921483662212e+00 3.446638067292951746e+00 4.387029256300593261e+00 5.461842995318875182e+00 6.683957118395483121e+00 8.069716216934466502e+00
0.000000000000000000e+00 4.482781273654836696e-01 9.556279012467712164e-01 1.561792324475391069e+00 2.289502446783444611e+00 3.149121593985910295e+00 4.151022899146482814e+00 5.304900887895200867e+00 6.622803849953925237e+00 8.119804391346406192e+00 9.809386554625234567e+00
0.000000000000000000e+00 5.046093194505374413e-01 1.085567803693265887e+00 1.790982139184052357e+00 2.644359426845767302e+00 3.657478009605256375e+00 4.838981991186301457e+00 6.199074842097616056e+00 7.750290870273602195e+00 9.504662315332097933e+00 1.147299519726584549e+01
0.000000000000000000e+00 5.573606273537734523e-01 1.208589013793243794e+00 2.010132039806194371e+00 2.986127731805026997e+00 4.146773847674921853e+00 5.500194419480976649e+00 7.056293003890459659e+00 8.825145693786907941e+00 1.081614478123810841e+01 1.303400275673629949e+01
0.000000000000000000e+00 6.063334612008475233e-01 1.325000024069595383e+00 2.218904563505930128e+00 3.312659113082190743e+00 4.614122703580505913e+00 6.130888088100618916e+00 7.869989792754495284e+00 9.840108207547018537e+00 1.204587875957804499e+01 1.448583903609323897e+01
0.000000000000000000e+00 6.519066930559347384e-01 1.434821491926413728e+00 2.417767059789184714e+00 3.623572545820934465e+00 5.059251891791063827e+00 6.729046074317011517e+00 8.639103694909863407e+00 1.079428993145847926e+01 1.319465739109728020e+01 1.583199762507501873e+01
