2.293968029412943199e+00
2.378514513772395311e+00
2.247605398487465322e+00
2.001457627035402975e+00
2.048920756079874561e+00
2.188095501122948150e+00
2.149662378112465966e+00
2.094497582080509623e+00
1.638759813297596013e+00
2.071262346113872166e+00
2.527454333397848085e+00
1.992765868066391333e+00
1.880618134052727708e+00
2.129236550623084590e+00
2.002006039387308256e+00
2.144327638649942802e+00
2.368037888513796929e+00
2.252218317098547917e+00
1.806473283029683907e+00
2.166191988818851222e+00
2.173849556231324254e+00
2.018729661098552786e+00
2.139244333565494482e+00
2.146195875795001484e+00
2.311589192011289651e+00
2.142622131966021470e+00
1.881264900658673467e+00
2.194509338473875193e+00
1.950571738868210447e+00
1.990853678886977063e+00
2.199961909113371750e+00
2.218165562600540763e+00
2.443369547937412900e+00
1.887820020354220141e+00
2.357805952803235794e+00
2.205806944323434937e+00
1.797524410041800635e+00
2.048706871860229484e+00
2.086262629739001895e+00
2.258361858017118085e+00
2.228629914359243624e+00
2.268569992496628718e+00
2.145552460827851782e+00
2.052564550116813269e+00
2.100449291082424175e+00
2.368683063953013423e+00
2.244941950122994356e+00
1.992160002558688081e+00
1.973453065464895850e+00
2.209934138890894850e+00
2.296327680303444474e+00
2.224368760634320541e+00
2.160065213247217564e+00
2.181450565931845720e+00
1.939018307380841577e+00
2.498841728264563411e+00
2.456371914537775591e+00
2.059022772464726092e+00
2.326234220155698473e+00
2.467943125317007880e+00
2.233338511973148144e+00
2.234486720477882660e+00
2.435854473390242525e+00
2.117238705938901955e+00
2.041317456510359563e+00
2.255680243902978166e+00
2.279598107325784717e+00
2.229262015726854784e+00
2.020206555221736533e+00
2.250417900071929989e+00
2.081283849055428625e+00
2.421084577035009122e+00
2.088056346198926327e+00
1.544459639139086793e+00
1.952242136576336495e+00
2.094742295946302679e+00
2.197358740886093287e+00
2.113609521183028583e+00
2.255180309274909867e+00
2.021911838674008255e+00
2.036663032690939623e+00
2.260448385106891944e+00
2.167423602294239693e+00
2.159948304372249162e+00
2.427423177132040255e+00
1.836643581324514773e+00
2.176345521382357262e+00
1.788843255632034390e+00
2.212442556652108205e+00
2.334723040289012896e+00
2.323624351717271885e+00
2.063872957241111639e+00
2.245021961491943330e+00
2.011358565457361358e+00
1.923656973251290259e+00
2.216800478014025355e+00
1.629148530812554840e+00
2.350407991420567999e+00
1.811607478868106691e+00
1.822966597343969486e+00
2.258380423403666182e+00
1.941591326168345955e+00
2.209247791191395027e+00
1.812135698852751942e+00
1.887134533966100314e+00
1.825872854400256928e+00
2.134154065361282271e+00
2.027101114220894562e+00
2.099802529317338795e+00
2.174180964307832475e+00
2.265305662807753695e+00
2.327687210541950158e+00
2.286340164451047041e+00
2.000514735428234658e+00
2.050271045587272578e+00
2.163144837270398302e+00
2.193851603090995805e+00
2.381078344948061254e+00
1.882871753147511651e+00
1.808937178608702290e+00
1.772593599661717922e+00
2.200806692671529063e+00
1.816038012954936498e+00
2.202877551323960237e+00
1.875143158123589116e+00
2.131804091009331881e+00
2.213084299079761674e+00
2.188753452764059748e+00
1.886591425770396180e+00
2.388249518435199281e+00
2.219861834306672943e+00
2.346134102565745838e+00
2.023618720306128882e+00
2.131547638472496509e+00
2.150155925326710626e+00
2.241586737133151708e+00
1.861974701125466591e+00
2.246012433704401623e+00
1.925325418742748651e+00
2.352755932981370979e+00
2.058341603203778014e+00
1.964841991926290943e+00
2.258824006800258299e+00
2.020576880318210922e+00
2.171042773029846273e+00
1.713442314081550455e+00
1.766242121642333629e+00
1.964005159353029883e+00
2.103294230664613629e+00
2.366453186266482156e+00
2.107538915011236913e+00
2.080115923924623633e+00
2.226719735739229211e+00
2.226896941902399174e+00
1.739242579926049359e+00
2.197844981694945243e+00
2.204152228049341744e+00
1.953793581404283497e+00
2.427380416341248903e+00
2.202479129956064874e+00
2.644587158123844262e+00
1.985897266700137331e+00
2.109806531395916451e+00
1.953690392857756919e+00
2.264711810350920285e+00
2.404171161417566260e+00
1.985976836064578199e+00
2.092124900841476620e+00
2.054476045019962172e+00
1.742241020332615298e+00
2.051341376084481194e+00
1.970375211055282350e+00
1.670844663616040338e+00
2.117737371216303455e+00
2.320034589140746561e+00
2.205500339882318528e+00
1.868737608421433327e+00
1.947233956400651333e+00
2.151332611344677570e+00
2.159788654823419307e+00
2.437234453016714486e+00
1.980498526105588963e+00
1.841632159846682271e+00
2.066421745464100290e+00
2.217427647849233630e+00
1.823644553958877257e+00
2.009827880106719533e+00
1.830931473904106710e+00
2.147700819193135047e+00
1.976159947779484005e+00
2.130352568683925529e+00
2.387186510305617126e+00
1.708725685540050776e+00
1.807977879661307741e+00
1.743506458530876158e+00
1.977105736189167740e+00
2.364580244113790641e+00
1.750430533640756625e+00
1.880486695654951301e+00
2.260755456505112448e+00
2.024225854452388340e+00
2.259495836283963222e+00
2.075962115166150035e+00
2.051256868652945542e+00
2.074998250499502372e+00
2.103515943424635992e+00
1.832817508830538955e+00
1.717708071110392698e+00
1.950783155107011391e+00
2.173127320012143926e+00
2.299780888018317704e+00
1.858390050939404681e+00
1.945608525547306789e+00
2.185079417318036121e+00
1.900674882513144537e+00
1.698353753076675465e+00
2.055436839116199010e+00
1.845752756481342960e+00
2.137856220622466719e+00
2.063542291204178092e+00
1.798910638622405189e+00
2.289908961006580146e+00
2.392656696591285215e+00
1.809752617493715299e+00
2.409515297855327809e+00
1.852748273785089328e+00
2.024178264977034569e+00
1.815194030219701604e+00
1.872763258269965592e+00
2.316831538269352730e+00
2.176922820565635242e+00
1.954839421189139781e+00
1.932531572900559658e+00
1.831870062922681397e+00
2.465709946702556277e+00
2.264058490758079412e+00
1.993605197922306838e+00
1.975953207942342527e+00
2.180819014932522837e+00
2.257937091718023481e+00
2.000326841182078486e+00
1.800743259578596822e+00
2.206308303391444792e+00
2.263228752161177582e+00
2.282522236857668751e+00
2.122346266002844928e+00
2.020626712874951103e+00
2.404914304478158904e+00
1.833878473411986620e+00
1.956844250459783163e+00
2.273208082144885900e+00
1.865965393377590820e+00
2.170500524644704665e+00
2.168979424584917215e+00
2.003819738365806735e+00
1.817008559522019118e+00
2.248074845885560169e+00
1.920165813606500516e+00
2.400180332082512802e+00
2.502101196177527243e+00
2.227817195402475470e+00
1.890865601902568249e+00
2.071991018575226384e+00
2.087307758155516169e+00
2.085483092483160217e+00
2.150617209541686670e+00
2.533149723826621624e+00
2.175122588927832723e+00
1.724592977927937421e+00
2.061826965916296217e+00
2.375551317740743684e+00
2.328093421248134121e+00
2.342435700710274293e+00
1.691985644116047682e+00
2.316588868846009674e+00
1.971667512768369157e+00
2.204872373560325283e+00
2.379352044436926050e+00
1.923451422964853830e+00
2.405713723699493212e+00
2.585143412437648447e+00
2.003901947427124686e+00
2.313378193771605140e+00
1.679607643799446270e+00
2.278801525393024718e+00
2.001412026823063517e+00
2.347788916799275594e+00
1.767745447327904174e+00
2.355704805302348603e+00
1.860073253483317313e+00
2.077721548016069342e+00
2.154044421380970853e+00
1.744622857662894821e+00
2.090027445350114199e+00
2.127811444634537974e+00
2.153021849264169063e+00
2.350726229775495835e+00
2.043410997121487327e+00
2.315072750937047452e+00
2.224723722561726014e+00
2.282978298825449670e+00
1.956329670947509758e+00
2.204319775537348036e+00
2.437615687926135699e+00
2.106311948782509713e+00
2.117251293444209814e+00
2.009023723077020041e+00
2.001801626811309021e+00
2.136459874471505760e+00
1.848385384830928180e+00
2.435754016113530263e+00
1.986796318618552215e+00
2.004933192972758960e+00
2.088755291951877702e+00
2.121494964650430415e+00
2.218441328037145333e+00
1.866361623247167811e+00
2.343250688201036436e+00
1.969392729772982076e+00
2.219225999926833559e+00
2.090854137153044245e+00
2.034838579699723926e+00
1.862823111389305009e+00
2.122536194996677228e+00
2.124230277036812442e+00
2.188454224989651031e+00
2.054644122697743214e+00
2.241119331854909635e+00
2.307297210401549226e+00
2.111484855820445095e+00
2.281134905301866578e+00
1.987213391082657044e+00
1.948084249617046515e+00
2.107420469543533681e+00
2.213088573301634110e+00
1.853268155117123506e+00
2.336130480537651266e+00
2.195908598491591590e+00
2.163166999211309616e+00
2.130444659631099746e+00
2.068835576947641197e+00
1.786326015892910180e+00
2.205981104164427276e+00
2.168020631610675153e+00
1.923624640816448350e+00
2.316625003925027126e+00
2.006668948413403264e+00
2.324348817829080982e+00
2.090255495934236318e+00
1.796579161354196597e+00
1.799272370897477824e+00
2.159814278784617958e+00
2.313351031278205738e+00
2.012660921275785331e+00
1.727163877754513521e+00
2.272504026072110772e+00
2.336692586401826421e+00
1.978055358070171188e+00
1.846741155996486361e+00
2.132294878074497024e+00
1.861032920006121971e+00
2.035774381825906865e+00
1.697918103671538281e+00
2.268946065170056148e+00
2.006118203229841690e+00
2.119611958342551450e+00
2.079099227235624792e+00
2.383455535743715270e+00
1.827375897259509996e+00
2.028586579408453439e+00
2.218421688786448520e+00
2.015342120339641330e+00
2.170259100162174715e+00
1.917508455777802601e+00
2.122331113745672404e+00
2.159484227790235078e+00
2.119064506467321252e+00
2.024840711919823288e+00
2.352441333626141162e+00
2.262569642326433428e+00
1.975666775682344944e+00
1.772814939211707408e+00
2.165410376472945764e+00
2.240427264901794224e+00
2.023752518623476160e+00
1.841512986130921847e+00
2.332698046107169354e+00
2.106439923351110632e+00
1.901337912815703746e+00
2.219351272478923054e+00
2.171825739794774890e+00
1.985213329267627280e+00
2.055683334752580027e+00
1.997488193929963129e+00
2.360238182806825069e+00
1.903109606149822497e+00
2.156568550816353014e+00
2.209071687959618835e+00
2.337953374755894487e+00
2.279382170546397912e+00
1.873462993600165216e+00
1.772677881798527144e+00
2.477726097711578035e+00
1.901883370011644425e+00
2.230281122557807194e+00
2.204091916226444958e+00
1.997475452207913005e+00
2.338153799994225679e+00
2.340121812358533226e+00
1.862579928402235963e+00
2.332279436202061795e+00
2.109306077609765850e+00
2.009563471348793318e+00
1.829186704121086526e+00
2.312671835476687310e+00
2.063394615642161867e+00
2.330075821794545643e+00
2.077024440862829113e+00
2.044439214630268786e+00
2.210137571212959173e+00
1.990189486698217269e+00
2.149069826611459622e+00
2.070210854404059386e+00
2.115902002653150316e+00
2.095075918403481730e+00
2.278367474132261705e+00
1.996413958470107941e+00
1.890660524873756243e+00
2.221274245175454354e+00
2.216086112967214028e+00
2.175756076077871803e+00
2.042997293098597122e+00
2.130184839834193600e+00
2.050441739370604921e+00
2.263876614929779763e+00
2.457090549003454694e+00
2.158920952535654969e+00
1.692401786899784932e+00
2.102303673218082647e+00
2.084940862563497976e+00
2.169809643399757793e+00
2.266722642895005357e+00
2.131388298676727633e+00
2.297616950602828556e+00
2.372489226305779297e+00
2.054744688565997901e+00
2.074170098178395705e+00
2.080158079276940963e+00
1.941553236615646272e+00
2.362209231912552276e+00
1.852103633288110673e+00
2.287054104202643323e+00
2.142340972841632496e+00
2.278295249889778606e+00
1.928831625496448376e+00
1.910447651443829775e+00
2.240111260186255837e+00
2.048513596794099723e+00
2.335735760200224664e+00
2.354761176805419520e+00
2.184365647773955921e+00
2.194226591000664417e+00
2.242296480681132298e+00
1.941169136537443940e+00
2.312132683324972682e+00
2.211730635501605313e+00
1.905107859277393789e+00
2.166519987244955203e+00
2.073309055473482321e+00
2.385410061077542387e+00
1.786612342538242526e+00
2.054694214802994967e+00
2.170101101789570386e+00
1.778078494210014515e+00
2.307118269558445345e+00
1.994947541789706458e+00
2.375022181001941846e+00
2.203717494769009466e+00
1.994096058339945410e+00
2.302420877799174370e+00
2.187567955609902359e+00
2.449880446921747001e+00
2.147095984527073842e+00
2.117086587619659621e+00
2.073159648285184620e+00
1.602607626769535054e+00
2.195791023417004606e+00
1.993425471734922683e+00
2.159570904750776510e+00
2.013363296755188880e+00
2.124507257189959919e+00
2.270266913557045019e+00
2.089067089002712763e+00
1.934807120071401210e+00
2.149171024121104612e+00
2.220936489100558742e+00
1.882275418164438774e+00
2.347936421420041331e+00
2.159065560537032802e+00
2.246309874731311496e+00
2.279648800163621924e+00
2.030408767450627483e+00
2.122054440826899757e+00
2.044955995193443954e+00
1.900570142515518812e+00
2.035851522732962771e+00
1.681197792297160598e+00
2.414146512210920026e+00
2.163841389039115715e+00
1.910843796503571612e+00
2.159859722509444691e+00
1.939848266140729249e+00
2.079653881725783471e+00
2.061201531934435227e+00
1.854862870087514271e+00
2.084715914683493931e+00
1.965296293998707089e+00
2.121126440220070464e+00
2.086146412762561297e+00
2.193642168960507455e+00
1.961562805223656003e+00
1.746598592874674782e+00
1.909789247552358349e+00
2.305900489866587577e+00
1.864176307187106474e+00
2.108337982151669010e+00
2.242373492011039193e+00
2.102223686829589155e+00
2.122153978581826195e+00
2.090344697168837751e+00
2.019466243275528594e+00
2.431972002252474674e+00
2.399532483615352429e+00
2.167525748570417132e+00
1.937396424378759363e+00
2.128235541800968633e+00
2.125638438488087978e+00
2.130040233283421625e+00
1.863070809148343443e+00
2.253508387279554714e+00
2.228801483445047804e+00
2.235507339429511742e+00
2.289354222331417166e+00
1.878406097430128652e+00
2.264301810389398373e+00
2.048297979411091152e+00
2.076113526250459529e+00
2.222133905028397027e+00
2.508791650145030250e+00
2.195134971007805635e+00
2.163023753230449486e+00
2.614409016938036512e+00
1.952613827268927293e+00
2.532700980027064119e+00
2.140621713349181832e+00
2.317935739311915544e+00
2.215618283425702995e+00
1.733751348293883776e+00
2.053826123676053772e+00
2.128183795104207743e+00
1.766178882884384738e+00
2.200559715513017434e+00
1.996202914267768636e+00
1.985520668711688197e+00
1.746963566746952523e+00
1.738424126630780719e+00
1.754450832326857945e+00
1.901659560796352455e+00
2.182336603118733453e+00
2.329759081962492040e+00
1.922531653527759676e+00
1.915691034208447441e+00
2.210222090012273544e+00
2.219195569931684986e+00
2.379429040968999320e+00
2.111281589933458047e+00
2.378648001061635320e+00
2.000429664103795968e+00
2.148618901976738549e+00
1.977695821573492774e+00
2.624627524660171130e+00
2.133038285886233787e+00
2.200315220943704464e+00
2.266974504043369532e+00
1.868934788941337466e+00
2.068953494642591373e+00
2.197959657285164070e+00
2.321660774614628053e+00
1.915654607253209685e+00
1.908136169926252679e+00
2.253619375830642646e+00
2.009612395581306110e+00
2.072742181037091402e+00
1.992262413068034643e+00
1.757337419965869563e+00
2.220773667749322389e+00
2.060833049961882768e+00
2.397420590241354788e+00
2.131006596045012635e+00
2.227296638509552285e+00
1.773040313095471721e+00
2.175756995845142594e+00
2.209912399319218679e+00
1.954635552980264368e+00
2.076961107656510652e+00
2.163971889211889543e+00
2.414331916054205607e+00
1.789725430292518293e+00
2.376513956126859117e+00
2.016794571739329189e+00
1.763748476740441884e+00
2.330769001205319491e+00
2.294057315855881907e+00
2.085031295195012735e+00
2.165425452997695732e+00
1.956384373758241368e+00
2.198960437352483588e+00
1.802413620343292111e+00
2.178274634831346646e+00
2.369348043432284001e+00
1.861459410007269888e+00
2.396377462221472854e+00
2.334604817807506283e+00
2.109829718541949894e+00
2.161356519931679099e+00
2.279611579123335563e+00
1.980144805196223823e+00
1.948212501622066162e+00
1.831771465330260140e+00
2.225318219422140142e+00
1.757126356339328899e+00
2.043082690068332763e+00
1.783295633448496176e+00
2.067417917884849299e+00
2.079038026432271202e+00
2.149662400730826484e+00
1.946832011413723196e+00
2.223847000679525898e+00
1.872263084611531125e+00
2.371242971476895445e+00
2.178868690307259381e+00
2.055149807913473126e+00
2.171260068267768517e+00
2.066062206709277760e+00
2.081968710148157431e+00
2.022021265091606956e+00
2.260979695583525295e+00
2.268200922652034546e+00
2.265810667320073968e+00
1.872887065736471568e+00
2.631044023669927068e+00
2.283032702565485295e+00
1.911357176199948826e+00
2.265859351754818007e+00
2.076897757218191920e+00
2.115424240504113040e+00
2.032880856382671908e+00
2.414455986922354302e+00
2.221775660931600171e+00
1.788380093224741119e+00
2.085998299741632866e+00
2.279629432504985509e+00
1.464928640618474720e+00
1.719701175493466794e+00
2.183941594605337766e+00
2.230447091953072558e+00
2.080621922670155666e+00
1.855663010372287092e+00
2.253549295189884560e+00
2.248328141286510373e+00
2.251161772376675696e+00
2.240158951983849178e+00
1.783959545887148668e+00
2.370926696307142922e+00
2.086207106900816122e+00
1.921627247141355799e+00
1.836184097733969178e+00
1.932364653324749826e+00
1.864961080152962802e+00
2.107383421081001185e+00
2.385455132140036572e+00
1.903879227255113715e+00
2.192827815840787675e+00
1.918102024410983653e+00
2.118809952591220291e+00
1.985314333178005430e+00
2.116385427223200111e+00
2.500883472803739238e+00
2.146684748394566356e+00
1.990391458496274968e+00
2.127046008152785106e+00
1.747907271283314579e+00
2.169441406985624710e+00
2.205015843659705155e+00
2.037145512480410758e+00
2.193045752858831410e+00
1.531936129026524984e+00
1.929860776073656137e+00
2.110981180400642199e+00
2.227428499707122977e+00
2.211136035155897517e+00
2.154678870195211093e+00
2.100662227903268509e+00
2.239843932364497636e+00
2.443017595860053515e+00
2.274274999143871767e+00
2.049197482282449911e+00
1.702252201966999667e+00
1.914303276748427152e+00
1.892069355037274248e+00
2.069390203945872031e+00
2.436661187299548281e+00
2.361725865375287725e+00
2.406377022499836649e+00
2.179995287860296393e+00
2.040373112123076815e+00
2.515289063623725063e+00
1.978990366519516986e+00
2.021746198158871355e+00
2.311278252091370611e+00
2.386563297930475613e+00
2.113130584210613616e+00
2.115957703349347963e+00
2.064393934189236557e+00
2.000554854228906443e+00
2.234938755815700340e+00
2.133752036010331476e+00
2.118245747892671282e+00
2.241477255623688603e+00
2.122872262936044141e+00
1.734274661050254407e+00
2.278852919106042041e+00
2.004827397822192214e+00
2.160257160273994614e+00
2.504524632330645151e+00
2.102024858027109477e+00
1.929047014011438632e+00
1.971443239860236618e+00
2.341255438913815379e+00
2.088407494945351051e+00
2.147069754531560015e+00
2.391230729449215886e+00
1.962678432047349375e+00
2.180335288518115533e+00
1.951490687519243039e+00
2.136122522778394206e+00
2.067300773424402660e+00
2.065004928366196424e+00
1.832735922227621606e+00
2.059527711270815686e+00
2.094968423589526285e+00
2.485350751706817185e+00
2.407735551427614862e+00
2.411248628188117582e+00
2.390122512990973558e+00
2.029528833280938471e+00
2.198091996391554392e+00
2.121853787193409335e+00
2.100219338816566861e+00
1.757322435808241545e+00
2.246468037337326251e+00
2.295716790317651856e+00
2.120662403223361636e+00
2.178291018599349371e+00
2.085827937062326942e+00
2.235369214639375546e+00
1.779482931448256977e+00
1.672954209120648628e+00
1.930935618531498754e+00
2.466755940862451979e+00
1.927334437544736989e+00
2.329345725401603229e+00
2.542763679382137987e+00
1.842297100503692775e+00
1.980861662739239915e+00
2.128223195769399556e+00
2.037598951510326106e+00
2.063255808993524898e+00
1.763862416101068753e+00
1.979697366301762074e+00
2.170201533566440855e+00
2.150845348210066010e+00
1.998281418897285278e+00
2.234709606086423772e+00
2.226474761404356073e+00
2.067478906073761280e+00
1.902273428259660948e+00
2.230604309484229830e+00
1.828824866857932996e+00
1.921825239822531062e+00
2.146323148269710490e+00
2.354147754842400353e+00
2.055368660785873214e+00
2.067830141563677948e+00
2.144771485234641784e+00
1.921294416764119717e+00
1.821980684186773169e+00
2.015237003060068588e+00
1.941355291130501204e+00
2.095003236316041573e+00
2.112823631091094168e+00
2.174663169955591613e+00
1.968667146459899930e+00
1.938122921337797289e+00
1.917575400958161591e+00
2.063353381634145833e+00
1.337363644698774001e+00
1.705313023775623771e+00
2.173209836336771783e+00
2.178433284140552484e+00
2.213036386320458959e+00
2.248107705888254149e+00
2.396598269355302069e+00
2.211257586800575048e+00
1.904969632651890343e+00
1.971018435687029280e+00
2.226687819897705811e+00
2.233764851240576554e+00
1.899660628200743329e+00
1.990618312494966569e+00
1.915253125313929772e+00
1.912188470666238649e+00
1.950197703603815391e+00
1.930682467964053961e+00
1.836750662989587335e+00
1.726552390835812467e+00
1.969040792344065594e+00
2.350753757034973024e+00
2.253577513318134606e+00
2.196604603471875805e+00
2.330024057684503713e+00
2.069418669391358989e+00
2.115613755848508415e+00
1.905437420888148159e+00
1.927292674626481794e+00
2.455220565603397187e+00
2.295251641543060384e+00
2.036510005176033200e+00
2.126095575218816869e+00
2.189297876533587317e+00
2.218209570765842908e+00
2.313940395356739455e+00
2.086396578604441832e+00
2.204258859836954798e+00
1.781927986541344877e+00
1.996283390193777763e+00
2.167127645367159516e+00
2.284391260192083717e+00
2.122631755447822677e+00
2.194316191870362864e+00
2.130989585982157930e+00
2.036118270426335641e+00
1.853047502643493605e+00
2.242551856187374071e+00
2.014620649006962694e+00
1.961818477281608297e+00
2.352136860226553772e+00
2.386061459946171137e+00
2.312425292523438980e+00
2.278383625358842313e+00
2.244019662149266736e+00
2.352472843775419431e+00
2.273687294629112454e+00
2.264519033894736300e+00
1.844434419020028804e+00
2.146527913616287364e+00
2.177345905731262299e+00
1.877522702523893416e+00
2.029875392193686956e+00
2.032329593636151177e+00
1.946019316913742081e+00
2.402579929743222209e+00
2.135251511337184382e+00
2.129156921664394631e+00
1.927709451661310469e+00
2.535515072205704268e+00
2.158558116569371688e+00
2.024422980472361022e+00
1.983836045994597397e+00
2.134740511370840199e+00
1.707095411137679930e+00
2.003420823907244408e+00
2.062436701097903669e+00
2.221235936794457633e+00
2.000778616373641405e+00
2.137882150079512655e+00
2.296041852445201759e+00
2.336202571711289089e+00
2.024025526588982160e+00
1.963690002314555372e+00
2.225425013363984572e+00
2.162955029053693412e+00
2.029268852801125345e+00
2.140678316697471217e+00
1.891408709008663092e+00
2.248347924103533568e+00
2.091624078707056800e+00
2.444661601196846057e+00
2.460184713371257992e+00
2.103024714636608117e+00
1.933184954278130974e+00
2.268960440685954705e+00
2.106838187344457491e+00
2.256822575109731055e+00
2.029403730546385898e+00
2.077304395955966054e+00
1.931250721920696911e+00
1.951324281631349855e+00
2.333910267544208494e+00
2.122804557894418576e+00
2.200313803289110748e+00
2.111407605323142977e+00
2.104033687578132472e+00
1.995802447542573743e+00
2.045169626451706080e+00
1.971345939503753364e+00
2.284250216337141648e+00
1.862780270207904598e+00
2.036738824208366605e+00
2.088138985710508155e+00
2.176953243078166622e+00
2.002629087608320368e+00
2.428927336840254192e+00
2.186265581250048662e+00
2.098519354246789259e+00
2.272093223002047857e+00
2.103256712310495491e+00
2.201648374692629861e+00
2.014266776627161359e+00
2.185127522733044891e+00
2.408464652313473842e+00
2.089695113839620255e+00
2.161479364051278385e+00
2.357067249334341419e+00
1.870976672387842932e+00
2.392764654619126130e+00
2.159428251320572478e+00
2.227228199111830342e+00
2.141029716323037846e+00
2.217867210321738725e+00
2.020266267126519466e+00
1.897291693747167551e+00
2.354271821404748000e+00
1.868658128742410884e+00
1.632291759601111503e+00
2.461568754491955779e+00
2.136323720990102704e+00
1.910271977973886814e+00
2.060794268843336052e+00
2.133145760336017549e+00
2.218116395393448403e+00
2.136178187515496596e+00
2.230494688354897281e+00
1.916273883010828349e+00
2.070309529727088815e+00
2.415851819923818589e+00
2.154599891852023497e+00
2.225073637484659361e+00
1.926145871014527389e+00
2.120581845895953332e+00
1.846363774768695620e+00
2.260454805050308380e+00
2.261376813607593572e+00
2.058590620877423838e+00
2.167965703542156675e+00
1.848731605711908532e+00
2.121050844294254389e+00
1.858429453846828672e+00
2.273110303804176002e+00
2.345390806751036727e+00
2.152679166114674469e+00
2.095550285648606792e+00
1.981864875602772136e+00
2.267269078353912892e+00
1.980454521394845457e+00
2.231108595380439930e+00
2.046889162781789118e+00
2.010252657712797930e+00
2.141168230760098989e+00
2.093434399145651437e+00
1.675616221474190093e+00
1.898645997244297945e+00
2.154899169896116184e+00
1.952577062437408362e+00
2.282560681151813764e+00
2.277379129635302313e+00
2.056229860100823537e+00
2.175542620867338073e+00
2.302001379695794103e+00
1.950649732096909394e+00
1.861091736228079219e+00
2.091793658100289388e+00
2.082485079546994022e+00
1.993839344799654967e+00
1.751848127882948969e+00
1.807407368196851438e+00
2.099652144938261689e+00
2.139468410009492061e+00
2.018813180341021418e+00
2.383517022156537823e+00
