-1.676718457872175350e+01
4.301625164312554261e+01
-2.453507774815079756e+00
-1.718302101338076682e+01
5.590930656866021309e+00
2.224874868020560825e+01
-2.102081473551970703e+01
-8.105456782000601379e+00
8.002837484330029838e+00
-2.148806158221032092e+01
6.407612976944983529e+01
1.636171406683797613e+01
5.982764042223607248e+00
-6.061412487798043003e+01
-1.311914551881272928e+01
8.306651619859167113e+00
-3.857050413514571119e+01
1.661889597520303141e+01
-3.781167728913078463e+01
-6.339866729881032370e+01
5.582922482849426160e+00
-6.809270164417921478e+01
2.143823148120236510e+01
1.185678207558839858e+01
-4.730455696592753156e+01
-4.951963312085354119e+00
1.500794538280388224e+00
6.631907252790824714e+01
4.186660084551067484e+01
-1.696493794226080354e+01
2.965757159754275563e+01
3.993859154592928462e+01
1.802373237966503439e+01
-4.803630961597264104e+00
2.639220791248135356e+01
4.936254183507116977e+00
2.129593083011286581e+01
-2.516299888264939000e+01
-1.063611682559121618e+01
-1.714100768809066722e+01
3.210116207535747890e+01
4.797208449966592525e+01
6.680891032885074310e+01
3.738556357030574873e+00
2.807016140592213560e+01
5.501528381985508531e+01
-3.492497355890691324e+01
-2.431102072011117343e+01
-7.039508456010935333e+00
4.012424495602317620e+01
4.424023834009767597e+01
5.132340827463895039e+01
-4.764836951595134451e+01
-1.954417376161791253e+01
-2.376715651847462141e+00
2.769579969971164246e+01
2.374082606429419684e+01
2.518433803270681892e+01
8.079849333810216194e+00
8.462871878356645539e+01
2.336967586327682511e+01
-1.580897426830233599e+00
-2.938699268978280088e+01
8.795081664009558153e+00
3.830775322586623588e+01
2.375345773892104262e+01
-3.302137629639582883e+01
-7.457788217545748921e+01
-2.878002640541717483e+01
-1.396314320000328735e+00
-7.936277496734646775e+01
8.490080328027670475e+01
-4.658626549039672682e+01
-3.190231165428940585e+00
-3.224743422890242073e+00
2.455080794032483027e+01
5.841643760484475933e+01
3.334176744347132626e+01
-4.254753003526502653e+01
-1.079277286576871120e+01
-3.876512517664468760e+01
1.786196910941771421e+01
-1.781402734436869650e+01
-2.761909648889741220e+01
-4.351934059490804430e+01
2.048884673521388322e+01
-5.002235296480193938e+00
-1.086226881555330692e+01
-1.274671476179173624e+01
6.093891878843805898e+00
6.977796812772567137e+01
1.851527057446946856e+01
-3.051580212124736136e+01
3.804331871970316570e+01
1.216170868118342696e+01
8.906200177058053669e+00
1.425354438736576412e+00
-5.376277107543955935e+00
4.796158877064044646e+00
2.925969993794751645e+00
-4.857244600603416984e+01
-1.126586484915333131e+01
-1.488772901221364009e+01
-3.844948051114442933e+01
-1.540104270323081437e+01
-4.951242756256306166e+00
-5.830252389428096649e-01
2.569738869343882470e+01
1.563017455155613789e+01
-3.734245534586807480e+01
4.267051136212376150e+01
4.239716453253549844e+00
5.406284755345768644e+01
3.881200239393047013e+01
-6.110030644944799860e+00
1.663334979628007204e+01
2.992219698496546698e+01
1.042362369176494212e+02
1.146479235667902685e+01
-3.848172112046540860e+01
1.016895256057887309e+01
-8.940956246479345282e+00
8.152794385503511876e+00
-1.608606038579273445e+01
8.059222620111995639e+00
-2.603578729972787187e+01
-2.256903604817216547e+01
2.415368736323898702e+01
-2.022401852912207687e+01
8.606988942956832034e+01
3.731124974245267367e+01
6.858459983094962809e+01
2.801175414602539604e+01
-3.809979574721637618e+00
1.130323094807363304e+01
7.585341797890077942e+01
3.114127970812205604e+00
-1.814749912942033916e+01
1.333370056707281037e+00
-6.699348902204519618e+01
1.806270070915161341e-01
1.640838892717511044e-01
6.457278452261425628e+01
4.754928108570720724e+01
1.425889530970698615e+01
8.478461572881315078e-01
-4.817403441534679587e+00
1.003098872798682351e+01
7.062869701354475183e+01
1.638504864610195000e+01
-1.701290941857587313e+01
1.128083138567399146e+01
-1.002328699119652811e+01
-1.180003239631696488e+01
-1.255758083406817605e+01
-4.766919079724175390e+00
-1.231517120445778346e+01
-5.928413770400766225e+01
3.307299028799616281e+01
4.173877487448135071e+01
8.518418710413880035e+01
-5.175291698981845911e+01
-1.560567890744277975e+01
-1.556789711634610285e+01
4.041174433677952038e-01
5.213358363201496104e+01
1.891218386682521668e+01
2.675599497829671236e+01
1.935641059576482803e-01
2.285111159701955330e+00
2.294548713220001446e+01
-1.497869594039002550e+01
-4.146819293150201702e+00
-3.691046274467817057e+01
9.795393088298942530e+01
4.281109698583622958e+01
-7.004988210289411654e+00
-1.110044110745047874e+01
2.540298756227457488e+00
-2.207080640593312637e+01
-1.250110893328883321e+01
-3.925086093559502842e+01
-1.311227748976261864e+01
-1.682121952236093421e+01
5.419171030400548261e+01
-1.561898183295261333e+01
1.624053609220163708e+01
-8.356560535690277902e+00
2.442299632198410109e+01
-2.589071952757512918e+01
4.432760451417925651e+01
-5.650626739764311424e+01
-1.340781925746978231e+01
6.177709329702793184e+00
5.396003993858357717e+00
-5.185759958624657884e+00
1.536253587108967622e+01
7.145675635132647585e+00
9.501176561121155828e+00
3.953933279674129153e+01
-3.346936724099123239e+00
3.019311240961542353e+00
2.992706490088585269e+01
4.957526810079480128e+01
-3.433165320740909010e+01
1.264726891266263920e+01
-1.967796159319641447e+01
-7.489820594851153146e+00
2.108522377397684977e+01
2.650198427954728686e+01
2.429801552708295276e+01
-3.305510472674814082e+01
2.316581124403091962e+01
2.706936677678504566e+01
-1.887713554727542942e+01
-4.486924737772324079e+01
2.294834225483691625e+01
-7.905667183404148091e+00
-1.065206594203073109e+01
-1.681366869119119656e+01
-8.902992805335998128e+00
2.975893103126600181e+01
-8.182494389347539254e+00
-1.063697946870115629e+01
5.972520755660934810e+01
1.430896006927605413e+01
-6.104499329726604628e+01
-2.465664242859111255e+01
-2.887015127003132875e+01
2.295416815446060355e+01
2.429617847504869133e+01
2.328710909493202053e+01
1.344353108029963551e+01
5.372520579703632393e-02
6.289117231370346417e+01
-1.600858661359734469e+01
-5.404326069688067946e+00
-3.486553964800305039e+01
4.224259315016070104e+01
2.248154088215187585e+01
-4.755622924721046729e+01
8.327226716766745085e+00
-1.018693520756369253e+01
4.146070489653538971e+00
4.074663267743244432e+01
1.325908327129400277e+01
-1.690002733549135883e+01
2.150548033813083748e+01
5.048874414041620184e+00
-4.630871413651402690e+01
1.505409278708748388e+01
2.161376403951362590e+01
-1.849180491021616035e+01
-3.488082132041472505e+01
2.823107773679566890e+00
-1.021190731606748159e+01
-2.749940190863617318e+01
-2.074928302928719859e+01
-1.531512594724972587e+01
8.658646749067929704e+01
-1.581279919119015176e+01
-9.945799275478293566e+00
2.958547888537214021e+01
3.883910671397188707e+01
3.933346815305230848e+01
3.552431373661875114e+00
3.442432049301032748e+01
-4.145247252134595328e+00
-3.615991903781696237e+01
2.358800966139460797e+01
-4.794268520365221775e+00
2.517682926425823098e+01
-3.084133965273213107e+01
-3.912369093280631205e+00
1.070978043260829509e+02
-4.650659400745098537e-01
2.300944924096256727e+01
3.135919556307544553e+01
-1.515793210331321461e+01
-3.950066269611124881e+01
5.058654925233940958e+01
-2.045809869564027395e+01
-5.679543836910397658e+00
-8.249923735734228103e-01
-9.930258607934320025e+00
-4.049534322319050261e+01
5.443053749221417092e+01
1.448694009031441965e+00
1.054730873411526773e+02
-1.661778518955179607e+01
-7.247251975182280148e+00
4.992156237173276168e+00
-7.054393211483784398e+00
-4.819303329146805481e+01
-2.365063125683536782e+01
-1.115449896054769852e+01
-8.950692963774145028e+00
2.728079489192623441e+00
-1.119530275202805569e+01
-1.397097159856684812e+01
4.841039468995859352e+01
2.222945118849429491e+01
2.141004136756237131e-01
7.727373754736299816e+01
2.754423438305775562e+01
4.287018323918982787e+01
-1.064532822418232172e+01
7.660024654275275680e+00
-7.614821655079640550e+01
-2.785023674016429140e+00
-1.090915733494862252e+02
2.685689735229061625e+01
-1.106475695365588763e+01
3.201984951126314627e+01
-6.540115785706802853e+00
1.469160633818501083e+01
-4.485351263859456594e+01
-2.309198694317092304e+01
-9.451141343943163520e+00
1.205546058152822297e+01
-2.391705371980833661e+01
6.225663057630299591e-01
2.575794419396379453e+01
5.014484518794233736e+00
3.147716343720139776e+01
1.064804071034586741e+01
-5.693125253787457041e+01
-1.960538851877572597e+00
9.343721827152876358e+00
2.434119269809843900e+01
3.046111611778223960e+01
-1.190303245025779688e+01
-4.330212745101107430e+00
4.275350615175739222e+00
2.041346915346548485e+01
7.517937453058493702e+00
-5.192222982953080646e+01
1.201718733273946782e+01
-3.740887176727937913e+00
8.889283509211509227e+00
-8.206853761721504270e-01
1.270241132461160305e+01
9.931628814733812760e+00
-4.769191317131162577e+01
-4.286802507744050672e+01
7.330887137604804593e+00
-7.749717245116471531e+01
1.144312227589716713e+01
-7.456531355463994259e+00
-1.274863849282974115e+01
1.755888324276293133e+01
-4.889515143819198784e+01
7.931699494696658803e+00
-1.435148246623612067e+00
-5.268530020710841200e+00
1.781823088582314085e+01
2.222691867713365355e+00
-1.490258635028067147e+01
-2.893091128200831008e+01
-9.324772573686459509e-01
7.232632496870792238e-01
-1.075841702522939158e+01
-1.793938105749384704e+01
6.349779014730620474e+01
7.797552019557315361e+00
5.633871161054139520e+01
-5.406964423118552077e-01
3.028921133053472659e+01
-1.120340246448677135e+01
-1.679777493814344780e+01
5.245858413326595837e+01
5.468811357980030152e+00
-1.773112803064168475e+01
8.683432291754797916e-01
-2.073063387974661964e+01
-1.837988494703085962e+01
-8.305960919181870850e+00
-3.673155314878067657e+01
1.779052230814659197e+01
2.487262201333578560e+01
2.451765841701580939e+01
-6.424635906114417594e-03
7.579628503327057842e+01
-1.616550414143148373e+01
-2.765851992388888902e+01
-1.790411617551217205e+01
-6.907969600069918670e+01
-6.218285381577970838e+01
-2.229910052844934398e+01
6.564758453679905870e+01
-1.381293429316929178e+01
2.709325754149767818e+01
2.473623076954800126e+01
1.511030457687002126e+01
9.865415084047072014e+00
-3.204913981492973107e+01
1.612158722130061506e+00
5.682295642242934264e+00
-4.390243574922351399e+01
-1.485235978738364793e+01
-5.488148736591574561e+01
-2.081384205612721416e+01
-3.875182059139115154e+01
3.346482122779480051e+01
5.228712180914044438e+01
2.183002018628030783e+00
-1.089790482684202289e+01
-1.985489066161107985e+01
1.568666076495901507e+01
-4.585794808137507061e+00
-1.038415499178599930e+02
8.614650235922454158e+00
-2.209526058151413963e+01
-4.794676577714790255e+01
1.592217178203964068e+01
3.791881499466853711e+00
3.054352390969233966e+01
-5.582329467848921922e+00
-2.978272902945946043e+01
3.469859613775042817e+00
-7.354108098816141137e+00
1.216448736393158470e+01
-1.983910233965480074e+01
-4.682513893911936975e+01
1.705164772172292942e+01
2.013283305712320725e+00
5.141223011396232323e+01
-1.766113263055558491e+01
3.805191808931749620e+01
-1.596626716009723168e+00
9.438794732369387930e+00
1.472652649403607938e+01
-6.649769365251813724e+00
-7.265782986678186717e+01
1.578072106454783352e+01
-2.452226630721361289e+01
6.066626003369583486e+01
-3.104723015665058483e+00
2.717059625482352203e+01
2.730453675776516320e+01
5.595982828551041166e+01
5.609691841313178884e+00
1.880104315783364655e+01
-2.522867025092500626e+01
-6.621653563985546498e+00
-8.617970861521052939e+01
3.661296022085025470e+00
-2.332018064039630190e+01
-5.700128444329038757e+00
7.950720236180768552e+01
1.531044187926909217e+00
-2.895662368155171862e-01
-2.376313473473464910e+01
2.195403914557073222e+01
1.903380801310868264e+01
-3.777688375328580150e+01
4.519825724854990767e+01
4.872188908163298038e+01
4.298098261203904258e+00
1.942667860135816227e+01
-6.119145420032054972e+00
-2.374659518067574027e+01
-2.416412832061905647e+01
-1.623139185883155733e+01
2.641700092688051882e+01
7.987985753223711072e+00
3.474999795597932462e+01
3.180923744007895948e+01
-4.923734516337253808e+01
3.743550066943635102e+01
-1.242110247519940458e+01
1.822088495172874900e+01
6.359985156960647146e+00
-1.087157228767273409e+01
9.171461095104632477e+01
1.936017760426784662e+01
1.357502719681724557e+01
3.369153377556631312e+01
2.135242397303545658e+01
-1.704280556371440980e+01
3.965756319995625745e+01
-3.494048048624927105e+01
2.922440141825700266e+01
5.102473823456784885e+01
4.122766739194503316e+01
1.776872032653500355e+00
-3.171617557826766642e+01
-1.490825937516638078e+01
-7.116256976577278692e+01
9.255418946725058049e+00
-1.373417757756942592e+01
2.954907958742069241e+01
-2.011144560246066249e+00
6.318512452739014407e+00
-2.205359116692534371e+01
3.503963637028800804e+01
-2.773440840304692756e+01
3.994357808882296013e+01
-7.246419390284245310e+00
1.506354461145974710e+01
-1.488798361601311626e+01
3.888078068132153930e+01
-3.285570424986417493e+01
1.672741802368409481e+01
-1.433928643188392016e+01
1.117456335055703676e+01
-3.726481127835404550e+01
-1.828778996277605984e+01
2.444814008401908723e+01
-1.421213619734999156e+01
3.031114524500344487e+01
2.261997877360454368e+01
1.345157744789457865e+01
3.383147951784712859e+01
3.238980564254688943e+00
2.800176331058946744e+01
6.871360556024683319e+00
6.411350827240767103e+00
-3.350077412162590917e+01
5.443827116072452554e+01
-1.801405775419516431e+01
-1.524521772249408968e+01
-1.469540744131654719e+01
6.410126110444161895e+01
1.592575103361377842e+01
-2.785372528898869859e+01
-2.314082930622134882e+00
2.204716360531892860e+01
-2.859635245709068840e+01
-2.914190885025163880e+00
1.911986036452299231e+01
3.789015257762230249e+01
1.409795839129492379e+01
3.144563366030934048e+01
1.239711345537762099e+01
-4.988498600442744646e+01
4.631465647992581580e+01
-1.660094403359835269e+00
-1.758972099222955876e+01
5.986074751499108970e+01
3.647442461250102497e+01
3.777430618541529839e+01
-1.678555299658410149e+01
1.483514827898397925e+01
-1.570795449404840838e+01
1.734496246547269038e+01
-2.443470676124525198e+01
-6.840319538751919026e+01
3.954120879744368722e+01
6.746852225406200887e+00
-4.848344060130011712e+01
2.598052100884160609e+00
-1.647138211222954851e+01
2.588453030557730017e+01
-7.237105892379804573e+01
2.649541716097201061e+01
-8.639919921174259798e+01
-2.185283984572379268e+00
-7.129093759289844456e+00
1.812018405960907330e+01
-2.332848870225870996e+01
1.012206690495895600e+01
1.724866913854111772e+01
1.243831806373555082e+01
-3.753759395527777087e+01
-4.483170506088981710e+01
5.039666651571224065e+00
-1.099856555895848942e+01
-1.041280058043139434e+01
7.165228531617958652e+01
-2.089836372770605522e+01
-3.667175917009262776e+01
-1.825332165606596391e+00
-2.381248824638214501e+01
5.662111326411150003e+01
-3.231905178494707798e+01
-8.469313356031443618e+01
2.997091623608503141e+01
-9.663961256923812471e+00
5.080589310759023647e+00
-1.748284859247496570e+01
-3.458421604236718849e-01
-1.264300109765417801e+01
8.565885841470571904e+01
1.818805771393772375e+01
-6.244719466089463822e+00
3.386977837983249628e+01
4.828824226045935575e+01
1.621731794444212937e+01
-4.193716732237589895e+01
-7.087560803644919361e+00
3.276531327874499766e+01
-2.278842484786946443e+01
1.194304815385839902e+01
-2.983631478236929979e-01
-1.015256709397363011e-01
4.542757366082241788e+01
8.799732139710886258e+01
2.911176932933358330e+01
8.129011306677466564e+01
-3.382329467370982456e+01
-3.637481526984447555e+01
-1.377593318751723928e+01
5.414495805347996793e+00
-3.001808244328913133e+00
-3.613856614751966845e-01
9.275523068574784702e+01
-1.462338048054789397e+00
5.122374839846315808e+01
-9.970942601164097141e+00
-1.451240198707864693e+01
-4.135855206289852504e+01
6.237413567525891267e+00
-1.025134833169795456e+01
-4.594527296589603793e+00
2.312405104170284176e+01
-3.235299260242118180e+01
-1.227066015717809933e+00
-2.394356842757042614e+01
3.509576442256184237e+01
1.084120628819255217e+01
-2.775089108204156219e+00
2.639349524192539320e+01
2.734991202362425611e+01
1.769573588039975220e+01
2.890820610818354908e+01
-5.860681396482414129e+01
-1.657188311357185739e+01
1.552541125220523099e+01
1.662052445523204369e+01
-4.319671377402301005e-01
2.015786100303739659e+01
1.288410400577004111e+01
3.546327113262350395e+01
6.504908181518658239e+00
3.043247541457458283e+01
-1.544236227972123743e+01
3.709641835616821481e-01
-1.137432354846987437e+01
-1.609414690459561825e+01
-5.214423167551649385e+01
1.223243366305132440e+01
-7.829240661388121225e+01
-1.137927442111868004e+01
5.468311020543296763e+00
1.921408653583603154e+01
-8.172942390503385468e+01
1.291816962440452699e+01
2.553542979562735127e-01
1.324050824517735236e+01
1.228464996411012180e+02
9.608361808794188619e+01
2.156942116284881195e-01
2.953082632322093559e+00
8.085175123837416322e+00
8.084793290347533912e+00
2.208204011839416125e+01
4.087828177077426517e+01
-3.952015979684074409e+01
-1.388298676560452805e+01
4.340755369337011871e+01
-4.464402258467134743e+01
-6.281031797691866814e+00
-4.408797272713400162e+00
8.783599726726606605e+00
6.589553425756503202e+01
-2.917847811445426487e+01
2.049848864181512909e+00
1.654419910859360243e+01
-4.440495165180664117e+01
-6.000860964418779986e+01
4.637761426146516897e+01
-2.000400473897570919e+00
4.837969313016265005e+01
3.131167504617360464e+01
-3.693976486903011391e+00
-4.198584488899541611e+00
-2.934571912817136763e+01
1.281261958653021793e+01
-6.045902537561732970e+01
5.888196560217738806e+01
1.237493294293153667e+01
-3.956628980914956628e+01
3.262106869351555360e+01
5.537324043782973604e+00
-2.910050246429500476e+01
-7.420270913172134897e+01
6.861916597593335609e+01
-2.616660234438541011e+01
-1.329521750999811047e+01
-6.455548279139748047e+00
1.010877601556376248e+01
-6.543690190282222829e+01
5.774585529666501316e+01
-3.414118024217304992e+01
2.832953846266582332e+01
-7.392694009844490211e+00
1.089035757212877797e+01
2.774294724155561198e+01
-3.402036685769962787e+01
8.905029423637824948e+01
1.175947426026414178e+01
4.684712445241530077e+00
1.681870629819195528e+01
-5.388278304102186667e+00
3.573168064701940239e+01
2.944391599345863142e+01
5.320374614620050124e+00
2.666526619573005519e+01
3.303234051302297303e+00
2.790403381212991007e+01
7.234196028225960617e+01
8.726784947312762597e+01
9.090920340061120442e+01
-2.494857836984328969e+01
-1.091659430745326063e+02
-1.507410571665741372e+01
-1.134818587634345022e+01
-8.101297051668871063e+01
7.524116110018439940e+01
2.865010702970266721e+00
-6.247023431087882273e+01
5.188830805911356947e+01
6.349558954294934665e+00
1.039307085158179689e+01
-2.145350012294284170e+01
1.297923825698399014e+01
8.439838887907171738e+00
-2.346738056492131363e+01
5.265785370603043702e+01
1.608737053939103134e+01
7.266705559767206068e+01
-4.233860081579359758e+01
-5.915001788635299818e+01
-1.329195352822916902e+02
-3.369170701841085247e+00
-1.494388068901116640e+00
2.566694750186479723e+01
8.973871090479860868e+00
3.652168233476822934e+01
2.043159363782115179e+01
-8.607679110505159770e-01
2.264365749988792231e+01
-3.350048813544617587e+01
-1.272705001356825960e+00
-1.977360053148822772e+01
-3.584618684567431046e+01
1.292141866897827640e+01
1.421659516975250881e+01
-1.716588401608441927e+01
1.493326226589852013e+01
3.748477936731842419e+01
6.660142475997554357e+01
-6.110049512461955601e+01
7.969827452550634916e+01
-4.190977676323927881e+01
2.636291181326532751e+01
-1.041280317946848299e+01
1.076463010267889331e+01
-4.989471479049370828e+00
-5.346091506732500420e+01
-2.471983225456006039e+01
-2.082199971334739530e+01
2.799849587053131472e+01
-3.255714083997645503e+00
9.858903538973208924e+00
2.641196534500977577e+00
-5.020090893917767971e+00
-4.042349791243077561e+01
-5.387229996530686549e+01
1.307026959516497300e+01
1.779047969570956411e+01
2.164909499891064115e+01
-2.899016283617993395e+01
-2.526748033293642948e+00
2.139937775054158919e+01
1.625125217908089326e+01
3.451952814372634748e+01
-8.586895851744884567e-01
2.661677782528704483e+01
-1.076136375774403859e+02
1.600939712194303866e+00
-3.544323012663880945e+00
4.297025270391122831e+01
1.459229755668729922e+00
2.842112971997039494e+01
-2.781998958729673177e+00
3.061057239358524384e+01
1.186407005373166612e+01
5.079188920901287929e+00
4.801289432192379536e+01
2.042131115094662164e+01
1.046204790619640335e+01
-9.484886053761783842e+00
2.680414629561755646e+01
8.446279894850249548e+00
1.025970929053755754e+01
1.302384254617845727e+01
3.737329588579541451e+00
2.868945127875304024e+01
-2.387348098917846073e+01
1.813216056184319314e+01
-8.281139013068695931e+00
2.908905107816281088e+00
-1.378103787281679615e+01
2.735328877356960220e+01
-2.928753994297949248e+00
-2.973378934480024327e+01
3.480274975882139188e+01
8.511572161817412052e+01
3.149822580954287332e+01
2.807484584811209061e+01
1.162580339031733274e+02
2.028270528803022899e+01
1.897799207820662559e+01
2.934653541549323563e+00
4.590075739881285699e+00
3.323443212149641113e+01
4.982797401847619767e+00
2.478211177028697421e+00
-8.448119551444506214e+00
2.521621108542603906e+00
1.726840599293791456e+01
1.863973731485293683e+01
-4.818252001735390877e+01
1.794087329016292642e+00
-2.484219922805414171e+01
7.113925374716336592e+01
3.923673496195351618e+01
6.665878365838398167e+01
-1.304883873635571945e+01
1.737469307843821298e+01
1.602915612232754938e+01
6.361042005789386167e+00
-2.908338095980661819e+01
3.028188561597562511e+01
-6.173326157298379258e+01
-3.210906133836897425e+01
-4.238469593103536681e+01
-1.193389561666754162e+01
1.470360278046200619e+01
2.548127124722122971e+01
-9.563394841944955260e+00
4.878381515909040900e+00
-1.394604165857890621e+01
3.144236435391439954e+01
-3.189662413554333398e+01
-3.873529882382536016e+01
-2.996764495217394142e+01
5.098118569917505738e+01
-9.729745796604220232e+00
1.847944125119283854e+00
-3.629408838002291304e+00
-7.586493610751813321e+01
2.221670153494460465e+01
6.328702798432459531e-01
-1.895775496423266304e+01
-4.816304605283539786e+01
-3.714809335671043300e+01
-1.790757758652398479e+01
-1.983216765438919538e+01
1.525968910047276950e+01
5.559851088347204495e+01
8.376055650918715401e+00
3.775703080123093969e+00
2.141729189029138070e+01
1.686143253980299050e+01
-4.626430334622182272e+01
-2.824754072957875906e+01
2.053966122427891605e+01
-1.354776639283818440e+01
-8.247630253659235677e+01
-8.137090890244053298e+00
2.939354549688232510e+00
-4.450795319429289520e+00
3.305063179147600749e+01
1.258139089932137722e+01
4.819993825783967623e+01
1.932333296028537006e+01
3.034488187222859779e+01
-4.105196907069057488e+00
-4.134424976129776041e+01
3.067070776719265268e+01
3.134899270257847093e+00
-7.955045670144045289e+00
-3.006352702625099482e+01
-2.466961500954312214e-01
1.027888495013939973e-01
2.864804710946691557e+01
-4.405199204603150065e+01
3.179006653310489128e+01
-3.363197223864472107e+01
-3.219441732491577568e+01
3.614032897721244808e+00
-1.199010411963990919e+01
1.506091685879891884e+01
-1.093545935189786178e+01
9.061934983772061969e+00
-2.754187705344520509e+01
-1.602650368257354785e+01
-1.882352972465832863e+01
6.353462247472452873e+01
1.533303754673761432e+01
1.747333420116729030e+01
2.472509332849767816e+00
3.995421076040202024e+00
4.944781355554823676e+00
1.459877051947069049e+01
-1.764600297096330905e+01
1.581965195875045538e+01
-7.829549267423772108e+00
6.054402831049628730e+00
-2.268753599876390581e+01
-3.120908501636222354e+01
2.732036391822703081e+01
-1.711716141121087276e+00
3.347384573194449331e+01
-4.548665890274605772e-01
3.434940609775412668e+01
2.538428197108260065e+01
-6.480511422826111811e+00
-1.374419621208153330e+01
5.401525363350629050e+01
1.492792148169246502e+01
-3.584924048030643462e+00
-8.478298647628116669e+01
1.411529860818109228e+01
1.241461022900330136e+01
-1.176229998918324782e+01
2.159474363657545837e+01
2.228121845927671529e+01
3.972299622631499005e+01
7.373806039041937765e+00
2.586391734858716518e+01
-1.870671026617583266e+01
7.452012711792121991e-02
4.246360896690930531e-01
5.152856738124000913e+01
-7.288980426562648063e+01
-4.493084754795836488e+01
1.061794318007969196e+01
-4.440167676696501076e+01
-3.311973054270174543e+01
-1.952920985565106093e+01
4.020325624519500707e+00
6.849298594479478197e+01
1.384012256399500984e+01
5.466984815354862803e+00
1.038734474218790638e+01
7.395134483546826232e+00
2.800100651202546942e+01
-4.454317092043720550e+01
-3.918071873563803820e+01
6.159335104686306295e+00
2.226936119928313929e+01
1.018575128113125174e+02
1.397194301873832956e+01
-8.916186850288795540e+00
-7.974381375589928211e+00
9.977545877639840910e+00
-2.561000633801540971e+00
4.435081469342185301e+01
3.392311486599828640e+01
-1.182537499572299566e+01
-2.223443899884023267e+01
-2.745837716998948963e+01
3.877617216644512155e+01
-2.688149713135226193e+01
1.006045041307152133e+01
-7.991708975428082340e-01
1.328282552398968619e+01
3.347287764578413771e+01
-5.046013203791517299e+00
-2.875113478243019927e+01
-3.599639042558601432e+01
2.630067162959676352e+00
2.370106306478282931e+01
-2.417054927419894739e+01
-1.607477111780235646e+01
-1.233878096639227806e+01
-1.186671278815083497e+00
-4.973911590832949514e+01
3.179665797677898809e+01
8.235016267185073957e+00
-5.104681279534452187e+01
2.571463051426644597e+01
-3.920978973198680251e+01
3.923157561102516411e+01
3.244205920018976030e+01
1.365402015193421903e+01
-1.114238672016563214e+01
2.068980976268039740e+01
-4.165057622885433375e+01
5.784669594962906558e+00
6.623796219854739320e+00
8.240262782983791112e+00
6.769356885117758793e+00
3.208778554323635035e+01
-3.614036848143359748e+01
5.855378461855389105e+01
