3.942325273097561933e+01
3.785418648459470603e+01
3.815035747755282358e+01
3.691074190778382302e+01
3.659702424856185132e+01
3.745924625822657106e+01
3.795742032644083253e+01
3.742609055008334451e+01
3.374472721232006478e+01
3.727141158018846312e+01
3.916067143574024811e+01
3.641404779306220973e+01
3.549948037351363439e+01
3.859550434365555560e+01
3.681223586332131958e+01
3.758614902823367032e+01
3.998421118953469744e+01
3.763663963797225165e+01
3.672505108860130463e+01
3.883037592921282055e+01
3.683257535869482524e+01
3.843188187094031605e+01
3.608947164052084133e+01
3.745541458705627491e+01
3.913377699200304249e+01
3.795820948635200409e+01
3.566194130670742624e+01
3.592263770489302033e+01
3.520956430412940819e+01
3.750280923131054323e+01
3.726020218245358251e+01
3.712465207561938030e+01
3.845077702011651866e+01
3.566788938335407266e+01
3.779674174590395097e+01
3.732174514328468717e+01
3.540342713400944774e+01
3.760383479449905053e+01
3.774666510356583871e+01
3.785004498639100490e+01
3.671008106876726629e+01
3.704565312093327378e+01
3.582182404085872207e+01
3.619990032386044732e+01
3.824258092094319750e+01
3.771720239825366150e+01
3.952759593411208527e+01
3.740242036598509401e+01
3.622387837234462182e+01
3.737058769352972831e+01
3.636339955251078493e+01
3.617861488832355121e+01
3.823310564618271457e+01
3.745512940695537907e+01
3.562697016286889351e+01
3.847079877755323452e+01
4.012305054998792997e+01
3.684829880553914450e+01
3.818338501620635128e+01
3.713695831395064317e+01
3.686350561285816951e+01
3.843643483789639959e+01
3.950352467061765083e+01
3.599105225163329180e+01
3.548836821916184903e+01
3.702572416733745087e+01
3.867832853657980507e+01
3.888288996130185637e+01
3.728288511716505838e+01
3.724269816582577164e+01
3.853306755110577342e+01
3.776166485028126374e+01
3.847327953231147291e+01
3.416744972625326682e+01
3.654002675921127263e+01
3.675134118524128723e+01
3.738244390554177699e+01
3.709854994962210384e+01
3.890372094137454440e+01
3.697821796880005252e+01
3.762103312223249674e+01
3.789112100486808998e+01
3.723869363001053046e+01
3.757622070969755157e+01
3.890509191742152950e+01
3.497225489390519471e+01
3.847696849214860748e+01
3.570212660214432532e+01
3.730722044927787096e+01
3.845593889479314242e+01
3.781224624279663260e+01
3.634952466127462856e+01
3.732863123394121629e+01
3.574369459719720510e+01
3.501828153284389344e+01
3.781718481137822607e+01
3.422167595275969632e+01
3.835590193343738719e+01
3.586211923934714463e+01
3.544598282107668297e+01
3.831504075113957697e+01
3.715105438572373231e+01
3.792444388521784759e+01
3.762435450287152605e+01
3.655740971187514532e+01
3.572744301619786711e+01
3.749503351228180037e+01
3.614091977641933795e+01
3.632569871027776287e+01
3.830620203297667814e+01
3.676891304739503141e+01
3.849301205421922134e+01
3.700885826171063542e+01
3.609732485706209815e+01
3.703964080482850818e+01
3.773406190991440923e+01
3.724149540064642849e+01
3.600930014545364344e+01
3.638507167304362611e+01
3.673081589470091046e+01
3.452496226328799622e+01
3.763996695039876528e+01
3.538763042411859772e+01
3.867894606436747296e+01
3.497725608171580802e+01
3.768769674518244983e+01
3.815869789566781378e+01
3.684373549769863132e+01
3.717858848523202653e+01
3.662514014389213912e+01
3.684753195358437239e+01
3.905456415980919616e+01
3.646787432216984115e+01
3.864192223499880185e+01
3.811305540880818654e+01
3.610720551221468355e+01
3.615242257914407276e+01
3.853731471703272859e+01
3.651428468273591221e+01
3.983676102232026750e+01
3.700917972020282320e+01
3.594151980194620677e+01
3.813077561583482122e+01
3.540088422870773854e+01
3.808688561463037558e+01
3.518910580445257352e+01
3.606054312053382915e+01
3.511412758002355616e+01
3.486954965403292306e+01
3.836067623251742020e+01
3.801664511692197834e+01
3.586602695953136788e+01
3.763755363034498913e+01
3.702641910389147029e+01
3.459764215375703600e+01
3.709048124820823489e+01
3.793813741593348254e+01
3.818312716317042543e+01
3.856064631097538609e+01
3.762609226361247039e+01
3.845656971633788146e+01
3.863547025325471651e+01
3.781529194886412171e+01
3.660608900093895102e+01
3.787575820597521670e+01
3.732925180694537914e+01
3.576089266886471307e+01
3.617211289059779489e+01
3.706803810043842162e+01
3.559801488511003242e+01
3.641887434728562312e+01
3.733115307059090071e+01
3.534390661762698471e+01
3.795083796552644628e+01
3.641990952888623667e+01
3.616366777274343036e+01
3.606957824621728292e+01
3.748839947130425543e+01
3.804061350697820387e+01
3.825849862817337765e+01
3.873329338732737881e+01
3.720603735986437499e+01
3.571811497102271460e+01
3.737369450055104636e+01
3.632589974913499731e+01
3.604633276423533772e+01
3.615609254835707276e+01
3.635224230086859620e+01
3.645062493873125931e+01
3.711103267046294718e+01
3.577702897387231218e+01
3.951667467779516585e+01
3.601026182085040261e+01
3.617331397213769151e+01
3.469356754072037319e+01
3.625998824652272390e+01
3.846423329650564682e+01
3.561397515560261695e+01
3.538285084666396330e+01
3.764381195185220719e+01
3.634529349025442002e+01
3.724449518437472761e+01
3.672906953488450199e+01
3.513612611138638897e+01
3.759696336915591530e+01
3.719168193599440286e+01
3.683826075473252359e+01
3.581118216248385977e+01
3.639262528247487438e+01
3.707720161512699519e+01
3.831126356706644742e+01
3.693931228564903790e+01
3.681038091441074300e+01
3.766217203782577627e+01
3.697060988772174284e+01
3.772454755598140252e+01
3.611124105818509378e+01
3.644544348530645550e+01
3.775043210010474581e+01
3.723449554487334012e+01
3.567432604147101216e+01
3.762636178525354325e+01
3.891076343858313891e+01
3.607811245952170509e+01
3.840808784797051345e+01
3.527663510397781721e+01
3.803742515000464408e+01
3.586738121087137188e+01
3.634031545650263695e+01
3.854740930843470892e+01
3.781720584676796193e+01
3.646197043463823206e+01
3.534493773913073511e+01
3.502963218065020357e+01
3.780408744722328152e+01
3.800788103571240839e+01
3.699563325000551828e+01
3.786858684653285678e+01
3.612179554892406230e+01
3.694824663420530442e+01
3.779482081509573277e+01
3.535002652319694505e+01
3.791873473914341730e+01
3.746152266774525685e+01
3.946397845534749393e+01
3.641807482037216204e+01
3.751888133846190243e+01
3.827962898965000704e+01
3.650693253588849529e+01
3.731731636826186360e+01
3.761334775468375824e+01
3.449442255799590384e+01
3.773374977879589665e+01
3.873463022110149723e+01
3.540767378096811058e+01
3.533579924578446452e+01
3.815190855302582662e+01
3.694140808480580773e+01
3.912127188189802496e+01
3.928934087845873790e+01
3.861821106534057435e+01
3.577389779646362911e+01
3.563527004103333695e+01
3.627133509352166385e+01
3.613897337749698835e+01
3.782295653843125649e+01
4.417235218355863680e+01
3.735169321911579488e+01
3.702845103580827413e+01
3.599117875047794257e+01
3.809504270842153062e+01
3.784445875076066557e+01
3.929011526517938790e+01
3.404796301475218456e+01
3.887798128546805998e+01
3.707253283369766450e+01
3.693870184270060264e+01
3.831792444884958826e+01
3.737294067586023516e+01
3.975185500657752868e+01
3.797297587526774265e+01
3.728852583024204392e+01
3.783102889119356149e+01
3.546853160319005127e+01
3.698524923669737063e+01
3.672506292426945862e+01
3.661900043616228828e+01
3.583521715979780708e+01
3.656487282780508252e+01
nan
3.755339827656622731e+01
3.788390768260041597e+01
3.544642495296356799e+01
3.878989123735961897e+01
3.850343383311162881e+01
3.854098884807460479e+01
3.920388904270807728e+01
3.649789385528765706e+01
3.882070345184821036e+01
3.816213709885672500e+01
3.720981245534284909e+01
3.520931072190705180e+01
3.832557749438253580e+01
3.627644360652343636e+01
3.591912941821651373e+01
3.570132608502599680e+01
3.713445858059932903e+01
3.611633071909106008e+01
3.907491573480115221e+01
3.613737724046605848e+01
4.239384218324187970e+01
3.686320716304597056e+01
3.649543350822984422e+01
3.649667893583804101e+01
3.720239346504816069e+01
3.725043559979740593e+01
3.770313545997838389e+01
3.855765160469407959e+01
3.644453515274937416e+01
3.717077590079782112e+01
3.702989681817513201e+01
3.682250128338749562e+01
3.640974227647460282e+01
3.710566580533329528e+01
3.687077075484921096e+01
3.755917171564526313e+01
3.832703044742892473e+01
3.841940948474386630e+01
3.770970039332671320e+01
3.666237181809344037e+01
3.717822337690004275e+01
3.609220484404967522e+01
3.605716949099270607e+01
3.791712287622666366e+01
3.752980352799520603e+01
3.522190110499496996e+01
3.898061215389021328e+01
3.702767965728935451e+01
3.744206415181687220e+01
3.740406163803017137e+01
3.666054010819431141e+01
3.535196654021031293e+01
3.763658567825552126e+01
3.803608823997679167e+01
3.744354573464473646e+01
3.769088067015761112e+01
3.831162937076627628e+01
3.753538406535340499e+01
3.743999705295721725e+01
3.550297282962221601e+01
3.393612821066200524e+01
3.897118316095365742e+01
3.747804323185857100e+01
3.607932170338035149e+01
3.531922239190451762e+01
3.848852307201494938e+01
3.894215899633456246e+01
3.695084357268878961e+01
3.571993943814943862e+01
3.758848468794116826e+01
3.570402715006014205e+01
3.736873120265086357e+01
3.549862368091945797e+01
3.736081099524187721e+01
3.679582335237995494e+01
3.541469900594851339e+01
3.669682588623130215e+01
3.849578556846120847e+01
3.636840992451553944e+01
3.812855430888992458e+01
3.758603499487955446e+01
3.552534795564701398e+01
3.779251820653561111e+01
3.642477771575925516e+01
3.810086180774356990e+01
3.812987032778189445e+01
3.751744276065933548e+01
3.707198726407981582e+01
3.867287749248298212e+01
3.651925441700322494e+01
3.548497154143856847e+01
3.456771791593780563e+01
3.778645012072461640e+01
3.784955019631120621e+01
3.711848155715377118e+01
3.661785380261078160e+01
3.918946193590426930e+01
3.842064673836969035e+01
3.709427817565521224e+01
3.577212839943906886e+01
3.855881370807396280e+01
3.542707537160151077e+01
3.557408700335167850e+01
3.641882628763547558e+01
3.996063936101513292e+01
3.691993309225529174e+01
3.859054976409474591e+01
3.745657851972565311e+01
3.761092936021358213e+01
3.771166656341282675e+01
3.796475764344988590e+01
3.567862202623604873e+01
3.920947951466185089e+01
3.525166155620123476e+01
3.740042117172975367e+01
3.819698180838104662e+01
3.669298588704132413e+01
3.848562365882735747e+01
3.801221504608509605e+01
3.552063702077577290e+01
3.958542920239891316e+01
3.760847866076920809e+01
3.747470240933159147e+01
3.698615975790070820e+01
3.858026635777174107e+01
3.580188879910844690e+01
3.803648719524957045e+01
3.696722955301133595e+01
3.689729287554049364e+01
3.792227972843361528e+01
3.663452002392754991e+01
3.777762273686202832e+01
3.742581300658532939e+01
3.880773406858002517e+01
3.628942013150680168e+01
3.729839790826257939e+01
3.474242949119717139e+01
3.732494228090596522e+01
3.727257592058395375e+01
3.835062821170786407e+01
3.731027649157363868e+01
3.598761457219907101e+01
3.772412006464942635e+01
3.816474525736043688e+01
3.778996571430049300e+01
4.145331425482300602e+01
3.615050977300616353e+01
3.452490550022058358e+01
3.666367684681472383e+01
3.555298393122630785e+01
3.647270267043470682e+01
3.773329340169730273e+01
3.653921624478598318e+01
3.769416317829789165e+01
3.828859699614472589e+01
3.897850648950619501e+01
3.702911609109505520e+01
3.749440416674333676e+01
3.590242935723878048e+01
3.671900455846837019e+01
3.557853738317922421e+01
3.837517920575545816e+01
3.732268187464949705e+01
3.841791008778911731e+01
3.589773955649328485e+01
3.748316689905842480e+01
3.738024406494307783e+01
3.554931118128489231e+01
3.872561069850237914e+01
3.794648630288070024e+01
3.805004205999673417e+01
3.834740387792857064e+01
3.877829669085412689e+01
3.640940519443897472e+01
3.731051053959494368e+01
3.778269275356486645e+01
3.550692788515527809e+01
3.714776312443269290e+01
3.812604701184312006e+01
3.823371581153215004e+01
3.674403461261290715e+01
3.603924077409070037e+01
3.770617286226326570e+01
3.534323379856300562e+01
3.780493160176650491e+01
3.605352521479616712e+01
3.794187192982128920e+01
3.666978937799983385e+01
3.519733658875591686e+01
3.805983473366740810e+01
3.667261924254999883e+01
3.873208524916205420e+01
3.642712744966206628e+01
3.536377341721066614e+01
3.630863324769583045e+01
3.306855810658087336e+01
3.839475305461773047e+01
3.746608987831185544e+01
3.823270730660054539e+01
3.642082622514471524e+01
3.819666068484121269e+01
3.744222588036726052e+01
3.708328777048206604e+01
3.590350078816067025e+01
3.775137133579705306e+01
3.720104902499648603e+01
3.749803872086388168e+01
3.758996649246445543e+01
3.762291705946538656e+01
3.731086398182574726e+01
3.849098611122521874e+01
3.604210772008735120e+01
3.776488662752203140e+01
3.590481793845262359e+01
3.684163530272369513e+01
3.587003948559272004e+01
3.579405039214880446e+01
3.897447166386643858e+01
3.722567172464575691e+01
3.583263539827275679e+01
3.719345740680277146e+01
3.502861540307575439e+01
3.702428254742054747e+01
3.665419042956259688e+01
3.574830020635436512e+01
3.764331410321980798e+01
3.614536865154219214e+01
3.847741667317229286e+01
3.784501912566297932e+01
3.662000393110687924e+01
3.762248754347782409e+01
3.601288536062438084e+01
3.691227209517570884e+01
3.688550145034157879e+01
3.493026658481373659e+01
3.752491815266651543e+01
3.802853936801180623e+01
3.604724149943589140e+01
3.725877176212477337e+01
3.652075231772392527e+01
3.575842397774969328e+01
3.754226737835429617e+01
3.799861731714550217e+01
3.612992947454080195e+01
3.547022303691197465e+01
3.850628398344161951e+01
3.648792502900629131e+01
3.668474639996360764e+01
3.623860137584740215e+01
3.645503216519522027e+01
3.669516241150503788e+01
3.761091693629138888e+01
3.847509664587600042e+01
3.611560507132077902e+01
3.855340729502403718e+01
3.628238662132439174e+01
3.788673189448257972e+01
3.888599185443999318e+01
3.948361322559011910e+01
3.745670092282770725e+01
3.876507952392399403e+01
4.296544037211114642e+01
3.706213100159391161e+01
4.311211067999119706e+01
3.855509511800902800e+01
3.763073223384078858e+01
3.926582614113572589e+01
3.549308659318296577e+01
3.708100641682954546e+01
3.708756075976329214e+01
3.633331420635732201e+01
3.676292530027095040e+01
3.629584505498887381e+01
3.593403131420932795e+01
3.671410959419679187e+01
3.701114412744323801e+01
3.534550121961689939e+01
3.663551576968182388e+01
3.771031223844892111e+01
3.697623724966520342e+01
3.722464594575082941e+01
3.735740140779386564e+01
3.778711426611138080e+01
3.889515790536127327e+01
3.691941007093305416e+01
3.817827155674875428e+01
3.964431428255416989e+01
3.705330873339857334e+01
3.788866805272114391e+01
3.624640303346150461e+01
4.187820969276189231e+01
3.744183653107559451e+01
3.859308050164244008e+01
3.656989844538652790e+01
3.432035719742777502e+01
3.726647870238507920e+01
3.693389421969337860e+01
3.651277188366432824e+01
3.515328734682029221e+01
3.765103065959077355e+01
3.877204707504386505e+01
3.551731023362409445e+01
3.723651173877586729e+01
3.622074842334242106e+01
3.534024125643892233e+01
3.728912749234212498e+01
3.619752430419841005e+01
3.728099178803394409e+01
3.704775755337274745e+01
3.661811242082612239e+01
3.684165518378565451e+01
3.827904724751935817e+01
3.815638319027344494e+01
3.623378917126325405e+01
3.711903999979870861e+01
3.720690597444806258e+01
3.840287817817651472e+01
3.465604768281414039e+01
3.782005985727388975e+01
3.732358823702195139e+01
3.629274574216182714e+01
3.915210318496772146e+01
3.831068366281684945e+01
3.816639631666390642e+01
3.701673755558581291e+01
3.552869783994526642e+01
3.701787170124666915e+01
3.466137154348328409e+01
3.827146325367136370e+01
3.769555664077474688e+01
3.499198970330290592e+01
3.808797188643352172e+01
3.802008534737571921e+01
3.688520369266714027e+01
3.834481196538830261e+01
3.766812654064348465e+01
3.774537378197631909e+01
3.663180158622471794e+01
3.498441308095451774e+01
3.694252108232284115e+01
3.503595751133394742e+01
3.646928304606660021e+01
3.441287201347545022e+01
3.626087008290262048e+01
3.643193129852476631e+01
3.610272391431793437e+01
3.722576999859974478e+01
3.770690579448217505e+01
3.605857910435083369e+01
3.981225286392611196e+01
3.891818413367072793e+01
3.715796505999098542e+01
3.915321866555859032e+01
3.685404257573573261e+01
3.615903231830412068e+01
3.662655400809060779e+01
3.939239689450897686e+01
3.774479658640527902e+01
3.737998553278861635e+01
3.518341073608839054e+01
4.678834669097159349e+01
3.568337079991543703e+01
3.619444321669928399e+01
3.825419016911487802e+01
3.686188737842508800e+01
3.678541824186237363e+01
3.645207393128167439e+01
3.691399102642838415e+01
3.791310016144241501e+01
3.631856301593366965e+01
3.638694175046753543e+01
3.878001895534979582e+01
3.515613009549222312e+01
3.515552025388580404e+01
3.730643312213040019e+01
3.731190951624368779e+01
3.816961035828245485e+01
3.518632006386020805e+01
3.653826392629814990e+01
3.840956167876930039e+01
3.918377722534796703e+01
3.748878977777327748e+01
3.510344315664714543e+01
3.749762112794362423e+01
3.653745823337465026e+01
3.728871881812904121e+01
3.527760780311130873e+01
3.712453931622586367e+01
3.538610926146578350e+01
3.842743575500152531e+01
3.763534304564741717e+01
3.563881648898853882e+01
3.756635628546887773e+01
3.487906054371991615e+01
3.901745634800175822e+01
3.754033016163494807e+01
3.849110196425346686e+01
3.750815071941551793e+01
3.764850514627769940e+01
3.654586617778068813e+01
3.687607944825893469e+01
3.412521820676314377e+01
3.832792174072888258e+01
3.629567856788218450e+01
3.712068741227779611e+01
3.821226159278383960e+01
3.306207621614178294e+01
3.545110033555721429e+01
3.609838433390090273e+01
3.929971390184400093e+01
3.688903064289734601e+01
3.647021673119076013e+01
3.648751615935454851e+01
3.751669156373779401e+01
3.820235041679273280e+01
3.689605087935498062e+01
3.579151803006504196e+01
3.416329622703985081e+01
3.528309600551399683e+01
3.608273140371852605e+01
3.592004594957056440e+01
3.823901730905458862e+01
3.802103821093192693e+01
3.693119290880141392e+01
3.810311237949894547e+01
3.873648211089324889e+01
4.037902115681792026e+01
3.601785155493277557e+01
3.830898992697689920e+01
3.783449472860569784e+01
4.100539588518497425e+01
3.828043203596162414e+01
3.617140076997065279e+01
3.657824390687521543e+01
3.689044552365742646e+01
3.765382493325977720e+01
3.674923089868694603e+01
3.629063062654062577e+01
3.926667757283540539e+01
3.639712618890855822e+01
3.442587769853694368e+01
3.664767869296544234e+01
3.786493268578573890e+01
3.912692572949338654e+01
4.218009099676062590e+01
3.709260938086501369e+01
3.641941860583521162e+01
3.466137971853664368e+01
3.821556728207015396e+01
3.550644567650495986e+01
3.720647449819988850e+01
4.270358956588940202e+01
3.560302467095588952e+01
3.844287266421188320e+01
3.607507493269423549e+01
3.814563333719992499e+01
3.775028085403046418e+01
3.655237335285173117e+01
3.461493668333267948e+01
3.782685868950488128e+01
3.640610318038907423e+01
3.801992500128744012e+01
3.790764375546744702e+01
3.877232620668044660e+01
3.619486795974095372e+01
nan
3.789116536045048633e+01
3.663574627791866334e+01
3.790661451012864092e+01
3.558904992371401477e+01
3.830323030051660282e+01
3.841776903325920500e+01
3.795517678388777227e+01
3.676103979596570070e+01
3.820699790888147618e+01
3.790040716703855850e+01
3.450546599003141068e+01
3.402108184442457173e+01
3.651632346885780578e+01
3.987133537083081336e+01
3.540476275063480216e+01
3.795510936013818792e+01
4.054517985500609001e+01
3.684083418677408162e+01
3.687750220050035210e+01
3.627855286474498087e+01
3.606595845292420677e+01
3.538625233636371803e+01
3.455211890686953069e+01
3.607780765893999586e+01
3.851990482090889145e+01
3.731862799790941665e+01
3.695304557781178545e+01
3.653511436924909361e+01
3.689084127972284222e+01
3.677202245056868435e+01
3.570595525076309684e+01
3.738802547831235756e+01
3.495640054584328738e+01
3.641101789262565802e+01
3.664561060257749148e+01
4.021229328659638469e+01
3.766515137731918372e+01
3.699421951621533111e+01
3.611296641455508194e+01
3.599649812124758341e+01
3.448558581862315009e+01
3.748555768864886772e+01
3.639391015035539567e+01
3.655542116023013222e+01
3.814426139260547899e+01
3.820208997820090246e+01
3.624290306841630382e+01
3.590499251485639576e+01
3.631023384232883444e+01
3.597090728087141542e+01
3.192893718720015173e+01
3.603331380523275129e+01
3.681594966516659895e+01
3.539073379586291423e+01
3.763429190852507844e+01
3.658232809255758866e+01
4.037282847031871569e+01
3.846308715710697612e+01
3.539887786920715484e+01
3.569543885738392675e+01
3.770294431063632601e+01
3.675682665763108758e+01
3.576060273961084590e+01
3.668415073005865423e+01
3.669967865795876349e+01
3.652328750118406475e+01
3.515353881618381848e+01
3.528953034015275136e+01
3.762106017049014639e+01
3.457379151114516702e+01
3.719630205509001541e+01
3.741274967327406387e+01
3.645421698941422051e+01
3.719848298530934727e+01
3.796567463098445216e+01
3.690502993556266631e+01
3.573360937279224459e+01
3.510349303314747260e+01
3.710685845759552137e+01
3.833047146268245342e+01
3.905125706419056542e+01
3.797263193246373447e+01
3.810164216089764722e+01
3.778379667936836483e+01
3.761315008816235661e+01
3.774430057343695921e+01
3.715462973382718559e+01
3.709007588320369564e+01
3.522261744069741951e+01
3.487612030690412013e+01
3.808597165818492414e+01
3.971419430076731061e+01
3.738843101258341761e+01
3.684873024913543560e+01
3.761343273899948514e+01
3.595325665981675911e+01
3.761514485558922871e+01
3.939187346837150727e+01
3.580920548532573378e+01
3.637170775574958981e+01
3.914154312243888967e+01
3.999638604131639141e+01
3.853733820692453094e+01
3.940789212247183571e+01
3.816837076839804865e+01
3.824919284750814086e+01
3.667955577105662002e+01
3.792858838049159687e+01
3.630087546093879780e+01
3.647191773892982525e+01
3.720162392207570434e+01
3.773537050247728786e+01
3.759050433952771897e+01
3.554913349599596017e+01
3.671037942291813039e+01
3.995665735414900155e+01
3.680450528023944656e+01
3.692709788861708375e+01
3.608930613346468164e+01
3.876466590912652066e+01
3.653580906511255932e+01
3.581342516169215884e+01
3.552909898079594342e+01
3.689966408564649925e+01
3.452676190139077050e+01
3.757663248177024684e+01
3.570143618536174301e+01
3.809688762915518367e+01
3.738595477783776744e+01
3.774889623086069435e+01
3.875303146895259943e+01
3.824554443056888431e+01
3.634066817719648412e+01
3.763143203454951902e+01
3.748128471575031995e+01
3.804480167654125466e+01
3.736009009089170263e+01
3.752608413575389079e+01
3.623081817356847267e+01
3.737445954049428565e+01
3.748499156715367064e+01
3.945109282232338899e+01
4.003357726999694677e+01
nan
3.678597406091883926e+01
3.666920982325068223e+01
3.612005321731659535e+01
3.797887946428121353e+01
3.598196758347520330e+01
3.767504004096299042e+01
3.543071662889742157e+01
3.634812989610571776e+01
3.841602095533246342e+01
3.743555984372606105e+01
3.790551119682592685e+01
3.796518382028941119e+01
3.718923263562391668e+01
3.733494643065045437e+01
3.593823421855780964e+01
3.664281389393036648e+01
3.797969016569147982e+01
3.553997295751435104e+01
3.531456606552754351e+01
3.554352264149810026e+01
3.719865216157238308e+01
3.707404475754174200e+01
3.793471341065307456e+01
3.794642368829608614e+01
3.705755647606203951e+01
3.964957148137334997e+01
3.743439057789259294e+01
3.741108867650211067e+01
3.686296017492795585e+01
3.625560701919208384e+01
3.824843683958195584e+01
3.511521090817044666e+01
3.721411130034790915e+01
3.752312266697230569e+01
3.679322462263137083e+01
3.798455646617006209e+01
3.725502673583885382e+01
3.714406105668402347e+01
3.875490014306256370e+01
3.925746891926105064e+01
3.614216433380067173e+01
3.670608604637777006e+01
3.949612468405840815e+01
3.714636822703133134e+01
3.366010008240652240e+01
3.755274821370493044e+01
3.796403611650293186e+01
3.535074501608104924e+01
3.687895975601342968e+01
3.699585587826204858e+01
3.619166829612778713e+01
3.802515676887683327e+01
3.863845969792819801e+01
3.499231708377494243e+01
3.645149361417784206e+01
3.808100055394271521e+01
3.671779724498746589e+01
3.768802164116986830e+01
3.646812710306663519e+01
3.709609049851511742e+01
3.521857212783395852e+01
3.843418099285048584e+01
3.805771713562472769e+01
3.768341229230822620e+01
3.931766981551798779e+01
3.647962762178763541e+01
3.586134849621301157e+01
3.589327820104224998e+01
3.834242814695789292e+01
3.818932867291190547e+01
3.701358232987539765e+01
3.616748253848200534e+01
3.596100561827689290e+01
3.956096869445156017e+01
3.768621463834507068e+01
3.789068129435933940e+01
3.647400195516674160e+01
3.688102269546461542e+01
3.764819791021329820e+01
3.720711496838401189e+01
3.390272151361008923e+01
3.710593780934568997e+01
3.688181888123852303e+01
3.572480115384554011e+01
3.936378878862893060e+01
3.844762355704291679e+01
3.826173434348604729e+01
3.630654664078237204e+01
3.788400384681772692e+01
3.640655010212807241e+01
3.679805790491459305e+01
3.739577970513858673e+01
3.815412005352354896e+01
3.594485634541192098e+01
3.546954645356312597e+01
3.554795792363997720e+01
3.692381414338550627e+01
3.684901486014838667e+01
3.745180354211034768e+01
3.725583796913132772e+01
