2.224534565588500300e+03
1.797715318865858990e+03
2.117978045291801209e+03
2.227673599901629586e+03
2.059339690379176318e+03
1.940669741783844302e+03
2.256761692225120896e+03
2.159709457967008348e+03
2.041929548784486087e+03
2.260317693840128413e+03
1.658120026056620191e+03
1.982191707354943219e+03
2.056505949923634489e+03
2.569775689610793961e+03
2.197102584584609758e+03
2.039742031451272851e+03
2.392538637417190785e+03
1.980368341950885906e+03
2.386572239008273755e+03
2.592716203221639717e+03
2.059397627111195561e+03
2.631676502491382962e+03
1.946359734656186674e+03
2.014271769127222797e+03
2.461849141956055519e+03
2.136370762034252493e+03
2.089043630092888179e+03
1.643559267923223842e+03
1.805488777584606851e+03
2.226027041443076996e+03
1.889048531049561689e+03
1.818561488766415096e+03
1.970423613953529866e+03
2.135276378927309906e+03
1.911713744858893506e+03
2.064078935006295524e+03
1.947359589049164242e+03
2.288396973741327201e+03
2.178539321726950675e+03
2.227356340143605848e+03
1.872175539076431733e+03
1.764389928968827235e+03
1.640387024250191644e+03
2.072764143560553748e+03
1.900049999390962512e+03
1.717535782781030093e+03
2.363955043194149766e+03
2.281869626303669065e+03
2.151804953550393748e+03
1.817300695952767455e+03
1.789456946086663720e+03
1.742021812194032691e+03
2.464601751322204109e+03
2.245544478549314590e+03
2.117414096440862977e+03
1.902649150033651949e+03
1.930217192136288531e+03
1.920132067148723536e+03
2.041374932396897975e+03
1.526825587277514842e+03
1.932814560121174964e+03
2.111574521287335301e+03
2.320916711269294865e+03
2.036227835915070045e+03
1.829654926953946187e+03
1.930128824806057764e+03
2.349109380297317330e+03
2.686107049435699537e+03
2.316227542797250862e+03
2.110221328237429134e+03
2.726723196084302799e+03
1.525119001910821453e+03
2.456104371989099491e+03
2.123392557203154865e+03
2.123646387116613823e+03
1.924554949982373955e+03
1.695120499810141609e+03
1.863637881750053793e+03
2.423952828221976688e+03
2.179707914168125171e+03
2.394070292127810262e+03
1.971567410698826507e+03
2.232441638609484016e+03
2.307273907646662337e+03
2.431666095230732026e+03
1.953035400290666985e+03
2.136741733655263488e+03
2.180226437518472721e+03
2.194312702904218895e+03
2.055702649676770761e+03
1.621217786269138514e+03
1.966950135671261705e+03
2.329651997305612895e+03
1.831456778307463082e+03
2.012091902746712776e+03
2.035428797114531562e+03
2.089593636967224938e+03
2.139502999632718002e+03
2.065093845804973625e+03
2.078667753043358061e+03
2.472009214274639362e+03
2.183239097320554720e+03
2.210377986935329773e+03
2.391586481066492524e+03
2.214239390846333663e+03
2.136365445097966131e+03
2.104264619606764882e+03
1.916554053327536167e+03
1.987382907103993830e+03
2.382887295154158892e+03
1.800051373263749383e+03
2.069127575416244781e+03
1.723837252749265190e+03
1.826221376071561963e+03
2.144925395867117459e+03
1.980265893114261416e+03
1.887217658200072037e+03
1.405882115197631492e+03
2.017075845687253377e+03
2.391840113015631232e+03
2.026360091779703225e+03
2.165916201559600268e+03
2.040849677150821208e+03
2.219398307236434903e+03
2.041523472049759675e+03
2.295094816572043328e+03
2.268556670910822049e+03
1.927330001250767054e+03
2.250704952926962505e+03
1.517795392945370622e+03
1.836449590709619315e+03
1.628910484075653358e+03
1.900455397189820133e+03
2.127953175371447742e+03
2.018232159655136911e+03
1.582304191354690147e+03
2.077299948562186273e+03
2.234963747206062180e+03
2.090264367374270023e+03
2.622520416034075424e+03
2.098679723586563796e+03
2.098800625391706944e+03
1.654890845562163804e+03
1.767221472049561271e+03
1.997132804732037812e+03
2.093806617710646151e+03
2.135377978215399253e+03
2.027349871334356294e+03
1.615743701663591992e+03
1.982026234388060857e+03
2.226389174365820509e+03
2.018392503310873280e+03
2.173971177085682939e+03
2.187229953753045720e+03
2.192896652917446772e+03
2.135005569027878209e+03
2.191082468362736563e+03
2.558863132589921406e+03
1.865485928766152711e+03
1.806354081279455613e+03
1.523342404951862136e+03
2.497606849805777983e+03
2.215779817242141689e+03
2.215495364679105478e+03
2.097046759146655859e+03
1.736634525225827474e+03
1.964147625116567042e+03
1.909181956109529438e+03
2.098585178203298710e+03
2.083330053599287567e+03
1.935785268344665838e+03
2.211062011561477448e+03
2.130434148489098789e+03
2.379497685629028638e+03
1.444187250029734287e+03
1.799101306071138879e+03
2.151549235363859680e+03
2.182004006494235455e+03
2.081472873618625272e+03
2.264757147122426886e+03
2.192473944892401960e+03
2.397895524588089302e+03
2.197051118299502832e+03
2.224942320102536087e+03
1.722984048317238603e+03
2.215879977525164577e+03
1.983051133841839601e+03
2.161573824204594075e+03
1.925447868175441499e+03
2.293980779011360482e+03
1.788868173936388530e+03
2.536163003118976121e+03
2.199266397188626343e+03
2.055096875726123471e+03
2.060750171985579527e+03
2.138096313610927155e+03
1.989283896817370305e+03
2.048107941892549206e+03
2.031153205830678417e+03
1.821274334960337683e+03
2.124545223772883219e+03
2.077989153660001193e+03
1.887183986666557303e+03
1.753672827082781168e+03
2.359322033392723824e+03
2.008623260808827354e+03
2.246559488552255516e+03
2.155142289493668613e+03
1.948840571602344426e+03
1.910949574743430958e+03
1.926321212114827631e+03
2.349371944967896525e+03
1.934241990285862130e+03
1.907002385543358514e+03
2.240487711458357808e+03
2.442404583480865767e+03
1.935765265413363522e+03
2.158226714162457029e+03
2.178658280030065271e+03
2.224885338057429635e+03
2.165633967030751592e+03
1.888347147488820383e+03
2.160281343970222224e+03
2.178545755757127154e+03
1.686531219879100945e+03
1.996776405422507878e+03
2.573317134355307644e+03
2.284516289155945287e+03
2.316923463973188973e+03
1.935724449604105303e+03
1.926334050606449182e+03
1.933392616145950797e+03
2.002941843098649770e+03
2.099607253888482319e+03
1.665835959313632884e+03
2.218814509947636907e+03
2.139710142145340342e+03
2.363490707195847335e+03
1.802944697846877489e+03
1.939037060299635868e+03
2.463863882409620146e+03
2.039593931684962399e+03
2.175190522553320079e+03
2.069806840163473225e+03
1.813077081195624487e+03
2.004257152773500366e+03
2.225537088953894454e+03
1.945887311589156297e+03
2.063263257809854167e+03
2.453886724032936399e+03
1.991475879866550713e+03
1.945126741592667940e+03
2.237569476293695971e+03
2.363610092369388894e+03
2.079415707888189900e+03
2.175376623310698051e+03
2.306351902080265063e+03
2.254696645796091161e+03
2.213592819434852117e+03
1.514564097738503506e+03
2.217339552839737280e+03
2.173393946466572743e+03
1.889547474756321890e+03
1.826036905238439431e+03
1.822673891393619670e+03
2.074115589250306584e+03
1.856203653685412291e+03
2.130422566063306476e+03
2.373615319376039224e+03
1.931286411264064782e+03
2.135207313903145405e+03
1.920184458263397119e+03
2.332174696478898568e+03
2.128707153125274090e+03
1.388570902860959905e+03
2.103401413734862672e+03
1.935337176252476866e+03
1.877290869666244816e+03
2.212410121346148571e+03
2.399864150698029334e+03
1.746928379608249315e+03
2.252483326580687390e+03
2.141743214833182265e+03
2.106035891015436391e+03
2.173278189274142278e+03
2.407712461739931314e+03
1.721403285656236221e+03
2.089423468184773810e+03
1.398389291606738198e+03
2.223407396979260284e+03
2.153344222169432669e+03
2.063674030465457690e+03
2.151915221593866136e+03
2.468966193901126189e+03
2.276817438231717006e+03
2.182407572043870459e+03
2.165988591246037686e+03
2.080106826663090942e+03
2.182712217560555018e+03
2.203491030700989995e+03
1.761456807424835006e+03
1.940805115543848842e+03
2.098435101881935225e+03
1.573266787882301969e+03
1.903701956975967732e+03
1.798702077547100316e+03
2.178608025555619861e+03
2.044399349153024104e+03
2.699393649793210443e+03
2.120413577694385367e+03
2.988117628073580363e+03
1.908480021181640268e+03
2.181737631275420881e+03
1.872735793819256969e+03
2.148107185869034311e+03
1.994053526310675807e+03
2.442279250949107336e+03
2.272548615064108617e+03
2.169711074057414407e+03
2.012851311730331645e+03
2.278854885748270135e+03
2.095451292158816159e+03
1.916131961357042201e+03
2.063512316139544509e+03
1.876477102549721394e+03
2.022924988000810117e+03
2.539627824626181336e+03
2.114359175728401169e+03
2.032284239622352743e+03
1.926019474956066460e+03
1.883491753338956187e+03
2.187999948883269099e+03
2.131785583040899382e+03
2.068869132783682289e+03
1.953565922941444342e+03
2.045423480585713833e+03
2.498974026334090922e+03
2.013124906676011051e+03
2.127444473553217904e+03
2.035550432024436077e+03
2.106004355488119472e+03
2.008229543503525747e+03
2.028062855926855491e+03
2.464950499747921640e+03
2.426494986234304633e+03
2.046772108732139714e+03
2.710840686184718379e+03
2.017230920875699212e+03
2.154895480540786139e+03
2.194327108529315410e+03
1.973711391249565395e+03
2.474599202215141759e+03
2.042441933997821934e+03
2.110505983837627809e+03
2.138707385538886228e+03
1.971876733826541340e+03
2.083784457681933418e+03
2.210489698422361016e+03
2.317392705320806272e+03
2.106822970149451066e+03
2.094716059926189700e+03
2.179451603465622156e+03
2.233389524029195400e+03
1.661883897619410391e+03
2.043408341852327794e+03
1.708797562094898012e+03
2.103954842791197734e+03
1.884679846929489713e+03
2.182772693687349602e+03
2.224765399160450215e+03
1.734475621061751553e+03
2.060223280800059456e+03
2.231814904273729553e+03
2.093657011547831644e+03
2.254554855006761954e+03
2.236722271108811583e+03
2.161198066906905751e+03
2.378094710320564900e+03
1.972072705863350166e+03
1.922307617582992634e+03
1.924786519249824778e+03
2.100046968511767773e+03
1.582668196530999694e+03
2.219997038454531776e+03
2.307577632181490571e+03
2.233122839196523728e+03
2.639914963402260128e+03
2.582684118660000877e+03
2.266497680224427768e+03
1.647912372157559730e+03
2.202305017305699948e+03
1.906836271240749284e+03
1.923259920091168851e+03
1.991076311742139978e+03
2.028538063968587721e+03
2.341548181477069647e+03
2.088231855415649534e+03
2.058678753402369239e+03
2.434710739680605002e+03
2.210112060408452635e+03
2.522943220636007482e+03
2.255187531575837966e+03
2.393965567505775198e+03
1.862792095262724843e+03
1.735614449508381995e+03
2.084073422052744718e+03
2.180492351455445259e+03
2.247902196492839721e+03
1.986981815796638784e+03
2.133669756411671642e+03
2.940789629985481497e+03
2.037525646611549064e+03
2.264943551448911421e+03
2.466992252821442889e+03
1.985309975312422011e+03
2.072377038509368958e+03
1.882922336662390308e+03
2.141024958146809695e+03
2.323976954899619159e+03
2.074715289797984042e+03
2.154136203904437025e+03
2.012072044100801349e+03
2.247782361110016609e+03
2.458013945037440408e+03
1.977302177249476244e+03
2.085309311498710940e+03
1.741430806619129044e+03
2.231285802941064503e+03
1.831398168787701024e+03
2.111689855594976052e+03
2.031601269359452544e+03
1.993805133341816145e+03
2.148918820808376950e+03
2.669918257408569389e+03
1.986314015315947017e+03
2.283487070727430364e+03
1.680367578789415802e+03
2.122763734846607804e+03
1.906298579097248648e+03
1.905367546860060656e+03
1.711297111837688817e+03
2.059203962235958443e+03
1.964932156609215781e+03
2.288900550922791354e+03
2.148710697004537906e+03
2.785269331770301051e+03
2.073325070577729548e+03
2.274291782597484143e+03
2.141895318601295457e+03
1.559100865915935401e+03
2.088823112487620620e+03
2.102117490246931993e+03
2.277677674141545594e+03
1.942737680842387590e+03
1.963289276188252416e+03
2.386298879646988553e+03
1.783005795426213126e+03
1.759373726821863102e+03
2.068704160721242260e+03
1.960517949514020302e+03
2.144992800661516412e+03
2.277551196052633259e+03
2.280745300624707852e+03
2.220493672610632984e+03
1.911541143456957343e+03
2.042036515666357218e+03
1.853969988491138338e+03
1.874187326019110060e+03
2.477347389120969183e+03
1.835601714899756871e+03
2.191875151521442604e+03
1.969030047652812755e+03
2.053779840022769804e+03
2.180295857781497034e+03
1.482643567879555803e+03
1.960986909487975709e+03
2.002004409763409740e+03
1.861234326147064621e+03
1.946962617048460970e+03
2.226614874742456777e+03
1.820470789635152641e+03
2.364076202076624213e+03
1.892047430780397690e+03
1.744009802902551428e+03
1.809815965231014388e+03
2.087031509301175447e+03
2.338961936566258828e+03
2.210532354407905586e+03
2.657354121125184065e+03
2.032918684508252909e+03
2.201714109077443482e+03
1.889799414228111573e+03
2.114730516431577598e+03
2.054079462126828730e+03
2.264625927516962292e+03
1.851984608709347413e+03
2.308162354075577241e+03
1.818527619065392855e+03
2.153338051956099662e+03
1.991408690918625325e+03
2.210379901260400402e+03
1.825753291686155762e+03
2.347819926360339650e+03
1.979599203328698877e+03
2.206256482154643891e+03
2.019153296709907181e+03
2.382277855512000770e+03
2.236025271319245803e+03
1.925272192154205413e+03
2.205301570150773841e+03
1.884528233295249720e+03
1.938066461173379821e+03
2.002884474139195845e+03
1.860273062927859883e+03
2.076392604618360110e+03
1.900524746719332370e+03
2.050087278937589417e+03
2.053408777671608277e+03
2.352842939495618339e+03
1.721352108906188050e+03
2.233954313293724226e+03
2.213066798981171814e+03
2.208932216249757403e+03
1.657956557253129859e+03
1.985284572611796648e+03
2.309081864878047327e+03
2.116954192135141966e+03
1.942084117377167559e+03
2.314809632727737608e+03
2.121362935041408036e+03
1.962682087461506853e+03
1.832500844450580871e+03
1.998278700698670946e+03
1.876694584418800559e+03
2.010409878322601344e+03
2.482553693864716934e+03
1.775502174315840875e+03
2.112155264146405443e+03
2.230746068779947109e+03
1.685642833021972365e+03
1.842164983151449860e+03
1.833290710917476645e+03
2.224673171290004575e+03
1.993032590796045042e+03
2.216549934881178615e+03
1.975225354278052237e+03
2.282816574013821992e+03
2.634266451267385946e+03
1.821261583499134531e+03
2.050986010025503219e+03
2.471295157418163399e+03
2.081052684773564124e+03
2.222303145158086863e+03
1.915249765327605473e+03
2.667505708597023840e+03
1.910995285142729927e+03
2.787167850396958329e+03
2.116008607386791027e+03
2.152468658898931153e+03
1.969741785200003505e+03
2.274355262089684402e+03
2.026696430207857929e+03
1.975907037816047705e+03
2.010115536833217448e+03
2.384419371505421623e+03
2.442105552560858541e+03
2.063329940655522023e+03
2.181243573099250170e+03
2.176874068876074489e+03
1.609168220257703297e+03
2.255830298241991386e+03
2.377625925587213715e+03
2.113367212699072297e+03
2.278055104598869548e+03
1.706935615861189490e+03
2.343645897222701478e+03
2.772433184962859286e+03
1.886880679036752326e+03
2.171295158338280544e+03
2.063033586502491289e+03
2.229938456730813868e+03
2.102529148533978514e+03
2.193536133517345206e+03
1.520368549575957559e+03
1.969262050715882424e+03
2.145921552786894154e+03
1.860010037295290203e+03
1.762274005211645772e+03
1.983215825095516720e+03
2.419115832180813868e+03
2.152160942202631304e+03
1.867602552332164805e+03
2.270230888628792854e+03
2.013654943169974786e+03
2.102181836773159830e+03
2.100742288689199995e+03
1.781463266023287588e+03
1.505753729864534989e+03
1.892827587780420572e+03
1.547832334978084191e+03
2.355356680801385210e+03
2.375298689594637381e+03
2.202027388617786528e+03
2.060616343958261496e+03
2.122007039080076993e+03
2.102642856870913874e+03
1.476200767650141415e+03
2.110705299469002512e+03
1.742685044297572176e+03
2.173581237823311312e+03
2.207556969162121277e+03
2.414535729370947138e+03
2.054665432927338315e+03
2.175670569248857191e+03
2.133734149088139475e+03
1.934534455041994306e+03
2.343909757515389629e+03
2.108980967556784890e+03
2.279057712007888767e+03
1.851599989551066528e+03
2.021540838002241117e+03
2.120340569839945147e+03
1.911704782671189832e+03
1.905052191130482697e+03
1.972743169304885896e+03
1.894237995347899414e+03
2.553316707406631849e+03
2.223061145416563249e+03
1.988126910081326969e+03
1.980356799130528316e+03
2.103159236679714013e+03
1.955365492885121057e+03
2.006932540777010900e+03
1.849082608083706418e+03
2.052733016504237639e+03
1.883689673294301201e+03
2.214550381237011607e+03
2.097288954940716849e+03
2.184049084227237017e+03
2.219459247493850853e+03
2.500767347893114220e+03
2.011586478397373185e+03
2.717603490556262386e+03
2.184086062103981021e+03
2.060226901390035437e+03
1.962017334369028049e+03
2.746957420779391214e+03
2.006689413924016890e+03
2.098133642001234875e+03
2.004389637432389918e+03
1.294797366966709433e+03
1.455671480517749615e+03
2.098423454881955877e+03
2.078470629489125713e+03
2.041336580582107445e+03
2.041339330209838181e+03
1.941839376806483642e+03
1.812184300274234374e+03
2.400017842712511083e+03
2.202830692158696365e+03
1.795073176960989940e+03
2.440610958204367307e+03
2.146190161624638222e+03
2.132364818626162560e+03
2.036310410445914613e+03
1.646304367432920344e+03
2.319305197345026045e+03
2.085043008424425352e+03
1.980897837717189532e+03
2.438707928248373719e+03
2.564803870297759659e+03
1.775079467271557178e+03
2.114651674222543079e+03
1.761662183485508876e+03
1.877618725611136369e+03
2.127099125121479119e+03
2.130815561317215725e+03
2.320597675452472686e+03
2.007442776082334149e+03
2.568501616799301246e+03
1.692063007584699335e+03
2.010568332166468736e+03
2.400381500177262296e+03
1.868595272428048702e+03
2.059727534599773662e+03
2.318702725170414851e+03
2.682938902630862685e+03
1.628687435409142608e+03
2.296099667124094594e+03
2.198422227055410985e+03
2.147481347818584254e+03
2.026791778914899623e+03
2.609588789634096429e+03
1.699529208429744358e+03
2.357835829564477535e+03
1.898250217238516598e+03
2.154422228954069396e+03
2.021188718061343707e+03
1.902321712069066280e+03
2.356893442130246967e+03
1.499192303257860203e+03
2.014967664947692356e+03
2.065901401286552755e+03
1.978952326615688435e+03
2.139591627527157016e+03
1.847245093735033606e+03
1.890527403145082189e+03
2.061297561242450229e+03
1.909813228402759023e+03
2.075925736353804496e+03
1.901203184711180711e+03
1.604744468688157440e+03
1.510306366059742913e+03
1.487638085158886497e+03
2.286753208604522115e+03
2.988791761002999920e+03
2.211779571084619420e+03
2.183853868706277353e+03
2.740821730418354491e+03
1.586206902980125506e+03
2.079110996553443329e+03
2.585053208183229799e+03
1.738264667455221570e+03
2.053855162586882670e+03
2.024752763734171140e+03
2.260054553730376028e+03
2.006253604544982409e+03
2.038783448475413934e+03
2.275416643994341484e+03
1.733152540183469682e+03
1.984137700059499593e+03
1.602661087877937689e+03
2.422296461222526432e+03
2.557764271037123308e+03
3.209563846378019207e+03
2.124708795966782418e+03
2.110940256136778771e+03
1.916766256242655118e+03
2.034942265230114572e+03
1.841841988536652252e+03
1.953438352436994137e+03
2.106297846789319919e+03
1.937900472451575069e+03
2.352840711199692578e+03
2.109315400688261889e+03
2.247285232544277733e+03
2.371158983507626544e+03
2.006666226243588198e+03
1.997433955266321163e+03
2.227544188381915774e+03
1.992334915469618409e+03
1.835265494954031055e+03
1.641730387874417829e+03
2.573773541300933630e+03
1.557891548996242591e+03
2.418898902444809664e+03
1.911917705464156370e+03
2.176874088252808178e+03
2.022089494029024536e+03
2.136647542402970430e+03
2.511419555049144492e+03
2.285000366527498500e+03
2.255249564044964700e+03
1.900547427322882186e+03
2.123874183397443176e+03
2.028584799706982494e+03
2.080738813773267793e+03
2.136873503758680272e+03
2.407145073620213225e+03
2.514753391423186258e+03
2.005604061227995999e+03
1.972073007252326306e+03
1.944878614502091068e+03
2.317850349853762509e+03
2.118515985598814495e+03
1.946632708656107070e+03
1.982975124743904871e+03
1.855550533328942947e+03
2.106282628383059091e+03
1.910150643552521160e+03
2.974742249274601363e+03
2.088313627261827605e+03
2.125997605498221674e+03
1.798026034604870802e+03
2.089346654501858211e+03
1.897614881821304607e+03
2.120391349304076357e+03
1.882459112027818264e+03
2.014219654282469264e+03
2.063043727486984608e+03
1.764116736730378079e+03
1.953510725948138997e+03
2.024258209770026724e+03
2.169962203850993774e+03
1.908846971688505164e+03
2.038737096913455161e+03
2.025709123492545359e+03
2.005935322243343990e+03
2.072773049536855069e+03
1.895754244373154734e+03
2.278521595211513159e+03
1.969657130302142377e+03
2.161013750322674241e+03
2.078791829121093997e+03
2.202065689208707681e+03
1.905028723941288035e+03
2.121469985903482666e+03
2.323598376247422038e+03
1.853608313689650913e+03
1.523771550061142079e+03
1.876331828306058469e+03
1.900017487114039341e+03
1.333721909135995475e+03
1.954486440073114863e+03
1.963683167073712639e+03
2.078604617864808915e+03
2.066587283147998278e+03
1.864375785130685244e+03
2.063741814565652021e+03
2.081924647122554688e+03
2.162253840914731882e+03
2.081608773971688152e+03
1.975767306022684124e+03
1.966071084862647467e+03
2.468881906002595315e+03
2.086906074401241767e+03
2.285937948019593932e+03
1.612462426224497221e+03
1.823331705472138765e+03
1.641358968806861867e+03
2.196575765124994177e+03
1.975014908618994014e+03
1.984550757498933081e+03
2.053772205055885024e+03
2.318570449430675126e+03
1.884730485763957631e+03
2.578980504827033656e+03
2.342013788365968594e+03
2.422661840115492396e+03
2.188230701188410421e+03
1.993968191780571715e+03
1.918060845685097320e+03
2.170546532089485936e+03
2.064498157403515506e+03
2.203303916805668905e+03
1.876717135717672363e+03
2.340363334962311001e+03
2.393835523181288409e+03
2.325407715555061714e+03
1.744299783798778435e+03
2.171784941878913742e+03
2.086513686573126506e+03
2.126623838996234554e+03
2.696993715363808860e+03
1.940894558223335935e+03
2.095376051989892403e+03
2.241098539780803094e+03
2.468725782290579900e+03
2.381361891953597933e+03
2.233149014751884351e+03
2.247729727102439938e+03
1.990014649240096105e+03
1.713682352671876515e+03
2.039242483183553531e+03
2.072494478994924521e+03
1.946506847163377415e+03
1.978649602179808653e+03
2.453531991393373573e+03
2.312118284132555345e+03
1.952677799180353986e+03
2.200315825682241666e+03
2.753363133016697248e+03
2.159944282609883885e+03
2.078570438830557123e+03
2.132674415475619753e+03
1.865639701152541647e+03
2.009093683148077616e+03
1.762864869315086025e+03
1.961246759850958369e+03
1.884295047703534465e+03
2.130127496156914276e+03
2.414422582951769982e+03
1.882043696900139594e+03
2.077148982171282114e+03
2.158593125906857495e+03
2.326149789955965389e+03
2.101803924768988054e+03
2.099248619620989302e+03
1.896041296123054735e+03
2.435899953850604561e+03
1.874319479015881143e+03
2.353865315279442711e+03
2.342677121013824944e+03
2.073668251155350390e+03
2.188650985704941832e+03
1.991427370362481952e+03
2.180772600637878440e+03
2.034309206090719499e+03
2.306679063227378720e+03
2.218949514917705983e+03
2.240081608699924345e+03
1.661644075268475262e+03
1.989493475692099992e+03
1.974316768376041182e+03
2.081966138599541864e+03
2.070899830938234118e+03
2.064017169059717162e+03
1.994713961210035677e+03
2.231171445789922927e+03
1.986037651374066172e+03
2.157661950066137251e+03
2.055988081708031586e+03
2.269460890186932829e+03
2.335026381717194909e+03
1.905257545947330073e+03
2.112533847226588023e+03
1.862730074527325996e+03
2.103326785602143900e+03
1.856717642695517270e+03
1.918737258605316356e+03
2.147666076071841417e+03
2.201789273558389596e+03
1.724152423365945879e+03
1.992372889807688125e+03
2.126296417495408150e+03
2.773207941262671739e+03
1.998155219243372812e+03
2.010284888915753982e+03
2.186947916046705814e+03
1.945260327353007142e+03
1.940441973995845728e+03
1.820026152221715165e+03
2.046462622999848691e+03
1.915393405916152460e+03
2.239196760742699553e+03
2.099455247875291661e+03
2.096896871018773709e+03
1.740656860358572658e+03
2.671870827344299414e+03
2.442895286741682412e+03
2.023140699982131764e+03
2.438681865978528549e+03
2.349875083316466771e+03
2.245430967774189867e+03
2.070719122388008145e+03
1.629501716736986282e+03
2.000115243603343970e+03
2.060236498220160684e+03
2.024793821829667422e+03
2.046308834009254269e+03
1.900529999947698798e+03
2.439808060054983798e+03
2.397342922828498104e+03
2.055229663683984654e+03
1.940525148283041062e+03
1.420337219376363691e+03
1.999176188091689710e+03
2.165732054239165791e+03
2.158736615295632873e+03
2.027733348963948856e+03
2.118767591950338556e+03
1.788711773078630586e+03
1.859643768095593941e+03
2.187419392910815986e+03
2.266004618334821316e+03
2.306035937895065217e+03
1.826465248958651955e+03
2.301595559770222735e+03
2.027138486138931512e+03
2.105846831825838308e+03
2.004087819983966710e+03
1.862736727632515112e+03
2.137064812180862646e+03
2.316004474590200971e+03
2.372334801829555090e+03
2.080819776302030277e+03
1.930495375288302057e+03
2.280794440486539315e+03
2.219313232527995297e+03
2.191259126315418598e+03
2.108684987088314301e+03
2.481380485566918651e+03
1.874274040945460001e+03
2.040257707705278790e+03
2.491910058424211002e+03
1.916433867335357718e+03
2.397571943923094295e+03
1.823366793809633691e+03
1.869827614329147082e+03
2.001441380206029862e+03
2.182317145275862913e+03
1.951621341527360528e+03
2.416846639499990488e+03
2.057938310970235761e+03
2.051874462701325228e+03
2.040219937657753007e+03
2.050823550545323542e+03
1.872267699516256243e+03
2.373462206606211112e+03
1.694218169052741587e+03
