4.470500066011166496e+01
4.326719057331653318e+01
4.600059556725388177e+01
4.977114136552251722e+01
4.641126834195619466e+01
4.609967873676726668e+01
4.664301453567901490e+01
4.552844422965822702e+01
5.070215847554896271e+01
4.906870845741546106e+01
4.421161777620483235e+01
4.793374568553129222e+01
4.885964430393465108e+01
4.661571498782513601e+01
4.823898174255481308e+01
4.815786462411750080e+01
4.534664611519966115e+01
4.661757005771062978e+01
4.878856447250954886e+01
4.632109327802574228e+01
4.854180314412433717e+01
4.815030292242160215e+01
4.722252210730640343e+01
4.467211892815772245e+01
4.508753163299896016e+01
4.672090527824312289e+01
4.848627123821852791e+01
4.654369037076458682e+01
4.865926744459150655e+01
4.809584560940135134e+01
4.692574580676387797e+01
4.664452942071110186e+01
4.273455094476370419e+01
4.870663131227949805e+01
4.320473692223615814e+01
4.621723553777951565e+01
5.064454017091542681e+01
4.779355563359055736e+01
4.901589420526381247e+01
4.705517302070930441e+01
4.608320166173204768e+01
4.625846087380219274e+01
4.602256906573800421e+01
4.819939671494718425e+01
4.415742867777449732e+01
4.423479280821327109e+01
4.442090623239474212e+01
4.736454117868840541e+01
4.800194157688552821e+01
4.469306671040318690e+01
4.426293058915296541e+01
4.473402454203925771e+01
4.877657143779843807e+01
4.705827855236083224e+01
4.873029911997728192e+01
4.252270294579537335e+01
4.445435545680904710e+01
4.810185825779009861e+01
4.569999283364554543e+01
4.243246172536676397e+01
4.693256013012165084e+01
4.554893655806453978e+01
4.510995138943567895e+01
4.614190307047404360e+01
4.827040833456302238e+01
4.649908244167687599e+01
4.584070871992316398e+01
4.732589568599033925e+01
4.767816527604637855e+01
4.650351594245620390e+01
4.907879178276006371e+01
4.396013800470810651e+01
4.716202516441559567e+01
5.164756948337937104e+01
5.001444708007061735e+01
4.585903328069112916e+01
4.593392953350721086e+01
4.710544766043825149e+01
4.561039810123853044e+01
4.882622963815787642e+01
4.861358320796629329e+01
4.446572918433975730e+01
4.603461383106000682e+01
4.584833559634071065e+01
4.552315960936621053e+01
4.972894713321142035e+01
4.645580049294186864e+01
4.782026802801480869e+01
4.439259585312474599e+01
4.501100246025249163e+01
4.227165418632421989e+01
4.530738043655455272e+01
4.673659176490455991e+01
4.637894335362827292e+01
4.849082631648378339e+01
4.538580820386577130e+01
5.023596512452699159e+01
4.558294079342670813e+01
4.986366609908500891e+01
4.915897131766704575e+01
4.703375291697960137e+01
4.773562328715296132e+01
4.631074473486654597e+01
4.940590945457993399e+01
4.976368417946342504e+01
4.918350946735497331e+01
4.638228183065680810e+01
4.655676143421791835e+01
4.673835976600274478e+01
4.628976295833569310e+01
4.705902405557874602e+01
4.330153216425934914e+01
4.345583450903836820e+01
4.900914192958082793e+01
4.897206733261747047e+01
4.728477227619011103e+01
4.690188978219032379e+01
4.383320025913138096e+01
5.111190966866910657e+01
5.004360757767036461e+01
4.925936432280438027e+01
4.798953544591832809e+01
4.922285490645980133e+01
4.645620009020296948e+01
4.738306931530544830e+01
4.645977932814834332e+01
4.547321421750169179e+01
4.672919008259521689e+01
4.972799472994078229e+01
4.557464977523824246e+01
4.458776582591375615e+01
4.289085118951042830e+01
4.860587902147369732e+01
4.526878002438741078e+01
4.665481860654055879e+01
4.497607268037600647e+01
4.926425429012952151e+01
4.487427095654607001e+01
4.900094714888464864e+01
4.426794695703824800e+01
4.732331227587023648e+01
4.749316637224936954e+01
4.325518775860965093e+01
4.726099412410427192e+01
4.486413238232629652e+01
5.124960815065168163e+01
4.858067173837544317e+01
4.950517096939170614e+01
4.646397961750813010e+01
4.595303410507785458e+01
4.790297871369635629e+01
4.675351604432472641e+01
4.717219456082629137e+01
4.616600552147207992e+01
5.044091570141678460e+01
4.685155253890342664e+01
4.717756137661915261e+01
4.800757990273460507e+01
4.397866949426475713e+01
4.606057413976453319e+01
4.353448524184245372e+01
4.969709890007320752e+01
4.761993067660927892e+01
4.970252205328038286e+01
4.466152436564909323e+01
4.630787564282538682e+01
4.631302513685542976e+01
4.637654437922314088e+01
4.578474386778287908e+01
5.097198478763829854e+01
4.799732366522354710e+01
4.876198532009171061e+01
5.025215997312962912e+01
4.595526944125676749e+01
4.304982950711529810e+01
4.713495323304179863e+01
5.033325157276168227e+01
4.780051452299952786e+01
4.583303570752032385e+01
4.755066421253373932e+01
4.450943296188768272e+01
4.765615332668787119e+01
4.969764191251061902e+01
4.793707289457507414e+01
4.649991590324835755e+01
4.858959811872523460e+01
4.716412141567142413e+01
4.924744967557117548e+01
4.593744172353623156e+01
4.952654343341756515e+01
4.701974328828044492e+01
4.593112872964097448e+01
4.979770838772505215e+01
5.084892958937957985e+01
4.976548763794265540e+01
4.986447377894865696e+01
4.391450791058223757e+01
4.935988395722583277e+01
5.044928390585491229e+01
4.479704067199863715e+01
4.841590434585558000e+01
4.849318013759609158e+01
4.860741346106399163e+01
4.594070218627946645e+01
4.872109418378444445e+01
4.844714435470476843e+01
5.009337465641787190e+01
5.040476490300427770e+01
4.820621889289561324e+01
4.750019306730106194e+01
4.515605405911570358e+01
4.912315356963593160e+01
4.629157008188031597e+01
4.742975398545432597e+01
4.992408114387421136e+01
4.950196577493147743e+01
4.766326105844881056e+01
4.726914536623610275e+01
4.652575123904179577e+01
4.584470339385327264e+01
5.184725305606517765e+01
4.569819590404117804e+01
4.522021284614643122e+01
4.911368692359095434e+01
4.476023238678556027e+01
4.811322928959317835e+01
4.767371819201577665e+01
4.990226021224120956e+01
4.948739141096919525e+01
4.648704925180878433e+01
4.355067570226313478e+01
4.706634314098767646e+01
4.976720982950367045e+01
4.974537602253211332e+01
4.282004097660630748e+01
4.635869026633212542e+01
4.685327622989471763e+01
5.007878887651767741e+01
4.593850720296381240e+01
4.633213850574521331e+01
4.790008902964088833e+01
4.963869690254190914e+01
4.711908273873245179e+01
4.751674441451905295e+01
4.216793913387646597e+01
4.765554314011475157e+01
4.736509017022699197e+01
4.501016163793345726e+01
4.719771928575728026e+01
4.841575946208276093e+01
4.629000055325636964e+01
4.993374464106327082e+01
4.656130409603333220e+01
4.632995822091400839e+01
4.843104383944021407e+01
4.897449305713968215e+01
4.680961368230310882e+01
4.974777213070029092e+01
4.473560757108312202e+01
4.217147609850857748e+01
4.525613398730894232e+01
4.784732680125767246e+01
4.698388843271042958e+01
4.677681919016922052e+01
4.590944487587269407e+01
4.799602897603902818e+01
4.125804736335296496e+01
4.591752189646754090e+01
5.002379150580521383e+01
4.788497456002934172e+01
4.476503972298465328e+01
4.584080013027973166e+01
4.386079996472410869e+01
4.919694706365046954e+01
4.158704566241195266e+01
4.843939411924919369e+01
4.594865325595438321e+01
4.529161668003909114e+01
4.821336371909594476e+01
4.438841102875815636e+01
4.440829847170086708e+01
4.803083099814504209e+01
4.622951423835614548e+01
4.971654023245488929e+01
4.662307116615958336e+01
4.594883717789547717e+01
4.718950221830419878e+01
4.857487018484715691e+01
4.216119921636395418e+01
5.109421958169108535e+01
4.706792837954358788e+01
4.652897208205843071e+01
5.159449083594186192e+01
4.876483913149498051e+01
4.760956711654970519e+01
4.794332354726316225e+01
4.621994964988902410e+01
4.708448188381595401e+01
4.645997209729905819e+01
4.751642489816946835e+01
4.609586939697014429e+01
4.946188650808017684e+01
4.814015923086833482e+01
4.410744091229839370e+01
4.685149150083679359e+01
4.707575937023991486e+01
4.901047827803902379e+01
5.013396414961013647e+01
4.764309517978411179e+01
4.926046878228056869e+01
4.466150055482005854e+01
4.902346305532101667e+01
4.928570946915028372e+01
4.868113625121396382e+01
4.616624319872958893e+01
4.596160781156923747e+01
4.773901641552708952e+01
4.533209067447902640e+01
4.882492222865950282e+01
4.758697853357996621e+01
4.647641423925757209e+01
4.809080037642270611e+01
4.925383631429308906e+01
4.732803094226633789e+01
4.663229958428582478e+01
4.788624437557766100e+01
4.927213049457548522e+01
4.587562419728050145e+01
4.571876638684235417e+01
4.842415292788204084e+01
4.526394081251602586e+01
4.684257919061183628e+01
4.776170262605185002e+01
4.737700050532492213e+01
4.503905689639318410e+01
4.884737314260750907e+01
4.687811880534933806e+01
4.573709292917931180e+01
4.730331381624890241e+01
4.682742903722217420e+01
4.812299433340132282e+01
4.872321732457773891e+01
4.495319797552889440e+01
4.868329677750077167e+01
4.838386461022915341e+01
4.705337834882922721e+01
4.924620985601935530e+01
4.499266852107783876e+01
4.775212257486395373e+01
4.799033880187291601e+01
4.805476464908756640e+01
4.880165508617972847e+01
4.467745353342685632e+01
4.833394255548436291e+01
5.134154193195188753e+01
4.584179563711164462e+01
4.529306686663301917e+01
4.954901510535599840e+01
4.797526699470402889e+01
4.514596026179054888e+01
4.780237762393615952e+01
4.575111516238423093e+01
4.907173555839806767e+01
4.397556965646659677e+01
4.942878581463126153e+01
4.593385150190955102e+01
4.689481885011912965e+01
4.506160007633921083e+01
4.841293303754506638e+01
4.664807888181368156e+01
4.662393995343521169e+01
4.767055597154097768e+01
4.779807183582894226e+01
4.917270945656159853e+01
4.749153902961080576e+01
4.480734556847438199e+01
4.787245962815266154e+01
4.780944326023990243e+01
4.473301492833765280e+01
4.704418389928061828e+01
4.946397242944361494e+01
5.198270758432708760e+01
4.450397630694322260e+01
4.532686568534327876e+01
4.901678152103396258e+01
5.118815480460226297e+01
4.641580849457346147e+01
4.741588335168734147e+01
4.635121510441229020e+01
4.679377234833408039e+01
4.695520769000239625e+01
4.808868450392409954e+01
4.826602572956169013e+01
4.989846074916422225e+01
4.377092727251770299e+01
4.807086686359252781e+01
4.684230630976148291e+01
4.547455557274911797e+01
4.631595067260833787e+01
4.725906652383739015e+01
4.817478327024821283e+01
5.026286563963256526e+01
4.388031744604558071e+01
4.740383366510923935e+01
4.528786628106841761e+01
4.748132981682336151e+01
4.728832946441415430e+01
4.615620984025112961e+01
4.521319068554974763e+01
4.859323992303200157e+01
4.607456315480871467e+01
4.606979751383839528e+01
4.843195809409068886e+01
4.883362705218931410e+01
4.389480186370108328e+01
4.779251781090768247e+01
4.277587089599762038e+01
4.747173669048026312e+01
4.649499865341140037e+01
4.517830085209524071e+01
4.726508140673954017e+01
4.377311744738463517e+01
4.827104443439888115e+01
4.902715808416856191e+01
4.672065290295844875e+01
4.438412397644482610e+01
4.650462752767745656e+01
5.129044295213790861e+01
4.684456632927945208e+01
4.634037319603236682e+01
4.682350976197793813e+01
4.770722479874314814e+01
4.822902320040948609e+01
4.782346055049169564e+01
4.836217383523005964e+01
4.332996886313939200e+01
4.519803082942078021e+01
5.006754649835778537e+01
4.634376963290944929e+01
4.662837159218965155e+01
4.644320597045356180e+01
4.508434044481673908e+01
4.719462135799462033e+01
4.672958696156507585e+01
4.745674928649096103e+01
4.867066085704276190e+01
4.806299237559409931e+01
4.721525692542782338e+01
4.912127115560555524e+01
4.426190184026909691e+01
4.991473101816186642e+01
4.611801915898080750e+01
4.621721920473967060e+01
4.448988354348949770e+01
4.806509920929139668e+01
4.829803591540036933e+01
4.522678107482614251e+01
4.647684290234278848e+01
4.663774858567118997e+01
4.487678369773132658e+01
4.518429841337399466e+01
4.703143528850190336e+01
4.742635236571915414e+01
4.894248991702543350e+01
4.628429890369018551e+01
4.611113506701728681e+01
4.816846152056567121e+01
4.613235217806510491e+01
4.808623841192666504e+01
4.374815081606013933e+01
4.990595078488252767e+01
4.677656113960174622e+01
4.689187624126672915e+01
4.861559771553566378e+01
4.298876118042133498e+01
4.956360101423552322e+01
4.556835915495036460e+01
4.559772749439440531e+01
4.769048665705183510e+01
4.459849290922191045e+01
4.732873811170971123e+01
4.522603029810171904e+01
4.717302673789858858e+01
4.637701124110073181e+01
4.618435507798754003e+01
5.062347237483179185e+01
4.700166919556399847e+01
4.766861931792786322e+01
4.616174734163470816e+01
4.720499610145623137e+01
4.719324286140082592e+01
4.633450117435166504e+01
4.964105841276189324e+01
4.774859117907937645e+01
4.511108840329944769e+01
4.592259835723508132e+01
5.064638192153768870e+01
4.383896653770283081e+01
4.586668201283225699e+01
4.646999034906085768e+01
4.563536427155742103e+01
4.906739367229957338e+01
4.862343927135597710e+01
4.704088568665599723e+01
4.827856372291082465e+01
4.819023382688546775e+01
4.962983519281632994e+01
4.536552817264618653e+01
4.573097308852617005e+01
4.776093024074845061e+01
4.581309402152756149e+01
4.915055109802447220e+01
4.585884022426931494e+01
4.808262578662624520e+01
4.853470499491505308e+01
4.711792277559870712e+01
5.016251362724742080e+01
4.693937640470731765e+01
4.587927512457874002e+01
4.651118940137280333e+01
5.063403194716293143e+01
5.021097676014853306e+01
4.877286359955696327e+01
4.460538454399071640e+01
4.838509138505207119e+01
4.652185503097484087e+01
4.652289224594971273e+01
4.823632920413371039e+01
4.696169283576821840e+01
4.648303797333594645e+01
4.768007173049077352e+01
4.473493948957417388e+01
4.520436867156298888e+01
4.569072009362699305e+01
4.924966546671837619e+01
4.814673688693996212e+01
4.541406452215649381e+01
4.778503292603837593e+01
4.828934252175083230e+01
4.644078808311978435e+01
4.586407506866567019e+01
4.667270136926183710e+01
4.582464507229067152e+01
4.839086651987302901e+01
4.521041127812490146e+01
4.811141064407676282e+01
4.728241831461945566e+01
4.628365572794014327e+01
4.426300543968612544e+01
4.579956997177004752e+01
4.616400354754458846e+01
4.290187321486603622e+01
4.929536690419865863e+01
4.206409101018076768e+01
4.681223986453283459e+01
4.544385496385861245e+01
4.633516174697177803e+01
4.859979862635861991e+01
4.807405664803459899e+01
4.609727961725415923e+01
4.943822818757360693e+01
4.561411449601175150e+01
4.926654502171091821e+01
4.774967416931036723e+01
5.056292844718089441e+01
4.850514638121519084e+01
5.102595914953946732e+01
4.918122854893282181e+01
4.727280471276212381e+01
4.508027138599986472e+01
4.861037458010203949e+01
4.906642022151174132e+01
4.485439022941701381e+01
4.813199047147063681e+01
4.392270342019666174e+01
4.781207054918073140e+01
4.741367941175214895e+01
4.520720002693450112e+01
4.633087347133830036e+01
4.782960656068706840e+01
4.240742865586886268e+01
4.633682206518342639e+01
4.659561226479942064e+01
4.506726147977914820e+01
4.898415295381704482e+01
4.899193539450131141e+01
4.569741122210304951e+01
4.660782949123857577e+01
4.883374389819148575e+01
4.799731867662723772e+01
4.535037687760358693e+01
4.847395485682925198e+01
4.784052333029825377e+01
4.947524838520865842e+01
5.173652416296535961e+01
4.507799803426070184e+01
4.691212918105116358e+01
4.416797354150703114e+01
4.720980692292703651e+01
4.422605181307252309e+01
4.902548517014319174e+01
4.638187814001785370e+01
4.624941555336862820e+01
4.991783450860064164e+01
4.885301549117965436e+01
4.678428019545879124e+01
4.180071509255748197e+01
5.046192988929804102e+01
4.441643609898117973e+01
4.824245893447380240e+01
4.990356102871894706e+01
4.608974030558066204e+01
4.486649312863312389e+01
4.494952628275938622e+01
4.817298671342712169e+01
4.829996954791527486e+01
4.735331931494921776e+01
5.048793032594630148e+01
4.484333828472625783e+01
4.364246412074426473e+01
4.921180824638018692e+01
4.501466622998844969e+01
4.631070611215429267e+01
4.697127161587728494e+01
4.615897682291735293e+01
4.458177434138814021e+01
4.878664525152789366e+01
4.774213896776037558e+01
4.867720653660781949e+01
4.863268176190601366e+01
5.155880528634740045e+01
4.628966114790505060e+01
5.012640499200299615e+01
4.521834002266824371e+01
4.838549033851223413e+01
4.724714208473218946e+01
4.854271534721041093e+01
4.468014145071664700e+01
4.875288093155855051e+01
4.435895631663128569e+01
4.765608322507655004e+01
4.867760231515346447e+01
4.806495702555030647e+01
4.737275479332217998e+01
4.729300581374484835e+01
4.753139935172163177e+01
4.626400105948187758e+01
4.705365296048950086e+01
4.666149188736174125e+01
4.877408360386034758e+01
3.795425391761027356e+01
4.464104694522358585e+01
4.844236667686048747e+01
4.717337755846604352e+01
4.867852878199750677e+01
4.731860408532992324e+01
4.631135991696547904e+01
4.549749342921376183e+01
4.438503380302758927e+01
5.000649510951712529e+01
4.791753096898412423e+01
4.545801416468341216e+01
5.134400143544515771e+01
4.902862934865895994e+01
4.785240640133805812e+01
4.453289863376645030e+01
4.910953031602362273e+01
4.960944505584612330e+01
4.614075688691390553e+01
4.471146251030079810e+01
4.555686020876280651e+01
4.569621411093184804e+01
4.857310551794478926e+01
4.507322895853780409e+01
4.594448856853693997e+01
4.739846516449796354e+01
4.924084123772568944e+01
4.828873482686281449e+01
4.811103047759970508e+01
4.674857702480675670e+01
4.643624106995574863e+01
4.891372118100198207e+01
4.689515082324482620e+01
4.710647038224525573e+01
4.538983319942234118e+01
4.745496827371790971e+01
4.846362102823984230e+01
4.451633727866970247e+01
4.796187722755595928e+01
4.764705116855120082e+01
4.787703159639006145e+01
5.010475244643259884e+01
4.561170794225204617e+01
4.640559994218684636e+01
4.815627197255846426e+01
4.535351237378269218e+01
5.105905098759382810e+01
4.840894324888940758e+01
4.605753855951270026e+01
4.739049713486712534e+01
4.398249950072541736e+01
4.653951298756385313e+01
4.861603935531201159e+01
4.687783489719871710e+01
4.655016004460444634e+01
4.540897054084576467e+01
4.847767299964093013e+01
4.954049553383327975e+01
4.683607253836747475e+01
4.931265180783858426e+01
4.611972500858502144e+01
4.218728667100845087e+01
4.214076716702059144e+01
4.545496876532584452e+01
4.768113627074798444e+01
4.850782598730083350e+01
4.414995621116692348e+01
4.860146029719616934e+01
4.856643687949283361e+01
4.414475530453072594e+01
4.248218028600700080e+01
4.799340881676506143e+01
4.673969354634405704e+01
4.663008350096410481e+01
4.802991133201355467e+01
4.772377177554182737e+01
4.787575419872999305e+01
4.646187982833991015e+01
4.476580563089251541e+01
4.799222344971821030e+01
4.995778846909198734e+01
4.326950033679464980e+01
4.611058196319174129e+01
4.809343585683172506e+01
4.477372105789743273e+01
4.765657818401371770e+01
4.852485700661782175e+01
4.879133189257373715e+01
4.471030656058061936e+01
4.637274984882585471e+01
4.664960325072193825e+01
4.214991920367581457e+01
4.617664731146069101e+01
4.677995677512558359e+01
4.745909108672197618e+01
4.863157275464758555e+01
4.764005534052382984e+01
4.813234957053978036e+01
4.866176527740108071e+01
4.762625520673161361e+01
4.553420245051151483e+01
4.429438388245506530e+01
4.333531253217253720e+01
4.554724815391330139e+01
4.434043625122122734e+01
4.754811556398821892e+01
4.552338590207696001e+01
4.799010931296739813e+01
4.591482703643990959e+01
5.010306808635871789e+01
4.504140713916998351e+01
4.469501956287119526e+01
4.790986052610678314e+01
4.684234860770497733e+01
4.765273431900330081e+01
4.650522367085097386e+01
4.880622489656973784e+01
4.928565840176260338e+01
4.909251397231780345e+01
4.503504940530052636e+01
4.926159150747768933e+01
4.517796796937473403e+01
4.354844326042383784e+01
4.951788594083068773e+01
4.944042824967996808e+01
4.556046813829289732e+01
4.784805062049767344e+01
4.808645326509326878e+01
4.900816509656561237e+01
5.011255381267564246e+01
4.846645953489421288e+01
4.629490938398661370e+01
4.626868394425371633e+01
4.645544383098883401e+01
4.505448845844529870e+01
4.587416860960563980e+01
4.878455661832867207e+01
4.591958475738763923e+01
5.012710458740452424e+01
4.845706773419305335e+01
4.600540148391481665e+01
4.436149366698833063e+01
4.615132499277638090e+01
4.709560405642167069e+01
4.871599167950311937e+01
4.994233348814910300e+01
4.983420880981581291e+01
4.799597722825221524e+01
5.039390823557088339e+01
4.661348277286766262e+01
4.715932216547988531e+01
4.495801588525296921e+01
4.836821446483722298e+01
4.918320147359604277e+01
4.981548761589871788e+01
4.698098729026504117e+01
4.847681028685904892e+01
5.099225580809125802e+01
4.453777200517151158e+01
4.527194421067461150e+01
4.567282740156352361e+01
4.460104785169149011e+01
4.027535989103932224e+01
4.523706976269185276e+01
4.844952127488516425e+01
4.666623274969495583e+01
4.573262067577056911e+01
4.776551033757068154e+01
4.969538932400615749e+01
4.925288075157394729e+01
4.860233257334679280e+01
4.857317842168873057e+01
4.840934574621263664e+01
4.795323245090106212e+01
4.848379206174751488e+01
4.939927203150791968e+01
4.797896749933808991e+01
4.522296516878623862e+01
4.514340711668180006e+01
4.423721246909256877e+01
4.664741150417318494e+01
4.787067227227660027e+01
4.636794601117028236e+01
4.923723499549552685e+01
4.958975317058433063e+01
4.468939198955707326e+01
4.558944036451214998e+01
4.789727406808594168e+01
4.674966297803725723e+01
4.722206744643067822e+01
4.720537788425525605e+01
4.644488856748770900e+01
4.747582199046900797e+01
4.626325650322297633e+01
4.959022960929525681e+01
4.898051571882236743e+01
4.808018674909183687e+01
4.635091259865556168e+01
4.735648690047208476e+01
4.855779967101430827e+01
4.803102083635097586e+01
4.792584552080277405e+01
4.800737695144582773e+01
4.511771081314562082e+01
4.872927783556282577e+01
4.764972316645132366e+01
4.436814890554593660e+01
4.378483821862842973e+01
4.561516812637122342e+01
4.576042555730696648e+01
4.656264085284666976e+01
4.580134930144436822e+01
4.401347257672436797e+01
4.568312558405473567e+01
5.117388301142631235e+01
4.684427463842789052e+01
4.524266910879919124e+01
4.752179343446670146e+01
4.749053758114436619e+01
4.774181404508045290e+01
4.831839762180298692e+01
4.512330018031690315e+01
4.712681430186238174e+01
4.817982567284163054e+01
4.809520936507964706e+01
4.344314129604818220e+01
4.597005308723868922e+01
4.782770147663867277e+01
4.916823499167524147e+01
4.738644958960031772e+01
5.000415638337936031e+01
4.760704796999599608e+01
4.714982453973730969e+01
4.623403093321248747e+01
4.815747027016989534e+01
4.739349389035766791e+01
4.430124445232329577e+01
4.553817639476526580e+01
4.715717575036315168e+01
4.936457830759557197e+01
4.609915975711913916e+01
4.676414937904709745e+01
4.728785029471898582e+01
4.790378264574892597e+01
4.651900189564562993e+01
4.345174994967179316e+01
4.549453206980088993e+01
4.535178320750175374e+01
4.538676280041364919e+01
4.715945998210180790e+01
4.910042732955236033e+01
4.576701628300082092e+01
4.681856237163348311e+01
4.771808652596920552e+01
4.811689448978705030e+01
4.743327027941029428e+01
4.950212289124820586e+01
5.015273794890940451e+01
4.665493713566195311e+01
4.679581141746649564e+01
4.650103702024463814e+01
4.680949343603383994e+01
4.802237003326649045e+01
4.599707337970239962e+01
4.673094104898441259e+01
4.843974538507452365e+01
4.733548348200367428e+01
5.055334365992015222e+01
4.613563622664799624e+01
4.904801244881702615e+01
4.738553457163646954e+01
4.784882515169680062e+01
4.530105273393402143e+01
4.651630581534979569e+01
4.661780292719975449e+01
4.605994606420025406e+01
4.692890127323568095e+01
4.702309371444256669e+01
4.864807064365735556e+01
4.628607538538472710e+01
4.401907005619862900e+01
4.687303471505036612e+01
4.585937571139633917e+01
4.513141062276484661e+01
4.838024447915516646e+01
4.529033516859077224e+01
4.722992085344111501e+01
4.652776129759056545e+01
4.663967011582711564e+01
4.638196506730886171e+01
4.737103883052151332e+01
4.895593529832968471e+01
4.622517419095337488e+01
4.773821329619828902e+01
5.137122715249005722e+01
4.404745700492197358e+01
4.558262643835088568e+01
4.886580244774790316e+01
4.670435569489374927e+01
4.714675079724658247e+01
4.659831613716157506e+01
4.748602716049365569e+01
4.625809998805960532e+01
4.881743710314482598e+01
4.729498883021576461e+01
4.131730794264655771e+01
4.776702334320685139e+01
4.555613716021459680e+01
4.804898290683748030e+01
4.605410223909700562e+01
4.884388857532292860e+01
4.484627887117536460e+01
4.482879402445489347e+01
4.736964661408355681e+01
4.721994010593090252e+01
5.038940102092036710e+01
4.870460057994770153e+01
4.909519770364835978e+01
4.457163375502964442e+01
4.452721424830984631e+01
4.669197633108543499e+01
4.625599440970225373e+01
4.755540225418936728e+01
4.461578183869691827e+01
4.853410712868161170e+01
4.514362970347144000e+01
4.556467510153026979e+01
4.918227620205469464e+01
4.859770022761402686e+01
4.881238605912448492e+01
5.002141136119561082e+01
4.896546101761376235e+01
4.503701811586134340e+01
5.080065998305007469e+01
4.642197771816793761e+01
4.425379173349542583e+01
4.692138948639016860e+01
4.511343183279782210e+01
4.408772275217482672e+01
4.918939230674877905e+01
5.003657127990806686e+01
4.732375305289868095e+01
4.764822118183039379e+01
4.745231856066128273e+01
4.938990062265051506e+01
5.130698891934380157e+01
4.790995126633671930e+01
4.687163540768111147e+01
4.748966729132132514e+01
4.355312613569758895e+01
