2.220042782666162839e+00
2.149059359127493352e+00
2.005138384797340301e+00
2.092535315597793488e+00
2.073572160864580738e+00
1.851780095077239841e+00
2.020408878764401894e+00
1.902537972439660052e+00
2.077069511195183349e+00
2.200373408251581342e+00
2.356614292385565079e+00
2.014828943934369399e+00
1.910595270453531169e+00
2.165501121757276159e+00
2.229915584585488109e+00
2.196574140744222969e+00
1.919472288682995353e+00
2.039186899284855414e+00
1.865731150898849888e+00
1.880469421206719227e+00
2.214707540180237189e+00
1.735134156338011602e+00
1.910964525410340009e+00
2.405711376018253578e+00
2.145269910770971844e+00
2.271996802610520394e+00
2.175384426302536589e+00
2.074243806648817134e+00
1.829862832759647118e+00
2.047291959374621495e+00
2.430133119839499312e+00
2.035741956429246269e+00
1.742110174067243999e+00
2.059231820039707728e+00
2.175645826670007832e+00
2.196059158682559520e+00
2.355521182572619665e+00
2.381429411578529720e+00
2.112557726831974403e+00
2.039428525589347618e+00
1.800752984129422529e+00
1.963259521605965174e+00
1.970444478250470643e+00
2.229392429668417108e+00
2.283152972397203051e+00
2.045788753297371088e+00
1.849134641873751539e+00
2.075560475379444547e+00
2.211767621718645493e+00
1.933917305211995341e+00
1.886992629406460065e+00
1.999751004104756813e+00
2.446976130200498645e+00
2.157913565587030735e+00
2.081564234395669288e+00
2.182226214958083332e+00
2.195140304321405278e+00
2.223838836615688042e+00
2.232980200656654812e+00
2.194714575308558846e+00
2.273960590001136595e+00
2.321581424915455383e+00
2.099168100781753754e+00
2.016362136477417355e+00
2.134312625386854734e+00
1.974890135004887526e+00
2.360738191365868932e+00
2.208939189529819824e+00
2.147277232451106688e+00
2.009779214992766683e+00
2.112617842889175090e+00
2.378456873234491731e+00
2.177961213959396680e+00
2.284890309549183485e+00
2.003428953966047033e+00
2.044083164628921256e+00
2.351409755685746283e+00
1.796503825172464541e+00
2.286625179886476289e+00
2.025787855207051624e+00
2.152065127725192095e+00
2.131477697830046480e+00
2.089338948405065288e+00
1.961141834914647442e+00
2.440836719977727221e+00
2.066681223903564124e+00
2.042193042268248604e+00
2.099901833399842044e+00
2.288114340052525897e+00
2.205138799256971538e+00
2.327592433109335612e+00
2.042671683534300175e+00
2.095702392881142462e+00
2.381945308090953617e+00
2.394286490393543243e+00
1.861347304743131259e+00
2.395550394732445465e+00
1.995774770181935276e+00
1.828318334311623383e+00
1.904600351482268250e+00
