1.968358627109137160e+01
7.908511519874991791e+00
-2.821390172078372416e+01
-2.600216183403063042e+01
-1.802227392904114822e+00
5.715642212512648257e-01
-6.938048785219962156e+00
-1.321908808292801041e+01
-8.546457332786303596e-01
4.221190813070734293e+01
5.772905952484188674e+01
-7.175292783192617208e+00
-2.366603879892090845e+01
2.071648741777562464e+01
5.248176592840172816e+01
4.555476782358027776e+01
-3.160727979624198269e+01
-8.438564369212599559e+00
-3.066105081523346598e+01
1.834379706789604825e+00
8.732959274909717351e+00
-3.072808640476978326e+00
2.363051375797385845e+01
-1.781057618678596555e+01
1.192682999249882414e+01
6.188648882173947641e+01
-2.587174424926070060e+01
-3.272856014763692656e+01
-1.250330489839143411e+01
-1.588865354587096590e+01
8.935368372259381431e+01
2.029308836305381192e+01
-1.833855551429314801e+01
2.281107192766558001e+01
2.816636066125511206e+01
2.514117378643322809e+01
1.089278955905333532e+02
6.284603723381633245e+01
-1.784374343814306485e+01
2.530610118956974475e+01
-6.748124860960615479e+00
1.113814402831076222e+01
-7.506370314016749035e+00
4.572858517359736652e+01
5.837920707120474617e+01
1.301032581738127192e+01
-4.744999810157423781e+00
3.400859632598894677e+00
-3.710800231123221238e+01
6.309017800816945964e+00
-6.627468232100454770e+00
2.585425101523787816e+01
5.785715713786339620e+01
-1.962853403057761170e+01
4.358260438479555887e+01
2.265532567843365541e+01
2.003101681622956676e+01
1.568115954775566934e+01
2.904221241360801287e+01
-7.069153488302617916e+01
8.455007771394093652e+01
4.164137536387897853e+00
-4.427087611882598139e+00
1.984226024144163603e+01
1.549776313539632611e+01
-2.405734734386851414e+01
3.757358448904096804e+01
2.634848985201824689e+01
7.306063784179059439e+00
-2.680723294321978756e+01
1.269746895704111012e+01
4.216160956077874289e+01
-1.693522051252284655e+01
-1.728469658531139430e+01
-3.342911699423302707e+01
-6.954598231636737182e+00
3.518529702058003750e+00
8.796669376005866070e+00
-2.570190062629626482e+01
8.709744927877636655e+00
-2.378501528895549200e+01
-2.578464987167853906e+01
-1.388015818264193513e+00
1.694623348241248095e+01
1.953919748150838132e+00
-1.516129040571195219e+01
2.877866251368095618e+01
-9.178461845951005671e+00
4.425236667768695042e+01
-1.336136522018932737e+01
-2.885819304293363530e+01
9.522788049328937632e+00
2.118412027468275483e+01
-5.771006982919880102e+01
2.438017802051672334e+01
-2.987726987132555223e+01
3.356979890755883389e+01
-6.048001351644870738e+00
-2.474595615890711997e+01
1.165234462525495474e+01
