9.329246519732251386e+00
8.581125993709695976e+00
7.668028838529002300e+00
7.907789440524910063e+00
7.752021283062387802e+00
7.048915377639683122e+00
8.158240364677762813e+00
7.837901475433672438e+00
8.364077092845809247e+00
9.378924199180877608e+00
9.077252724748985813e+00
7.689666572580311055e+00
7.844885604338468710e+00
8.619897840086535368e+00
8.685472565500779396e+00
8.090914420102755855e+00
7.452228179957593568e+00
7.709149228478241689e+00
7.378107223312864171e+00
6.987154565931190220e+00
8.311655625889990517e+00
6.752130335646631565e+00
7.300030026033885733e+00
1.005602981746292635e+01
8.291215221713237327e+00
9.557103855212098154e+00
7.940356764248889476e+00
8.462592136757576711e+00
7.304909814107340971e+00
8.181964940623347005e+00
9.584066985830268948e+00
7.898494933678763985e+00
6.665269692451624373e+00
7.954311702576354115e+00
8.450367276867586597e+00
8.547987268062685828e+00
9.443655614998686332e+00
8.995057319248097372e+00
7.387387204012728859e+00
8.562623151589695780e+00
6.909557722206617569e+00
7.771365259796389147e+00
7.617722267437072148e+00
8.512702094496258809e+00
9.071233342157231760e+00
7.784125943684258253e+00
7.118580857556520591e+00
7.836756691815899067e+00
8.497248408331639524e+00
7.599400739100529378e+00
7.978488495017878712e+00
7.425512442999163909e+00
9.258156894173609430e+00
8.064876503447552025e+00
8.164700344541850896e+00
7.605022455940884107e+00
8.349905087518997959e+00
8.823228841106354636e+00
8.855797358010283560e+00
8.510723456745504123e+00
9.369173644265426759e+00
8.974449879826446264e+00
8.073954193707351124e+00
8.054957209534178375e+00
8.062462965167979334e+00
7.535767386078051189e+00
8.633018548713300433e+00
8.132148249838721199e+00
7.931892545014987306e+00
7.925073592720504045e+00
7.891153499419007566e+00
8.863894801794719669e+00
8.255980292489786265e+00
8.697079738725603804e+00
1.472230305095659122e-04
7.696662501484006214e+00
8.830037758375141266e+00
6.766914479835644869e+00
8.796612566523933197e+00
7.926493841905717375e+00
8.633393939143401141e+00
8.065339474779145590e+00
7.822156714493784690e+00
7.768690359498810899e-03
9.062368967656963648e+00
8.276956377446850865e+00
7.637100065321739351e+00
8.576874531976709903e+00
9.810160700247116949e+00
8.479154384163505753e+00
8.498000586248748434e+00
8.015896410844005615e+00
8.293850954959557598e+00
9.475475775865614736e+00
8.944722969917375366e+00
7.250661690912426849e+00
8.427495810667922527e+00
7.937624854119829543e+00
7.714642139762388773e+00
7.345613536817807265e+00
