3.356148968135585164e+01
3.329870048520479031e+01
3.198993019605313748e+01
3.223919813603833973e+01
3.240394386603338717e+01
3.212966107414740691e+01
3.283178927164590277e+01
3.215215898100086633e+01
3.273194434883725989e+01
3.409651484132518817e+01
3.430729640531308178e+01
3.232033571075726286e+01
3.233485480828448999e+01
3.337306103673017788e+01
3.383689842783178392e+01
3.355683979554351026e+01
3.163846253319161406e+01
3.226525676958954136e+01
3.189442987697702847e+01
3.233649443141939628e+01
3.307334722913446967e+01
3.221628388731232917e+01
3.291728996430629195e+01
3.302042905762073133e+01
3.309616711584794757e+01
3.463708763819795422e+01
3.207227924575499856e+01
3.192560723193628291e+01
3.218283376319550371e+01
3.224924141739347760e+01
3.511645577763147230e+01
3.294965223504505047e+01
3.163269391519543206e+01
3.270592133461605044e+01
3.344140499437617109e+01
3.341433124090326601e+01
3.559809963291900203e+01
3.435020462737838898e+01
3.179154972337846630e+01
3.352196272956280154e+01
3.228777889606408280e+01
3.264554851335651620e+01
3.234578732395857514e+01
3.382135255534558382e+01
3.426317845527773898e+01
3.302006807006364397e+01
3.224534767356453813e+01
3.252248178385934807e+01
3.222993753197442857e+01
3.267153608581247681e+01
3.245588935736031999e+01
3.309545552413192127e+01
3.460332274215397774e+01
3.244147954324944294e+01
3.323890308779527913e+01
3.304771490389293831e+01
3.320220762079316046e+01
3.346580105645989534e+01
3.367006012762112732e+01
3.160529367404706136e+01
3.515374153474340346e+01
3.316471444162425541e+01
3.260397108737515737e+01
3.306026611533843607e+01
3.289452444789367291e+01
3.185599593521692441e+01
3.371163641770635877e+01
3.326511924838814593e+01
3.277694143017924944e+01
3.204291339186920595e+01
3.288144197022984372e+01
3.406765827985282158e+01
3.243579171527244398e+01
3.249742879212408297e+01
3.146069679461470514e+01
3.209162512098100706e+01
3.329316233764529898e+01
3.240807015098289412e+01
3.264518765965976854e+01
3.292913850505647133e+01
3.258721500892852418e+01
3.224043832023062350e+01
3.245240730242903737e+01
3.265021516108117794e+01
3.329586954867045279e+01
3.258378235867166950e+01
3.313293523683569219e+01
3.274881802010577303e+01
3.457733763426494988e+01
3.269444909288995404e+01
3.234546961472915427e+01
3.285841943933928633e+01
3.322289174366824227e+01
3.231583708991229287e+01
3.355569184744990707e+01
3.150396813112502059e+01
3.381257637930957571e+01
3.251058150239850875e+01
3.193918640863239489e+01
3.264460703389568152e+01
