3.794909735401287776e+01
3.783872880795259874e+01
3.749823780954389463e+01
3.834338173537661731e+01
3.717026116979633343e+01
3.511924731234696395e+01
3.754617827486583082e+01
3.597857125095112707e+01
3.694565230527464905e+01
3.776069832089557110e+01
3.754645766442175159e+01
3.691457933205047226e+01
3.686202751584406911e+01
3.651597111181708755e+01
3.659178505678375615e+01
3.644695644595073247e+01
3.722007349672094989e+01
3.768500936404488044e+01
3.701940585397358774e+01
3.752463719514720708e+01
3.756451789122080953e+01
3.519413774347749069e+01
3.502695632687604643e+01
4.139528688337355078e+01
3.829155594769863313e+01
3.748897069488813827e+01
3.779653654225786141e+01
3.721198566131632646e+01
3.617235897602829198e+01
3.752284175079010708e+01
3.744360726903390457e+01
3.580497425164492853e+01
3.669154507715908409e+01
3.714629650950696060e+01
3.707840769232652178e+01
3.738172643139480300e+01
3.627504965311226215e+01
3.828928031158018541e+01
3.808502625231332672e+01
3.633449108956014584e+01
3.514353462672064410e+01
3.632441907805001335e+01
3.652597782469418064e+01
3.670895423756756770e+01
3.718253831174556012e+01
3.564233961394302241e+01
3.582845991983876388e+01
3.808855043551811548e+01
3.805353715999311248e+01
3.612378587532884211e+01
3.649730939093042537e+01
3.532304535061394546e+01
3.771304297496127589e+01
3.772351176113199500e+01
3.661381625805214668e+01
3.678223936044138043e+01
3.667097441941294989e+01
3.701880234761449628e+01
3.789387554124714086e+01
3.932943196386983686e+01
3.709241508768226225e+01
3.866853978999569108e+01
3.675034234123328503e+01
3.556407071180530011e+01
3.730772818684445014e+01
3.728748501497442192e+01
3.735738623547782566e+01
3.787995927960234610e+01
3.689665293701253290e+01
3.717960088701044441e+01
3.579084643025274204e+01
3.780772301076224551e+01
3.708096039814040523e+01
3.824716583502181777e+01
3.819198576331016426e+01
3.675779326554481941e+01
3.833964430396889611e+01
3.392186141857582982e+01
3.903261460946135486e+01
3.695821110803839815e+01
3.802731317629578456e+01
3.814193128231142538e+01
3.718326414283014003e+01
3.591532392919138061e+01
3.910165993259351325e+01
3.769390314378259177e+01
3.522234711827049836e+01
3.690232999793872182e+01
3.783674371717762597e+01
3.785662140487394822e+01
3.885501353634326449e+01
3.709332963035989650e+01
3.614918142165166159e+01
3.966376529986732180e+01
3.815203274482404794e+01
3.629253776350277150e+01
3.820953763225282529e+01
3.672720865746239127e+01
3.619416886009553025e+01
3.492777445369634393e+01
