4.502454716737149454e+01
4.525210063934186167e+01
4.821545545168872593e+01
4.725098397194174993e+01
4.852684819335397037e+01
4.997203190810838436e+01
4.614492123810667579e+01
4.873614530735230232e+01
4.710776137791574314e+01
4.441798459413787015e+01
4.467824436546163724e+01
4.846672209745552351e+01
4.700947900554817238e+01
4.595692992353951212e+01
4.636138476563105115e+01
4.707795331128593830e+01
4.955581492314534131e+01
4.861450131275086051e+01
4.844805858401674925e+01
4.913112186887813948e+01
4.634208003895217587e+01
4.928019482614286062e+01
4.824128394696116118e+01
4.435236631671804730e+01
4.649863491655374048e+01
4.353901034785760515e+01
4.803485654234793145e+01
4.812465733597893092e+01
4.865489265707880406e+01
4.806583091195346924e+01
4.347930471664481189e+01
4.783189387888694455e+01
5.070180911611346630e+01
4.912897402866510532e+01
4.624285620431788146e+01
4.612459057875117452e+01
4.279396366033470400e+01
4.487556725403247526e+01
5.001039529072120615e+01
4.565391355119272987e+01
4.865113911578105643e+01
4.847679772551963140e+01
4.832272277707327390e+01
4.591484974110778694e+01
4.492240236700791911e+01
4.693089499818486843e+01
4.901030406964942898e+01
4.841109739073598917e+01
4.632562648896686852e+01
4.796926459723431435e+01
4.789140006965352114e+01
4.761459819619357603e+01
4.338070565961208302e+01
4.686309407508279889e+01
4.834313701156992238e+01
4.757705633853701954e+01
4.667216215593041539e+01
4.513177164455736090e+01
4.528635096306540220e+01
4.621319119232846617e+01
4.296688659102329666e+01
4.555159867348615421e+01
4.739650397500628287e+01
4.729719212035089981e+01
4.769883115540537943e+01
4.919035651110950624e+01
4.577200208810157989e+01
4.689093401039810516e+01
4.757130433287424864e+01
4.809066177051234803e+01
4.753328826084779735e+01
4.454254643823905013e+01
4.711860498309647483e+01
4.680511000338895400e+01
5.022657036204589787e+01
4.953257702848408428e+01
4.491396781878592748e+01
4.936662271051015694e+01
4.539851666872203140e+01
4.699445776325836732e+01
4.583299198298715282e+01
4.726397081022663116e+01
4.833953534684190601e+01
4.891855706970579831e+01
4.477131638697301952e+01
4.658824759319517739e+01
4.767565840311348779e+01
4.633649908971320741e+01
4.243902609137259674e+01
4.623240643914183323e+01
4.651159609770868286e+01
4.738127983664115561e+01
4.667101843368075720e+01
4.405861970403371686e+01
4.542833036278467773e+01
5.032815523913269828e+01
4.500654248107224475e+01
4.768916200876375910e+01
4.874697692825505158e+01
4.852228354964358914e+01
