1.958706795732706723e+03
2.042608964555817693e+03
2.311858828888752669e+03
2.294836564624196853e+03
2.113197726438382688e+03
2.095823733482452099e+03
2.151053410640347010e+03
2.197851590339373615e+03
2.106253017710115728e+03
1.803152257374659257e+03
1.699639699042500979e+03
2.152810974698360042e+03
2.276935238053056310e+03
1.951433665857318829e+03
1.734321677705430375e+03
1.780607951198502406e+03
2.338116466693603343e+03
2.162182868258832968e+03
2.330777382590395518e+03
2.086612509979684091e+03
2.036674621899011527e+03
2.122529064128274058e+03
1.930988990350645054e+03
2.232415545238845880e+03
2.013770899910250591e+03
1.672390756032737045e+03
2.293835082639652228e+03
2.346830621568337847e+03
2.192490381462307596e+03
2.217910933618038143e+03
1.497304009663450643e+03
1.954413339928664300e+03
2.236409463644471998e+03
1.936727097266296823e+03
1.899382386251008029e+03
1.920433247947942391e+03
1.377544089355173583e+03
1.666130180547303553e+03
2.232666321924989916e+03
1.919282586732112804e+03
2.149646972200654545e+03
2.019414064191392526e+03
2.155264996137705566e+03
1.779439436486723935e+03
1.695365131866163665e+03
2.006031770628717823e+03
2.134843887646846269e+03
2.075216492448059853e+03
2.381047318505512521e+03
2.054148060081216499e+03
2.148753738474421425e+03
1.915460767252208598e+03
1.698797095357678927e+03
2.246184465615854606e+03
1.793891807180281830e+03
1.937818680756513913e+03
1.956258834344284651e+03
1.987020876415295561e+03
1.893309460636123958e+03
2.653403961077998247e+03
1.527318995606183989e+03
2.069675780871150891e+03
2.132499646447002760e+03
1.957588600260099383e+03
1.988323284181471081e+03
2.279928189300426311e+03
1.834659669000659051e+03
1.912018115749888011e+03
2.046951119794985289e+03
2.301024288421294841e+03
2.008264830410081913e+03
1.803492511720118046e+03
2.225802723465758390e+03
2.228441498581092674e+03
2.352284652784463105e+03
2.151175987655651625e+03
2.074361798449399885e+03
2.036216417721691641e+03
2.292531221890514644e+03
2.036841593387565581e+03
2.277845001048889117e+03
2.293166420801844652e+03
2.110160502285398707e+03
1.978048840339664366e+03
2.085741688764638184e+03
2.212435384915876057e+03
1.895135823927062575e+03
2.167682367103394881e+03
1.789375206077117582e+03
2.198918111563349157e+03
2.316831118660208631e+03
2.030997991335946153e+03
1.948145392920613176e+03
2.545984917707329714e+03
1.925747052430826216e+03
2.324708387605675398e+03
1.862070701124154084e+03
2.144466712953713795e+03
2.285200510657315135e+03
2.015733946656092030e+03
