7.986581294151834598e+00
8.878919213947252587e+00
8.148640531063968240e+00
6.584561595826541769e+00
1.204478498143218523e+01
1.281798319670006769e+01
7.362996065301394388e+00
1.259618421267141208e+01
8.283799534631311801e+00
8.314728578837467410e+00
6.938485996537930411e+00
1.022445307830363959e+01
1.183769539315004238e+01
8.340939799738906757e+00
1.168320045001346585e+01
1.114184057707362996e+01
9.853533334295331514e+00
7.598548223130422663e+00
1.053946297809917532e+01
9.183824285048556746e+00
7.287758770450804668e+00
9.228758338255062199e+00
6.768721543032378385e+00
9.300691441837555473e+00
9.480206734343331831e+00
8.166391667743415184e+00
7.906769294510036516e+00
1.027735870939967811e+01
7.569523402122186440e+00
7.005723137660958777e+00
8.665345233708942274e+00
9.748818984102934238e+00
6.779169199513931154e+00
9.196760564191539089e+00
7.084055637828536867e+00
7.321161175809121957e+00
9.831625052009531629e+00
7.003266975076776646e+00
7.677594121793128501e+00
9.127342600687724072e+00
1.294712467363543063e+01
1.022583262782985969e+01
7.498699165782438669e+00
9.567626603114499417e+00
8.059805943668731487e+00
1.232645268311647690e+01
6.850748103574585635e+00
1.034677065023007358e+01
7.953592860449384183e+00
1.141916598599864230e+01
9.609508722333982789e+00
8.450529034962439567e+00
8.560742683971199085e+00
1.211397635839347586e+01
7.899725730840185811e+00
1.072159101392291625e+01
1.094739019485977494e+01
1.246761917393252261e+01
1.005365999423166912e+01
6.784820656327683608e+00
1.120061135041638067e+01
8.555985597734419912e+00
8.419388885906506914e+00
7.971687686553433849e+00
8.885241987749878945e+00
9.452920321445198226e+00
7.190171535027226390e+00
8.815339332313032017e+00
7.754248037721331421e+00
9.401610896882946378e+00
9.134566302327948861e+00
8.967836615114432419e+00
1.008408218696270175e+01
8.312104714090695623e+00
7.550808884042100821e+00
7.563122954521217522e+00
9.024509488606655694e+00
9.576692333313349792e+00
1.107363904663716880e+01
7.929223899171197409e+00
8.460987160927976092e+00
1.222404238910914032e+01
1.054889120227725208e+01
1.090895246994087664e+01
7.039130720773973060e+00
1.105971686306749824e+01
1.061140723770527217e+01
8.441170601216915870e+00
7.589326749388718873e+00
7.355856440507107408e+00
1.089996337602988596e+01
7.879859114693653410e+00
9.704807819900578281e+00
8.022739522579040994e+00
7.642764119840885328e+00
1.388524622875876346e+01
8.950391154039699870e+00
1.125691295084026500e+01
9.002023989220560907e+00
9.916775602948815660e+00
