6.377852766872456414e+01
6.253809950300274068e+01
7.938029172721144278e+01
8.165951279061482637e+01
5.789945646800697432e+01
1.036410557163097110e+03
9.673752504397634766e+01
1.125395453185908991e+03
3.418831474668331794e+01
1.087723550569353392e+02
-1.114689342543351813e+01
4.103759449208155274e-01
7.127391661869769450e+02
8.059810287654181593e+01
2.385708390419058560e+02
-3.202584439107886283e+01
5.886988688966812333e+01
2.573495151213501231e+01
3.144229884605811094e+02
5.157558894377507386e+01
2.413836547091705143e+01
5.680124090085519128e+01
4.881514784427417908e+01
6.339855076496678521e+01
5.316075799900136190e+01
1.143639230268345273e+02
7.705537755704790470e+01
4.014198854006826878e+01
1.281804703189445718e+02
3.508535931896403781e+01
9.003590506123509840e+01
1.055578468423045706e+02
9.870969884940859629e+01
-4.340967881840333575e+01
1.161207611516219913e+02
6.505424026401669835e+01
6.811751005108817481e+00
1.281600735381180129e+02
5.501948782526960713e+01
2.817081272048744722e+01
1.624674599804315221e+03
-2.089271286032089847e+01
6.469485401179554174e+01
3.371098739369699615e+01
6.586626641267866944e+01
6.924212611914772424e+02
1.011058597450100933e+02
7.038575911804946372e+01
8.362314605360006681e+01
1.808594163415218645e+02
-1.832538071516682976e+01
3.686975377137059695e+01
5.597392136506823590e+01
7.552938006406729983e+02
3.783643553365254775e+01
7.966538457768911030e+01
4.670015616876116837e+01
9.685682484992757963e+02
7.152965483244770439e+00
1.220509018252596434e+02
6.257675549254709040e+02
5.883445403091900516e+01
7.740180876031445223e+01
7.469930126126564573e+01
8.488190724069136195e+01
5.401673382868830231e+01
1.211639112499142357e+02
4.171995100435015047e+01
4.663102817122853594e+01
7.470890798502659891e+01
7.725407393236673670e+01
6.922430548519332660e+01
4.301467913088708883e+01
6.732360461779899197e+01
3.831790606477807160e+01
8.985077681812617811e+01
4.468524383308249526e+00
2.643886632634894340e+01
-1.849815244834826444e+01
4.934035947139636846e+01
6.071700641906136298e+01
7.333966461328272999e+02
3.775780958737632318e+02
-4.395231661150319269e+00
1.080979404195022653e+02
1.447086754827614641e+01
-4.166427315001783427e+00
7.733977161085931584e+01
6.097605055727035506e+01
1.984171674724020704e+02
8.228323045239812927e+01
1.002714830552977219e+02
6.359288707348605385e+01
2.124971524075590423e+01
5.328674533145385794e+01
7.650535368046366784e+02
7.946402330452474416e+01
2.446361736568433116e+02
2.289098183072565007e+01
1.424834651069504616e+02
