3.422601020900538970e+03
3.503941511325519969e+03
3.444899743954987571e+03
2.926262905725305700e+03
3.693301579251922703e+03
3.872652268935851680e+03
3.495319562746397423e+03
3.851621227220387027e+03
3.525480166115301472e+03
3.641424197013690900e+03
3.503970079912859546e+03
3.692518050762724670e+03
3.855632650811740859e+03
3.452637084521432371e+03
3.819918814895699143e+03
3.755589995330963575e+03
3.803526522961109094e+03
3.856988950256009957e+03
3.828955912212493786e+03
3.704397291350378964e+03
3.628813584748121684e+03
3.727387502378998761e+03
3.455752012757622651e+03
3.693167455769009848e+03
3.563699362072543408e+03
3.581661404814034540e+03
3.346410304608071783e+03
3.690305372226195686e+03
3.492259865968533632e+03
3.507531974305251424e+03
3.662921489603146256e+03
3.696721157113694517e+03
3.215206924197581429e+03
3.693155359559541466e+03
3.413697495654213526e+03
3.694908956447837681e+03
3.539443628832793365e+03
3.189265504785643770e+03
3.495937008382185923e+03
3.608782157029204882e+03
3.887075590207859932e+03
3.746856645205119094e+03
3.406373832609100646e+03
3.499938666230967101e+03
3.507697650269510632e+03
3.603309878820304675e+03
3.284221182050637253e+03
3.511041824083970823e+03
3.639471770461886535e+03
3.722811672414592977e+03
3.489009749347029810e+03
3.535829456863883934e+03
3.511362928709472726e+03
3.815333648525562239e+03
3.597935836682032914e+03
3.704837430276082614e+03
3.883175972343729427e+03
3.859748100959380736e+03
3.608861318171177118e+03
3.355843706683869641e+03
3.639763970613402307e+03
3.827961688162377413e+03
3.661631877988589622e+03
3.585650982353219661e+03
3.566998403140863957e+03
3.773188922581827683e+03
3.532693730233459064e+03
3.582610172986209818e+03
3.386592325393275587e+03
3.573614527366230504e+03
3.713450444625331329e+03
3.501647693763654843e+03
3.734494869656517494e+03
3.697284355001505446e+03
3.631274824409062148e+03
3.686936900826141027e+03
3.707212276165939784e+03
3.530857188947075883e+03
4.051027024287727272e+03
3.619581815818900395e+03
3.521197362724866707e+03
3.733695145061743915e+03
3.782950061292679948e+03
3.848386670444569972e+03
3.305664098108786220e+03
3.770831680676282758e+03
3.654343788641305309e+03
3.600974785825908839e+03
3.598796224962854922e+03
3.010050204783096433e+03
3.975658904679944953e+03
3.519998705443148538e+03
3.711509608294702502e+03
3.549850317814854861e+03
3.536444859244795225e+03
3.654059818582643402e+03
3.793659267738138169e+03
3.631394834345042909e+03
3.556223274719889105e+03
3.550443245016201672e+03
