1.033026528911061632e+02
1.032356230593329656e+02
1.052945378036492912e+02
1.056729191063786857e+02
1.036416171718096848e+02
2.243920605792386596e+02
1.075742519897812599e+02
2.356133757767856878e+02
9.906363239602274007e+01
1.091889403035991108e+02
9.309732290161514356e+01
9.555114165154054717e+01
1.856995612330033509e+02
1.051831783340599031e+02
1.266619279984736295e+02
9.172357241077611434e+01
1.031307439363849880e+02
9.853528467417504544e+01
1.365278343963925636e+02
1.015657884243025819e+02
9.807721187715355882e+01
1.024858962851221804e+02
1.013112208002189618e+02
1.031842157694429716e+02
1.023547081126666853e+02
1.097243026728222048e+02
1.044864439895302439e+02
1.004432113707609915e+02
1.109737739189406511e+02
9.966306783370714584e+01
1.072320920640086115e+02
1.089748642418558120e+02
1.079010423372596961e+02
8.944743463798295124e+01
1.098353496720542353e+02
1.035247397672987972e+02
9.594095256697573859e+01
1.115316611224548069e+02
1.022854280798949276e+02
9.823558903431126055e+01
2.935579166520938088e+02
9.285164854932850176e+01
1.029569467654741857e+02
9.928975710694408008e+01
1.032340605458996379e+02
1.835577574495891895e+02
1.074582030595922788e+02
1.047330041893399084e+02
1.058239638983009172e+02
1.184395126188403538e+02
9.282815249035729721e+01
9.980515672597471166e+01
1.023810285898025541e+02
1.906706123795993335e+02
9.943554879045541384e+01
1.057891526369248822e+02
1.015092054896072113e+02
2.166190424512492427e+02
9.606245640350130088e+01
1.108984531510195666e+02
1.744958712111829300e+02
1.029201460002309432e+02
1.049840841804261800e+02
1.045997425273201316e+02
1.058433635851979489e+02
1.025164246585391083e+02
1.111290241937965675e+02
1.004267460808146097e+02
1.011810414042297452e+02
1.043666070414712976e+02
1.049659627690307389e+02
1.038467524031914309e+02
1.009749848224926154e+02
1.035056009894390172e+02
9.982885122188872629e+01
1.072311331670077834e+02
9.574615106706391998e+01
9.850050339302379143e+01
9.336780281274241133e+01
1.013519895598860785e+02
1.030287334073327656e+02
1.885412816531220415e+02
1.439002238021921585e+02
9.504995311150264570e+01
1.084810516752622789e+02
9.753815202772830162e+01
9.456815134644989485e+01
1.051257788723694375e+02
1.028765094459142801e+02
1.205430883933649966e+02
1.065851295502939138e+02
1.080256769113282189e+02
1.026864283476597848e+02
9.768212446931738668e+01
1.013769874659815287e+02
1.930833186235740868e+02
1.056646201860830843e+02
1.265684364852102135e+02
9.827514004695603944e+01
1.139832763243407499e+02
