6.852904623026273839e+03
7.011416279533113993e+03
6.897873264403695430e+03
5.856934683522723390e+03
7.400048728912265688e+03
7.764786676271494798e+03
6.996773016563493002e+03
7.709014686145249470e+03
7.054409676953569942e+03
7.303330308624862482e+03
7.010841957583284966e+03
7.398858369463143390e+03
7.725617026778768377e+03
6.923134374687031595e+03
7.651215631773179666e+03
7.529567944147898743e+03
7.615680824098169978e+03
7.723083383697462523e+03
7.683310840094083687e+03
7.414452735172752000e+03
7.261253967807289882e+03
7.465797256088964787e+03
6.914928262296994944e+03
7.397635455242899297e+03
7.137789525952777694e+03
7.180736069654334642e+03
6.697887367569769594e+03
7.397348650495524453e+03
6.994453192091537858e+03
7.021368636701858122e+03
7.326758587087937485e+03
7.405698025171419431e+03
6.435475321388815246e+03
7.395980340860161959e+03
6.844687118311207087e+03
7.401563937802945475e+03
7.090301400009466306e+03
6.384584728254782931e+03
7.008856749897005102e+03
7.222867623421559074e+03
7.788074900262855408e+03
7.509102585874800752e+03
6.835031527182265563e+03
7.001415435703567709e+03
7.024095236062353251e+03
7.222552533549251166e+03
6.575529440198222801e+03
7.035225343538510060e+03
7.291439337269423049e+03
7.464551013064420658e+03
6.992144667559320624e+03
7.083689815525187441e+03
7.030780171404312568e+03
7.653756388260107997e+03
7.208333157219914938e+03
7.425269077450347140e+03
7.790959067894278633e+03
7.724096571088853125e+03
7.225313641529959568e+03
6.712870593171542168e+03
7.284755532986471735e+03
7.659244104456694004e+03
7.326914336086187177e+03
7.175576785238050434e+03
7.143161795202168832e+03
7.556431278929812834e+03
7.082185214380666366e+03
7.176955900770061817e+03
6.787453625533506056e+03
7.151056738776864222e+03
7.433551889448262955e+03
7.020560971154318395e+03
7.478835634918424148e+03
7.398377040646060777e+03
7.282583337274357291e+03
7.383210399625852006e+03
7.450336225310847112e+03
7.068378605084884839e+03
8.103387933900850840e+03
7.243818376405712115e+03
7.047366913820424088e+03
7.483643713855753958e+03
7.577537564896389085e+03
7.704076528127774509e+03
6.613694103410927710e+03
7.556623833311108683e+03
7.314979232999927262e+03
7.213049055581811444e+03
7.208761980369830781e+03
6.044256521285131385e+03
7.972387638681983844e+03
7.051804514243445738e+03
7.441497681365764947e+03
7.107653250438209398e+03
7.081891671754786330e+03
7.332048930268339973e+03
7.606376336818462732e+03
7.274616704248841415e+03
7.121571173565074787e+03
7.107517790167692510e+03
