3.628369300690997625e+05
3.635005251932867686e+05
3.546705214283959940e+05
3.535047642951810849e+05
3.660012933251585928e+05
1.342019832978195918e+05
3.459605645973649225e+05
1.254499702019176184e+05
3.792771991510879016e+05
3.401405967443314148e+05
4.072004547533787554e+05
3.997392800383604481e+05
1.753434121887132351e+05
3.540467997030573315e+05
2.868459988910398097e+05
4.213329163777587819e+05
3.654755932798295398e+05
3.842196890247207484e+05
2.620094971277211444e+05
3.694602472439366393e+05
3.851661114899629029e+05
3.665978406920844573e+05
3.709884100441118353e+05
3.630399785299300565e+05
3.685877632975414163e+05
3.374949999881925760e+05
3.558666850035056123e+05
3.758638740808881121e+05
3.311108328552312450e+05
3.787593785923266551e+05
3.492781804985871422e+05
3.416781144764815108e+05
3.449948343182978570e+05
4.294162914636734640e+05
3.366712435580731253e+05
3.621566999984328868e+05
3.957114887537661707e+05
3.311201007257347228e+05
3.675693698273965274e+05
3.827837454545954824e+05
8.878672970191223430e+04
4.136892113269853871e+05
3.623481011215204489e+05
3.795532525318544358e+05
3.617248934407946072e+05
1.785642911757175461e+05
3.438278763358574943e+05
3.593381965362685150e+05
3.525058516832538880e+05
3.086049851018086774e+05
4.119619152673771605e+05
3.777330762189844972e+05
3.670483811091592652e+05
1.688889749912697880e+05
3.771791547606206150e+05
3.545243320710395928e+05
3.721668893255289877e+05
1.415023526606644737e+05
3.954988378335647867e+05
3.339166522295816685e+05
1.898237418898065807e+05
3.654947642968299333e+05
3.556879938887884491e+05
3.570861954735362087e+05
3.518681372225845116e+05
3.681181534945775638e+05
3.343261383803808130e+05
3.749683780801039538e+05
3.722055201457101502e+05
3.570812079721040209e+05
3.557641768707104493e+05
3.599488743699194747e+05
3.742364543990052771e+05
3.609522215533460258e+05
3.769038060634771246e+05
3.493706256272827741e+05
3.971773846954752225e+05
3.838037425047670258e+05
4.120777480375865707e+05
3.706967902081180364e+05
3.644786752160858014e+05
1.721623313083218818e+05
2.439960693540365610e+05
4.028116362779309275e+05
3.404621605289921281e+05
3.909870015027269837e+05
4.026643948832388269e+05
3.557199813003236195e+05
3.643392516000322066e+05
3.016896198091720580e+05
3.531869324937348138e+05
3.442334354530608398e+05
3.629361057231550221e+05
3.868890737143490696e+05
3.685185766062536277e+05
1.674615480298826587e+05
3.546275746370205306e+05
2.847134225858058198e+05
3.859084385111990850e+05
3.247222060702373274e+05
