9.629326423080264874e+01
9.294146004003658845e+01
9.676932104378938959e+01
9.373545277246459761e+01
5.640903657140955119e+01
3.382978404760733326e+01
9.490205292081087407e+01
1.647726142024993834e+01
1.122426763757430024e+02
9.238809459217264930e+01
1.170161172061897759e+02
7.922208396076783288e+01
4.832686716999486265e+01
1.062481954452320991e+02
6.295903601897507684e+01
6.246522503620758471e+01
7.957007639500126572e+01
9.100545739042759408e+01
5.503867378240823882e+01
1.023735617953091861e+02
1.005679466510973867e+02
9.332675090960785269e+01
9.866576500783860126e+01
9.880876772839948785e+01
8.094168940794095590e+01
9.852100697532668505e+01
1.148930852519832513e+02
8.935455350262299135e+01
1.157219096922725470e+02
9.408499618194997538e+01
7.680775510728359734e+01
8.559976214996724764e+01
9.233699914871155556e+01
9.501235721531138267e+01
1.023675904522575451e+02
9.420109757472575041e+01
9.650832832013816187e+01
9.696481822865828804e+01
9.225995646305010212e+01
1.142844435862377281e+02
-2.510083454752713550e+01
7.597901259958743481e+01
1.130367134436517915e+02
1.014381804576180883e+02
1.084520140853598775e+02
4.237501704666763658e+01
1.182462637164630053e+02
7.548076450364291645e+01
9.730360800118744180e+01
9.041115118955448793e+01
9.045761025862395854e+01
9.739433523293212147e+01
9.326244362180679559e+01
5.031262146206572794e+01
1.158727508294470567e+02
8.053793249571323543e+01
8.128716084973142131e+01
3.307658598715439524e+01
9.350012650116904922e+01
9.202976794078200840e+01
6.430497131726518489e+01
8.706190983385219795e+01
9.877451583265512625e+01
1.001090292951464704e+02
1.023081208243556262e+02
7.907636155497655750e+01
8.043021002810075970e+01
9.755104677609726593e+01
9.307844388917088452e+01
1.084687301550991805e+02
9.874463889541104322e+01
1.019060294074043611e+02
8.340115028290078669e+01
1.054020265279486779e+02
1.034895674776732903e+02
7.600630685465409897e+01
9.225357830844819773e+01
9.578127117934077717e+01
6.779377735681832462e+01
9.965585214639082778e+01
9.193671670578420674e+01
4.082564804161712857e+01
6.928102048642560362e+01
7.427337109196558629e+01
1.136795789102427676e+02
7.319309025549516434e+01
9.449575578553229604e+01
9.345472875884175323e+01
9.867000301859155798e+01
9.420173808512836899e+01
6.434835806261003199e+01
9.495030805569142274e+01
1.177173623044155590e+02
1.014045305793322598e+02
1.173584444123245731e+02
2.578389720028266296e+01
8.403137832298502019e+01
8.841989889338611874e+01
8.688492126486077893e+01
7.636377154663205147e+01
