9.242661863877662753e+00
9.448284338177490582e+00
8.400190831145529557e+00
7.117499638491396219e+00
8.181106682534318608e+00
9.062685770091997384e+00
8.176855812017409519e+00
8.537756185960509114e+00
6.726331543338792684e+00
7.634199292863857345e+00
8.846771234860055344e+00
7.830410134406193379e+00
7.563752141173948118e+00
8.220420796036103539e+00
7.796520236475233290e+00
8.029466506358314604e+00
8.879196190230059571e+00
8.844947032367000972e+00
7.433375463324526145e+00
8.533649048926623237e+00
8.025274272091179384e+00
7.882007031138805075e+00
8.167659099026522540e+00
9.347846388500151704e+00
8.986463750034682008e+00
8.514776056935676962e+00
7.679877182150272041e+00
8.573578501330679558e+00
7.501017436160185348e+00
7.862397314885066102e+00
8.372591641012617103e+00
8.130530224845255560e+00
9.608899099998184923e+00
7.526008085054662899e+00
9.449457998128606206e+00
8.493318069565416906e+00
7.328556756755699730e+00
7.979324065415357659e+00
8.107328288716740161e+00
8.613714792282761934e+00
8.512781130777232974e+00
8.362077073439497354e+00
8.179332659540939687e+00
2.405093266741099335e-03
9.083399491009426896e+00
9.431279251873968761e+00
9.276558484322068310e+00
7.979195059862559170e+00
7.587067142897542027e+00
8.912378975022933858e+00
9.227048637554997157e+00
8.431228530167974355e+00
8.214451890720395610e+00
8.607332776999859547e+00
7.570281882261714834e+00
9.826366247944632093e+00
9.835405096157090910e+00
7.849497811310466311e+00
8.664460967012081127e+00
9.257324091534856692e+00
8.192487938474339870e+00
8.802878822513756418e+00
9.185797340074309147e+00
8.086705015819916298e+00
7.837311527661424471e+00
8.567414093511430906e+00
8.939390228698140817e+00
8.326087998522707423e+00
8.178875087521722875e+00
8.118114546716441282e+00
7.952932806033898849e+00
9.453937955945166394e+00
8.118871071712165488e+00
6.045071537539987716e+00
6.884054348800609624e+00
8.583376916197686057e+00
8.807916410602288693e+00
8.114565226681342835e+00
8.687769247177103082e+00
7.758146467362212917e+00
7.985617949939276095e+00
9.112113841441942697e+00
8.416495844201826060e+00
8.717014455286587804e+00
9.143914444082517079e+00
6.853941520235289353e+00
8.631025147037208356e+00
7.200216962007765176e+00
8.926732753139367205e+00
8.687276059065267120e+00
9.637980957971949536e+00
8.075186640439929064e+00
8.579118254957153411e+00
8.500244830910846261e+00
7.761107860086651655e+00
8.835680521068004722e+00
6.707933201779640697e+00
9.395937247768785028e+00
6.979034769232580260e+00
7.182171398332194201e+00
8.554345741716662843e+00
7.760530880298084355e+00
8.568399835567822365e+00
7.474507153874400345e+00
7.026286954440002397e+00
7.271460789179303497e+00
8.455049603696556559e+00
8.174492128223727505e+00
8.003078412475206349e+00
8.570242466719863117e+00
8.166267522212883989e+00
9.559435475351039102e+00
9.402965912935773218e+00
7.581609487567634531e+00
7.369880597141618139e+00
8.274023959166299846e+00
8.566635867270628424e+00
8.890599283442019996e+00
6.563471986777536848e+00
7.385103286645067655e+00
6.905168842034521859e+00
8.417815793658965262e+00
6.910311989729335025e+00
8.512240043295099312e+00
7.645505939001768780e+00
8.174686609990480690e+00
8.910016407136549077e+00
7.995293929787931297e+00
7.610128606840582677e+00
8.448922334155419378e+00
9.308618907720534352e+00
9.617087854881056330e+00
8.183879285618063548e+00
8.640383741228541581e+00
8.558729385684827662e+00
8.945193129383572028e+00
7.187621612170597807e+00
8.946515960435581505e+00
7.376683090883041416e+00
9.564925042849845127e+00
8.064984244620656995e+00
7.980090546521531714e+00
9.634053090707681122e+00
8.328744746266023569e+00
9.015199335168487593e+00
6.428818301971382709e+00
7.392992748781190393e+00
7.729121040951850929e+00
8.109050608101897595e+00
1.801672783591293237e-02
7.736842342684232321e+00
8.542023051690325275e+00
8.450109840165145769e+00
9.024433741521841412e+00
7.051255728397672229e+00
8.378270501755341826e+00
8.575512828912334129e+00
7.664289794263669187e+00
9.413755290983226942e+00
8.743215672509347058e+00
9.437108575550682943e+00
7.342488749674331849e+00
7.668821835822118516e+00
7.279177151685125580e+00
9.233392760552963097e+00
8.481288691969801619e+00
8.330578095886568946e+00
8.236797292230830791e+00
8.097724796752761023e+00
6.715258228149996178e+00
7.562343156012988565e+00
7.382640965719061477e+00
6.762064767979144797e+00
8.440915290642534430e+00
9.056414203888813574e+00
8.221514836637515700e+00
7.343538088652413975e+00
7.721658190917458420e+00
8.446555590548237902e+00
8.385357808544453562e+00
9.303921270501197327e+00
8.060650838347008573e+00
7.178737666037556586e+00
8.216816336775487173e+00
8.309505256957276487e+00
7.322503712530219033e+00
8.093411355985422162e+00
6.672907090558959808e+00
8.533849425469007599e+00
7.652271398592741747e+00
8.195976875820690566e+00
8.990505576096598617e+00
2.838607769506861704e-04
6.640456483329932880e+00
7.394445576602240777e+00
7.580006227949096953e+00
9.241801987439490773e+00
7.039308476123061986e+00
6.905252965173666269e+00
8.913010372266230164e+00
8.073147878177202585e+00
8.334442839771767808e+00
7.433263934392133621e+00
7.729137833003322910e+00
8.207245273569803601e+00
7.688965379748659679e+00
6.878207305927587889e+00
6.867235919843110103e+00
7.865869611232347403e+00
8.318584068009547750e+00
9.206808263936121506e+00
7.480833778669900624e+00
8.391860458670954870e+00
8.412380250919877511e+00
7.085506757547751278e+00
7.153638876996930129e+00
7.749078481927727857e+00
7.816545205934892770e+00
8.576573695907146799e+00
8.379645634139084365e+00
6.986669656228445824e+00
9.182116496210618095e+00
8.940888078097399827e+00
7.017191409290510329e+00
8.726220187237215598e+00
7.119407360005938656e+00
8.050175607716992587e+00
7.452561895213820620e+00
7.213429417428371515e+00
8.569777885787923211e+00
8.948665789578214458e+00
7.878699846866161316e+00
7.236932375206984069e+00
7.090152895296908397e+00
9.118565793299950428e+00
8.893424737911415079e+00
8.385764425219655038e+00
7.102532396475653265e+00
8.545947646114422369e+00
8.520136717675647731e+00
7.732870935738163531e+00
7.278951290782280203e+00
8.202575538714039993e+00
8.101650516853903028e+00
1.016400184100612059e+01
8.366360458323551796e+00
8.314873137946994675e+00
9.276751017421663192e+00
7.418711212997289195e+00
8.069058117295167420e+00
8.554526241771005957e+00
7.028222308509372240e+00
8.608692327843385783e+00
8.358334655052429341e+00
7.763515753641344830e+00
7.552130517582817504e+00
8.653121203994313504e+00
7.486288831412039713e+00
9.396299626114636538e+00
1.004862182169053320e+01
8.817357297831531326e+00
8.065435287072572734e+00
7.951780379141985655e+00
7.813074687656211381e+00
8.173477253521733488e+00
8.179143065242827859e+00
1.040504508741817524e+01
8.680057552475867411e+00
7.165289557564753053e+00
7.867902364412390881e+00
9.314375394292184751e+00
8.739955249948772931e+00
9.244198439044982507e+00
6.761209775485946594e+00
1.011875671626555473e+01
7.835846972799046739e+00
8.856441508877404445e+00
9.094404816560572868e+00
7.465638415759501711e+00
9.513996266618383046e+00
9.434551057954461584e+00
7.684546371305831514e+00
8.906140320135959243e+00
6.992492816585269111e+00
8.640157386545734397e+00
8.349719246173901155e+00
8.378704354691436151e+00
7.019130596981877801e+00
9.779503574314595937e+00
0.000000000000000000e+00
7.839703093721839267e+00
8.297563641986863914e+00
6.893299063698957951e+00
1.660729029963637911e-04
7.909381486974778497e+00
7.784373366290711971e+00
8.978175803523656739e+00
8.257099605074863291e+00
8.355817732742705672e+00
8.157304240702883291e+00
8.546246967525554794e+00
7.868094472668651029e+00
8.181224876454360029e+00
8.799552356622612592e+00
8.190661077951643776e+00
8.373161358624608752e+00
7.992043941255831285e+00
7.086483513676975932e+00
8.359248024929833321e+00
7.070560084927541844e+00
9.690801631498032975e+00
7.361645062339952972e+00
7.378765632060830804e+00
7.611518433532085126e+00
8.498832624529262247e+00
8.490890723985943467e+00
7.404053563944508198e+00
9.052062697285174764e+00
7.572823460808348450e+00
8.144096256253879673e+00
8.057942396774144811e+00
8.144798349958399797e+00
7.065064167916542459e+00
8.375729809680263926e+00
8.245830625255335278e+00
8.181609255868105279e+00
7.495008450431079439e+00
8.667321436598165008e+00
8.589601519235214866e+00
7.712697363154874530e+00
8.680832432123670728e+00
7.751800325367612210e+00
7.991227835557373815e+00
7.562796884520006202e+00
8.706494852208946256e+00
7.153833297452957929e+00
8.925421195534577024e+00
9.109325940636001206e+00
8.249218016404551435e+00
8.624788717587241749e+00
8.298538919817898929e+00
7.352093957781513645e+00
8.835495926487787699e+00
7.905372965567442733e+00
7.680497241415912058e+00
8.634715441163201888e+00
7.637579564394237686e+00
9.071877341137112083e+00
7.909551575417868463e+00
7.475627704216297964e+00
7.248156957618571816e+00
8.012890752613174072e+00
9.219108647289969483e+00
7.859526941951578749e+00
6.910210672593664505e+00
8.889158440140139561e+00
8.603884896701657681e+00
7.704310453057440000e+00
7.475398316790931474e+00
8.914094579771893123e+00
7.661138932546656122e+00
8.029378406271410640e+00
6.852199900749600836e+00
8.933265042745615503e+00
7.579499058567741976e+00
8.108461134488084809e+00
8.330862414006620753e+00
9.233617163974697561e+00
7.616232689496547970e+00
8.682801915211841859e+00
8.038633771567734954e+00
7.810280024610888105e+00
8.075315848937302476e+00
7.308219530630520211e+00
7.724492752584082744e+00
8.718936078435385539e+00
8.253179547616458223e+00
8.167417352318405932e+00
9.348553019449637347e+00
8.723973855016962986e+00
7.543542363444776910e+00
6.434654612600337664e+00
9.135779559272460659e+00
9.278100703440129493e+00
7.942416438130050160e+00
7.118153610435906664e+00
8.878252024271800380e+00
8.096613125388069321e+00
7.935677163670004752e+00
8.520311873971534666e+00
8.119289426277944699e+00
8.086040485734514505e+00
7.620008940966811473e+00
7.516284175702899084e+00
9.904591342510897789e+00
7.592779276295745561e+00
7.880979747892995491e+00
8.671410750410336377e+00
9.060127107550931314e+00
8.626627961423317004e+00
7.853323746811184947e+00
7.215036351262258840e+00
9.686865740888102039e+00
7.512509746062668192e+00
8.775932787768043752e+00
8.230707256607447064e+00
7.783811734282988226e+00
8.240249154528953568e+00
9.390194917588896573e+00
7.781574434120154038e+00
8.734728943472616081e+00
8.110064787438922451e+00
7.467131620977623285e+00
7.658783975252696052e+00
9.324846750209635715e+00
7.785934783205014753e+00
9.585990421261028516e+00
7.786749354366437892e+00
7.930847945896686291e+00
8.872153313558305499e+00
8.239177473032244237e+00
9.070624508953526899e+00
8.236468490727457237e+00
7.592971996780516264e+00
8.432952886002395232e+00
9.094275129105291455e+00
7.874624863285016652e+00
7.019377739435863184e+00
8.186492387002177296e+00
8.006755340679013955e+00
8.204128270339349882e+00
7.968180740226959990e+00
8.360500889602802133e+00
7.912342364919270565e+00
8.370954567296250204e+00
1.002073687521411571e+01
8.832854797489938292e+00
6.835051218543553908e+00
3.172112659310845004e-03
8.148169427517897745e+00
8.240290779964190904e+00
2.514717421213471301e-03
7.929407091417004061e+00
8.600533139643900427e+00
8.183445167737351866e+00
8.067838041003783545e+00
7.973445669244850542e+00
8.657575185281801922e+00
7.412022763023118799e+00
9.282919635370726397e+00
7.248912674063848982e+00
8.104045331872775648e+00
8.891232665521528133e+00
8.753576558815586495e+00
7.739785477554685045e+00
7.632511791113421928e+00
8.794231586908544784e+00
8.205993561461294661e+00
8.753074898470122989e+00
9.207139523824967142e+00
8.852722583510622911e+00
8.314269017465804268e+00
8.649884875533238926e+00
7.561492375556447598e+00
8.154985662237935529e+00
8.989781285362360208e+00
7.476889779634852573e+00
8.869610601800957284e+00
8.078803726607679536e+00
9.790517379217350324e+00
7.037483453664369115e+00
8.005632805130666441e+00
8.613247546179239933e+00
7.221172620612419379e+00
9.534151896906610801e+00
7.087493284605025146e+00
9.344111392014291084e+00
8.610206683478711653e+00
7.374352124570784817e+00
9.061000189852313369e+00
8.058960860137538873e+00
9.252786715147536256e+00
8.396244662504267708e+00
8.537183172774964746e+00
8.420568348747753618e+00
6.325968911835368580e+00
8.285367043872019721e+00
7.694735627247836440e+00
8.460567292310779308e+00
8.118443742575500721e+00
8.587676743727111983e+00
8.724826872881067175e+00
7.484357682826698444e+00
8.070780533778652455e+00
8.929682875357151772e+00
8.559309128655510079e+00
7.285025806381994151e+00
9.191798350223759684e+00
8.994032831930418581e+00
8.638691411466606240e+00
8.863954819661204354e+00
7.462644641665586498e+00
8.120314460674034507e+00
8.026964849828351234e+00
7.719262590676035707e+00
7.740204654023760789e+00
7.210962314142589591e+00
9.340201802470417647e+00
8.474367896303641956e+00
7.769215434842942081e+00
8.426421631257984046e+00
7.670624491867464201e+00
8.583760483519514040e+00
8.379604076172549654e+00
7.279010708045397848e+00
8.007443323936950463e+00
6.881508509128204665e+00
8.059618170488839439e+00
8.510329929574316665e+00
8.661411010410901667e+00
7.023520382712221455e+00
7.075101551905223829e+00
7.510913646361180973e+00
8.975463729517885625e+00
7.158397695371774283e+00
8.634346913056788253e+00
8.535490804102861873e+00
7.718286697359889814e+00
8.351707480016228757e+00
8.464172265081959523e+00
7.819868673491268574e+00
9.124132064096057704e+00
9.241195743569951659e+00
8.355595901072488729e+00
7.629404582235421728e+00
7.819172397424203780e+00
8.231035434661595929e+00
8.430053392062569984e+00
7.608729179189689162e+00
8.657432404207334287e+00
8.744944254978422649e+00
8.373440685806654571e+00
8.912337755287900620e+00
7.753621248516966880e+00
8.886314568367877698e+00
7.647136411234314757e+00
8.082544360814647888e+00
9.161554951146616332e+00
9.332885522343691065e+00
8.714830534149186292e+00
8.466985934177316153e+00
1.012151812596458811e+01
7.443389940451248243e+00
1.034772499063915419e+01
8.612432753987823375e+00
8.967302037685584537e+00
8.575532387161826975e+00
6.605940929773401749e+00
8.128599667818097174e+00
8.518277630954793622e+00
2.302376306930017935e-03
9.164693823540094542e+00
7.763881846095559425e+00
7.898026168097524113e+00
7.234149388614949494e+00
7.434871766218837941e+00
6.675360711912540879e+00
7.767884027382420342e+00
8.421043640671019403e+00
9.094683813035453923e+00
7.579849868709057858e+00
7.614903788778669913e+00
8.718710857192768060e+00
8.146207309029676935e+00
8.854561192238799450e+00
7.861493726813191252e+00
8.860332824063561930e+00
8.354154109185550681e+00
8.328933536875018362e+00
7.965233161474200685e+00
9.888715066127572229e+00
8.577269409772693365e+00
8.457042214866341112e+00
9.121858258320081347e+00
6.536495507918803826e-04
7.675854366876768253e+00
8.614610377689380982e+00
8.400606158569127402e+00
7.449441734716304886e+00
7.798877344717570992e+00
8.672381462293598631e+00
7.433451689686777719e+00
8.623710387792966614e+00
7.448651275260007587e+00
6.682052149191237689e+00
9.035418394561652633e+00
7.755068597064632918e+00
9.296952807486523085e+00
8.228148389939072160e+00
9.078675087070442018e+00
1.120197052320727037e-03
8.906435238089516204e+00
8.113085346926085961e+00
7.459896110344314657e+00
7.501201820587454883e+00
8.330966461590957550e+00
1.014190888906300891e+01
7.190528923058690403e+00
8.889502866319588748e+00
7.876678426859506033e+00
7.255023299299350192e+00
8.866268939601498644e+00
9.248050052352978057e+00
8.914264621255766130e+00
7.992629746876363406e+00
7.455952626290599738e+00
8.803178158732233527e+00
7.032500976758896627e+00
9.230604325994972825e+00
9.308776783935350352e+00
7.570212451803118192e+00
8.675652198384222302e+00
8.423336673265525931e+00
7.976791092364153180e+00
8.545568982993906104e+00
9.365691405318134599e+00
7.895261602687996039e+00
2.605183983220768756e-03
6.656091600238181805e+00
8.111590334838888694e+00
6.726121501074216802e+00
8.227750607334400001e+00
6.718196476201669931e+00
8.712901146985231549e+00
7.776866985946201183e+00
8.199819601402907665e+00
7.424554577646512499e+00
8.996118963253204370e+00
7.615024627169231231e+00
9.536900068857702806e+00
7.937805387183919592e+00
7.718578270660008123e+00
8.494496291960993872e+00
8.082895399007197668e+00
8.294615253205106953e+00
8.092759676056738627e+00
8.800620397187358890e+00
8.512561772091808976e+00
8.852236089754535797e+00
7.220245391926003009e+00
1.119392639609033857e+01
9.002612528979451412e+00
7.150899970537071049e+00
8.338602439134911393e+00
8.059962447261742824e+00
8.354433706585071562e+00
8.178370476371229714e+00
8.606002240050715457e+00
8.986146623197791783e+00
6.798947490223806511e+00
7.895140035753215990e+00
9.150444676549287948e+00
6.186549894833689223e+00
6.797026326963147902e+00
8.188764528923515584e+00
9.087140807275009280e+00
7.285307775980154332e+00
7.418755878304756024e+00
8.840409097290299556e+00
8.905258466959852015e+00
9.119440502657434777e+00
8.310108444377199532e+00
7.066497522051506941e+00
9.191309924670266085e+00
8.546824589380291215e+00
7.857957926127363990e+00
7.394215963806740177e+00
7.921676176682267645e+00
7.614591855284001731e+00
8.634980865509978898e+00
8.442840009166745929e+00
7.287416093938373862e+00
8.601368666848046018e+00
7.939440291402311445e+00
8.656566279654949625e+00
8.270292892427162812e+00
7.837032977553001878e+00
9.288279946435169521e+00
8.549935072908381173e+00
7.923179133873337499e+00
8.384755116041906930e+00
7.129708842744029162e+00
8.752918872283981244e+00
8.794008432335688852e+00
7.594733363841386087e+00
8.388233358486917979e+00
6.320850534014698319e+00
7.537054011042411794e+00
8.316569612963142788e+00
8.175886443158132622e+00
9.283537210851555699e+00
8.684624759732804122e+00
8.201526022976906916e+00
8.147273221179226255e+00
8.706255313037139842e+00
8.689526999356289139e+00
7.667541846395652172e+00
7.042358159218533586e+00
7.942961591837227608e+00
7.373359979306904677e+00
8.414285394871718893e+00
9.695732499544343241e+00
9.722231462914479039e+00
8.901821050869347829e+00
7.996746567348515633e+00
8.255388259983723387e+00
9.449692530908595955e+00
7.328616653367335587e+00
8.115813823070185506e+00
9.106344359316363324e+00
1.031328608598908048e+01
7.869343078554675408e+00
8.348855425247744932e+00
8.053899878970055326e+00
7.877590735208038097e+00
8.150912097606367368e+00
8.138877692708531342e+00
8.528767341433391991e+00
9.229293192934274970e+00
7.942627316148373140e+00
6.803320040615533415e+00
9.151785981493189226e+00
8.405556677040902258e+00
7.820161819621671562e+00
9.704541069211014559e+00
8.148487782600652096e+00
7.073333278477361041e+00
7.311114278769304420e+00
8.991034016863890699e+00
8.354257533479328757e+00
8.131315275730841563e+00
1.041079030767921587e+01
8.156143714837655878e+00
8.169366467438178958e+00
7.659697869279403548e+00
7.677373359225719618e+00
8.415194972412454177e+00
7.709123904176601094e+00
7.058680184438374638e+00
7.908434736867404169e+00
8.572524441190939370e+00
9.468305092451151594e+00
9.885303946534381936e+00
9.258094567590566371e+00
8.980958104523910634e+00
0.000000000000000000e+00
8.800646249002058497e+00
8.225443692796014616e+00
8.537543322303125848e+00
6.861643185693558245e+00
9.157732802875260703e+00
9.115563982484738759e+00
7.983507992153161759e+00
8.245631498265909798e+00
7.653135065712310059e+00
8.416351599097090741e+00
7.145264244123537445e+00
6.763471054265255411e+00
7.595867100120350379e+00
9.588221549203565175e+00
7.457107672524299069e+00
8.538277665997549448e+00
9.866367785969476500e+00
7.371203645001421556e+00
7.272096351840113826e+00
8.692727473297312102e+00
8.041713389431809134e+00
7.656478345527694351e+00
7.287124160530773054e+00
7.295687511318440066e+00
8.342439691703372517e+00
8.558547061512930654e+00
8.123273070266334273e+00
8.453570629914780810e+00
8.727354183293847711e+00
8.059045199073850085e+00
7.421390680107211146e+00
8.784702317781455605e+00
4.044224837246611359e-03
7.304880678401791450e+00
8.796789718765829491e+00
9.399446394645288194e+00
8.620003819480494656e+00
8.155289168200553718e+00
7.592040133987101314e+00
6.809537862203439929e+00
7.303665268663938726e+00
7.934843653896975546e+00
7.146243724574868672e+00
8.426510109255291425e+00
8.225759723540869928e+00
9.060294378642057112e+00
7.810839655686081073e+00
7.464033700778172076e+00
7.895942642008170864e+00
8.083082036025141193e+00
5.291979686088528645e+00
6.972740036290429266e+00
8.788335230821488153e+00
8.649150836597463865e+00
8.658548337321949617e+00
9.205701844571780867e+00
1.027840626555797243e+01
8.855850821174147569e+00
7.775965352440895373e+00
7.573766762758365800e+00
8.883014885016798701e+00
7.408025564143391861e+00
7.501393691378303252e+00
7.799204292178762543e+00
7.665511473128042930e+00
7.592594542872086016e+00
7.955516899342447878e+00
7.406650650944877512e+00
7.435328531006526021e+00
6.977997710521688823e+00
7.956162188754644760e+00
8.933242557206925838e+00
8.951977404898505242e+00
9.006107013642408177e+00
8.709495742455258593e+00
8.153456157169442164e+00
8.276067798793043551e+00
7.454283758337266974e+00
7.585178408740460121e+00
9.264847325243763976e+00
8.882510029141570840e+00
7.962126041362860285e+00
8.216309770521165845e+00
8.465791037033220334e+00
8.469640235804339667e+00
8.397742391758097114e+00
8.224731934782141707e+00
8.297541945248253725e+00
7.079384895993908522e+00
7.836337750286769932e+00
7.732741657139014180e+00
8.879572236045532918e+00
8.268163238049501373e+00
7.864095747238106782e+00
8.329495283194058075e+00
7.913162425462599181e+00
7.766245810778754866e+00
9.059232834998033113e+00
7.943365335594640975e+00
7.963424113121948089e+00
9.288646407339729905e+00
9.711967964629982575e+00
9.005674874542677344e+00
8.722066887677785374e+00
8.387877829128743912e+00
9.392312955220722515e+00
9.273353002132340706e+00
8.912956690626474554e+00
7.128359976311701374e+00
7.851655523826093663e+00
8.910678122113923294e+00
7.290053559958285412e+00
7.830339315005774736e+00
7.928209958380804778e+00
7.428129852475317207e+00
9.517266897430488370e+00
1.778235079866490737e-02
7.988900017078031546e+00
7.693960482789724331e+00
9.548481651613922594e+00
8.399020972239203076e+00
7.772020573301031909e+00
7.514087272358635161e+00
8.259039059964162988e+00
6.573751475413725842e+00
7.939783522578472308e+00
7.738040978765666544e+00
8.580960522524287981e+00
7.821875378510251053e+00
8.384129112800630779e+00
9.318630437851721737e+00
9.200106630611815106e+00
7.951205468686005418e+00
7.741415917937522373e+00
8.699467498689047673e+00
8.352169577143639501e+00
8.185391753560814720e+00
8.023464285782374361e+00
8.095708782960574723e+00
9.607771048925219048e+00
9.003486669339075377e+00
9.386101010588966176e+00
9.011636178774628192e+00
0.000000000000000000e+00
7.728505584454731903e+00
8.738771485139190887e+00
8.214354365935333746e+00
7.838434576840530355e+00
8.109702685506967157e+00
7.968729843973763494e+00
7.222061200205341258e+00
7.149624780111476063e+00
8.814176172556397404e+00
8.046957270299820664e+00
8.000297784955003877e+00
8.370706753221030638e+00
7.853707155557182240e+00
8.323108501902535039e+00
8.392627455581045837e+00
8.212592779799702924e+00
8.250237442972446544e+00
7.395161468370290869e+00
8.081995612936292872e+00
7.770842310462664493e+00
8.308557979302364060e+00
8.029334805627774685e+00
8.752440834929428704e+00
8.562669921846522314e+00
8.635827413630986271e+00
8.781879417219199624e+00
8.028430774670546555e+00
8.454196703729021323e+00
7.616874350106378699e+00
8.650200309047484382e+00
9.373678768944715856e+00
8.222984385802492469e+00
8.667930407152931949e+00
9.143934498231178765e+00
7.427884652529120224e+00
9.190336280827956728e+00
8.292160836856039552e+00
8.248161616547863062e+00
8.129774387324532725e+00
8.601632024207420457e+00
7.589766593249606785e+00
7.759450134936098920e+00
8.876493576227819204e+00
7.798290880536494107e+00
6.334067731974439397e+00
9.494289246255473103e+00
8.673136400802929913e+00
7.738126803429761225e+00
8.123402021572507792e+00
7.964911978938944870e+00
8.277324901347300923e+00
8.316405420830884410e+00
8.847968355314327127e+00
7.722929093587536542e+00
7.827309363815582621e+00
9.947972057266881052e+00
8.019049631744373130e+00
9.291487459777464153e+00
7.696926823940953177e+00
8.586310647789456851e+00
7.163631640491129993e+00
8.914008090383450877e+00
9.244019881016543039e+00
8.255259208818092276e+00
7.971787275606692980e+00
7.491910240279103128e+00
7.948994930387424773e+00
7.429096936704856269e+00
8.932895227774579894e+00
8.791522051867339371e+00
8.703801656855988611e+00
8.548886908521977190e+00
8.168321081071496792e+00
9.620974957058981758e+00
7.592317028309278903e+00
8.979972474458651988e+00
8.720324598623660606e+00
7.520235975151971175e+00
7.642485873590450396e+00
7.506641729014664755e+00
6.404304887641661281e+00
7.994128696559377190e+00
8.568053593024485437e+00
7.082540090442740244e+00
8.489216811995662582e+00
9.649458525210095061e+00
8.269407904428202727e+00
8.598804316533994907e+00
8.970504109221845823e+00
7.416811745032922509e+00
7.254361161451771345e+00
8.114529292431454266e+00
7.998141529883163514e+00
8.071017956362792845e+00
7.108214165732424483e+00
6.578705528077343878e+00
7.539014016100366256e+00
8.082542410614550477e+00
8.197149015117043191e+00
9.146900832542801396e+00
