3.296337278411556326e+01
3.436923255433202939e+01
3.294549001843370206e+01
3.185541139443193970e+01
3.300145854916399912e+01
3.336860951671224029e+01
3.246336476559963558e+01
3.294498738210268129e+01
3.210012863350948464e+01
3.192933184002777125e+01
3.452197878359675087e+01
3.285782944267157291e+01
3.246986646780214869e+01
3.171726802520652200e+01
3.226214930647029178e+01
3.266561601855892150e+01
3.241222045442418676e+01
3.315367838130896416e+01
3.168825182234058957e+01
3.172539103069721023e+01
3.253265681170523749e+01
3.124841061288771016e+01
3.310499193150189967e+01
3.349833424684038619e+01
3.229982135833279244e+01
3.274219972841365234e+01
3.247202145118353656e+01
3.403017635443984545e+01
3.313871799657954398e+01
3.222302278435199696e+01
3.331540016704047957e+01
3.355729613638141018e+01
3.403947086328889782e+01
3.231067698372135055e+01
3.408667567839347612e+01
3.303231383943921173e+01
3.234354971082984775e+01
3.213753492899604680e+01
3.213803740956200272e+01
3.244577362542304400e+01
3.354620038741359167e+01
3.378273443191710612e+01
3.415686112005278119e+01
3.257501911559165819e+01
3.390445965310709653e+01
3.436082772057216062e+01
3.268084113349777908e+01
3.224607456480089240e+01
3.242427871260406391e+01
3.399813859391178994e+01
3.416691369794943967e+01
3.418417057538135850e+01
3.150634807927781367e+01
3.240070989747755448e+01
3.234909107926887373e+01
3.426221959345139112e+01
3.376088110177897761e+01
3.297540069722936096e+01
3.320308772136013431e+01
3.527776862929431445e+01
3.320343125187173428e+01
3.306043557514067288e+01
3.263789905626617838e+01
3.311859459394827354e+01
3.316495834411716714e+01
3.330652779370939243e+01
3.241158740906530511e+01
3.129530003334139110e+01
3.209530266965657574e+01
3.285456003613262510e+01
3.083487416058824238e+01
3.493162040445577077e+01
3.187083811484717444e+01
3.169647209541062693e+01
3.205295813992142939e+01
3.346293778040899269e+01
3.403479665318764091e+01
3.333960508276413748e+01
3.227959997614425447e+01
3.217652461110492368e+01
3.170796123723721394e+01
3.365264995704774265e+01
3.265494650239907060e+01
3.251190285246002531e+01
3.227963253431380508e+01
3.253253109879733529e+01
3.279926842544955434e+01
3.239444523606334769e+01
3.310659854114055634e+01
3.331881592318814000e+01
3.506129487400949074e+01
3.347781465472462514e+01
3.226585800596194531e+01
3.358390074381259183e+01
3.266055071589198633e+01
3.328731414796902754e+01
3.208690997858093397e+01
3.298334415210592852e+01
3.222816133125661509e+01
3.234979963269142900e+01
3.186031784078159035e+01
3.240553051860433698e+01
3.264919040406994100e+01
3.154403377117387208e+01
3.188926425049476165e+01
3.220378932398762117e+01
3.289593227016439414e+01
3.332801381258104811e+01
3.310933806266484680e+01
3.223319179072859697e+01
3.351150986563197876e+01
3.366114342839955498e+01
3.452040366824212470e+01
3.300821825135699328e+01
3.222917962308520146e+01
3.300624721578742538e+01
3.332534977316754521e+01
3.528035268813437142e+01
3.207020696369681900e+01
3.140678331478511609e+01
3.245588619233285499e+01
3.239249201078155238e+01
3.242836574370858216e+01
3.259539825753108744e+01
3.283186607974539584e+01
3.240952689389814623e+01
3.268790928069893198e+01
3.326245010006186931e+01
3.180960214194237778e+01
3.458044372313588610e+01
3.397226973644956161e+01
3.489968683987444820e+01
3.291245677232564049e+01
3.308090545085224221e+01
3.305051517802667149e+01
3.454744812908938911e+01
3.233002905724833909e+01
3.290072679141394474e+01
3.235612608187875594e+01
3.208806105503254003e+01
3.270340116785382634e+01
3.266585176521130052e+01
3.474781868538002527e+01
3.354983749575012553e+01
3.349937394911421507e+01
3.185454529046046446e+01
3.233796516655729647e+01
3.239928387800864584e+01
3.412054306743584675e+01
3.329662319016915717e+01
3.226402168637378054e+01
3.302832931061948329e+01
3.255103187301801881e+01
3.273773378352916552e+01
3.179323768991025645e+01
3.271699594493702534e+01
3.250790088457097227e+01
3.144834198692342397e+01
3.403353786696879979e+01
3.371948992750003526e+01
3.503407858993296031e+01
3.123307769568373260e+01
3.235131965628215767e+01
3.189953282496662723e+01
3.329153072100461941e+01
3.384301480729845935e+01
3.326196578608505661e+01
3.338678049729151098e+01
3.304115399979446011e+01
3.194065031162972446e+01
3.295948743920052948e+01
3.211456481629784321e+01
3.198458039210527204e+01
3.231320687516290491e+01
3.535833449035317244e+01
3.349688687663820019e+01
3.191597458141814059e+01
3.239440870183034349e+01
3.307330678404696300e+01
3.224729005890321787e+01
3.308572497750446928e+01
3.190405057698671953e+01
3.194493642496490793e+01
3.226013252629627459e+01
3.383482641086720832e+01
3.214036790046066017e+01
3.302598165190056534e+01
3.212866101660756613e+01
3.344323533864599085e+01
3.174978646716454023e+01
3.354884321264444225e+01
3.194205976860530427e+01
3.191784506667272581e+01
3.203592207901010624e+01
3.226032389283045632e+01
3.205079045372076507e+01
3.372952930740211741e+01
3.238041664845331979e+01
3.218199519618110571e+01
3.396455218450319080e+01
3.240046839698698022e+01
3.249764232591087421e+01
3.294527928256638916e+01
3.388189579930576656e+01
3.176753353649701239e+01
3.267877145358397684e+01
3.174035707726761757e+01
3.189172598767072486e+01
3.288054288399280267e+01
3.313224003899676973e+01
3.361478342238706318e+01
3.170478884452359125e+01
3.334224383117634716e+01
3.315784267626941073e+01
3.179155493704001856e+01
3.140379422675368914e+01
3.303371788631147865e+01
3.256854083414600609e+01
3.268045866762986407e+01
3.271479852405900601e+01
3.155214140240650522e+01
3.359089170528568502e+01
3.301088807104088119e+01
3.211671699640919542e+01
3.432299077415518695e+01
3.278188600725707147e+01
3.148511421858347603e+01
3.169119755572501163e+01
3.170356944996728998e+01
3.329506777291044273e+01
3.397188715830134242e+01
3.317225502426936146e+01
3.240133729739591217e+01
3.217014747766370419e+01
3.481766569926776356e+01
3.261802669159260404e+01
3.270500312677177135e+01
3.146600955391477328e+01
3.375563416224349567e+01
3.332110939858284837e+01
3.169495809688760346e+01
3.233988936045125229e+01
3.255961990885043633e+01
3.273232812783999179e+01
3.457592306792139425e+01
3.286441538468034196e+01
3.238290476474276147e+01
3.359732691235376478e+01
3.281868516223130428e+01
3.160856868894552463e+01
3.319824799799471293e+01
3.250662274698788679e+01
3.252801911032793214e+01
3.227116708878656937e+01
3.250778164614575871e+01
3.215472213313887551e+01
3.230659799279055733e+01
3.179577079913178750e+01
3.298389541907636158e+01
3.537078329879796001e+01
3.286137943254880156e+01
3.240523683750370765e+01
3.330117762065310671e+01
3.350859790436879848e+01
3.371155446209650108e+01
3.261636721403192496e+01
3.466641847043547386e+01
3.293272699222052324e+01
3.145394284056828837e+01
3.299568955349286625e+01
3.317303943133856592e+01
3.347809214546805379e+01
3.287965601552969019e+01
3.221946863329458211e+01
3.584830618157366189e+01
3.244709271967076347e+01
3.341566460552348872e+01
3.370986429671984297e+01
3.223053691506038376e+01
3.259995665584028757e+01
3.424487715098030094e+01
3.217301799191682221e+01
3.283636817310252809e+01
3.216084856639054124e+01
3.267249257444382238e+01
3.224634991553421060e+01
3.368315817488155517e+01
3.245165170267182475e+01
3.568825357481910032e+01
3.157851292609348093e+01
3.262448663837585627e+01
3.296475101046462441e+01
3.163992476223438644e+01
3.149857565963156958e+01
3.220531789747474249e+01
3.236230894255595558e+01
3.277843983527463934e+01
3.280179087795522719e+01
3.268480876594912843e+01
3.240379648991711292e+01
3.382688878909357300e+01
3.262194905350406771e+01
3.252487612174400056e+01
3.476986439564780085e+01
3.329490128092220402e+01
3.351119128016762261e+01
3.213905088773981333e+01
3.221914917270760270e+01
3.119803922211121971e+01
3.222574555003984642e+01
3.115275018524516781e+01
3.279953044101148407e+01
3.207152568891979172e+01
3.296498536774106469e+01
3.283442936455367089e+01
3.326439906263385637e+01
3.178054784775940789e+01
3.270865519915014374e+01
3.220106799698669420e+01
3.285817345200121053e+01
3.244551420602329017e+01
3.254303397292005684e+01
3.272928529555974819e+01
3.278940937056995608e+01
3.341269566303753891e+01
3.276711688335626604e+01
3.122540738896168477e+01
3.298188370321531693e+01
3.322179890214374609e+01
3.288906717116333311e+01
3.370016946675423242e+01
3.258842647814481097e+01
3.252584411400539466e+01
3.276536635384582041e+01
3.357135471400533788e+01
3.249979287307814957e+01
3.182932771157038587e+01
3.326597423704242829e+01
3.263680860538079287e+01
3.296917167665787929e+01
3.251004641845293008e+01
3.261879856406994804e+01
3.340134046328921613e+01
3.152540990221723405e+01
3.168020590769992850e+01
3.289143106798928784e+01
3.083613213267881292e+01
3.342002788964055071e+01
3.247126405133758453e+01
3.232301602411371277e+01
3.285215428068886467e+01
3.147748144974957540e+01
3.342579278749462901e+01
3.245278569902575327e+01
3.172669237446825719e+01
3.334689108907377886e+01
3.318615393023037541e+01
3.194491357006381804e+01
3.202842911227298828e+01
3.316068470611799057e+01
3.260810488630522741e+01
3.284740621558785278e+01
3.199342481775693159e+01
3.456568294054568469e+01
3.237676189656394854e+01
3.399938398682888874e+01
3.278431520588628700e+01
3.374227619945850165e+01
3.225911545018971083e+01
3.254053931756061502e+01
3.377725846992871084e+01
3.272222535797573073e+01
3.227361613906305138e+01
3.231016966438573945e+01
3.228485800076305168e+01
3.291090515811220030e+01
3.242956909373879171e+01
3.191851222217928807e+01
3.359211442278228787e+01
3.320508561134374759e+01
3.266113060288125780e+01
3.167898837703705794e+01
3.465433993912256483e+01
3.283942329190904275e+01
3.182733530286805035e+01
3.153506785116178435e+01
3.159431809736361174e+01
3.151766036628987422e+01
3.250279257098691232e+01
3.396208401766534735e+01
3.252880404673260273e+01
3.301161050943801456e+01
3.293109266394731094e+01
3.240145649896749092e+01
3.366107999108680815e+01
3.194983834119148014e+01
3.283481544365258742e+01
3.320926930505811470e+01
3.210274868320220776e+01
3.244359923201272977e+01
3.149715829488013696e+01
3.168307015539767235e+01
3.272341665669227950e+01
3.327510118006739503e+01
3.407583044218063151e+01
3.270482295307465392e+01
3.250971970403315936e+01
3.259059106340509970e+01
3.344787682320793465e+01
3.233938651606740677e+01
3.097019816047668428e+01
3.313123677080557172e+01
3.205604554301089593e+01
3.148856091922652922e+01
3.374405363826372195e+01
3.266537012727985712e+01
3.425705116645713133e+01
3.256655268693339167e+01
3.233169696247477987e+01
3.323415084402859065e+01
3.257948005956359339e+01
3.370259670642417404e+01
3.213232880879741060e+01
3.146842138240526765e+01
3.313855692005381570e+01
3.338203685270673304e+01
3.378628999773491159e+01
3.151724787629837010e+01
3.347977723658232208e+01
3.288667018075148007e+01
3.297989055417110649e+01
3.287901347600381996e+01
3.238174090027087004e+01
3.122843413206101104e+01
3.275281576263841998e+01
3.311508111405191812e+01
3.423986112128704917e+01
3.204347943581933578e+01
3.340138477957953000e+01
3.334037179495226155e+01
3.387776347831277235e+01
3.329384678305041234e+01
3.306459866827208316e+01
3.236628881041906425e+01
3.255094489346856790e+01
3.078659920022346341e+01
3.260360465227495297e+01
3.229675271669611902e+01
3.220395168637969618e+01
3.477209713408592506e+01
3.215922270711598685e+01
3.295923075824384796e+01
3.250447349378464423e+01
3.372093493308511825e+01
3.287582006065849782e+01
3.179409798264850906e+01
3.396689781157283505e+01
3.374644746555213715e+01
3.292829686792401844e+01
3.358966002612760349e+01
3.305685047327187931e+01
3.232860723033536487e+01
3.223543213669063334e+01
3.205256408921695765e+01
3.340133561068159906e+01
3.311082000284250171e+01
3.312653455683357606e+01
3.353010324981823942e+01
3.162339182528785386e+01
3.416257053768777041e+01
3.191207091941350882e+01
3.314695035994463979e+01
3.290954680370259666e+01
3.222098507666532896e+01
3.526876547020674479e+01
3.254955758523874465e+01
3.333130525469505301e+01
3.368258365877636606e+01
3.299964217754859419e+01
3.298135818794435181e+01
3.339909099718715879e+01
3.250738813581256181e+01
3.325270717265266285e+01
3.380843406525764294e+01
3.368284502617825638e+01
3.200814052016221467e+01
3.218623672524836365e+01
3.235352243264378558e+01
3.160684174436846661e+01
3.289250273963216387e+01
3.247845472166955005e+01
3.344530811302865914e+01
3.215626363922547171e+01
3.272026152541866395e+01
3.277604044250301740e+01
3.363360498894053308e+01
3.147450826974090887e+01
3.418657137616310138e+01
3.288692163444147809e+01
3.315860242505959832e+01
3.279610459603327399e+01
3.299635149849063964e+01
3.181595083364891252e+01
3.306189916092944259e+01
3.223130130132494742e+01
3.270940754487628510e+01
3.151801402648425210e+01
3.279141325454065736e+01
3.348959481670453897e+01
3.234619528999201066e+01
3.357500130107246150e+01
3.269781185910051136e+01
3.326487115335021372e+01
3.312985114707817047e+01
3.249244468014285303e+01
3.324359075591473811e+01
3.219901449120652615e+01
3.290001514908544777e+01
3.239421103112636047e+01
3.383648374226231681e+01
3.165323378716311709e+01
3.179491973754466017e+01
3.211735189107912447e+01
3.443296858787334713e+01
3.275030111611113171e+01
3.236208645416672880e+01
3.283361175937034204e+01
3.289070748879657913e+01
3.225327174425501653e+01
3.283140944711340126e+01
3.296265164881833698e+01
3.394949192342892275e+01
3.342121208017988465e+01
3.362229572254545928e+01
3.249722857049710001e+01
3.159821582914764804e+01
3.394415269007868119e+01
3.256897706680729243e+01
3.216957989633647230e+01
3.394455916313108901e+01
3.367180677187297988e+01
3.351344310296281037e+01
3.271968004195150570e+01
3.272981129431491354e+01
3.287327805771792555e+01
3.283584678139277457e+01
3.226153760000488546e+01
3.163541036229344172e+01
3.408435218895237995e+01
3.315702006190031170e+01
3.204744928472700849e+01
3.371868401826395711e+01
3.197157995637189742e+01
3.433163434500283984e+01
3.144639072966356252e+01
3.358981883802380253e+01
3.126833590247542816e+01
3.238109507450735691e+01
3.240690795110276667e+01
3.329567147981924791e+01
3.181574124853477770e+01
3.325894544566017430e+01
3.257851046097221115e+01
3.282905736033535504e+01
3.131291682369010232e+01
3.161733447163942401e+01
3.197710307481520431e+01
3.209547593087609130e+01
3.252197383193424685e+01
3.445300103964154914e+01
3.203937771239952781e+01
3.164987918452925442e+01
3.320821417785236918e+01
3.208933061209063453e+01
3.445920477098252377e+01
3.200050235543585586e+01
3.107765199389586996e+01
3.370415606871665659e+01
3.274112316619994090e+01
3.268029846253966753e+01
3.344938844921762211e+01
3.291021599708210488e+01
3.262861197162374083e+01
3.469011167225244208e+01
3.265743422255536643e+01
3.222241816601308528e+01
3.366343554486229550e+01
3.370950968612351062e+01
3.265619672638149495e+01
3.178040335922332815e+01
3.300267349413570628e+01
3.302407319594613000e+01
3.217128660534899609e+01
3.243947984264150364e+01
3.172778363322458972e+01
3.319083795382039170e+01
3.359193165128817782e+01
3.493549898556193511e+01
3.324254201230996841e+01
3.481021352916695832e+01
3.171155434652018812e+01
3.223174640717707007e+01
3.268308732154628160e+01
3.222716634123162294e+01
3.231102243774057570e+01
3.281180421789758839e+01
3.555999407902800158e+01
3.198632641429685464e+01
3.425410442513975795e+01
3.231863671462133425e+01
3.187491696933466301e+01
3.219970249906873505e+01
3.335325552308859187e+01
3.303164610645126231e+01
3.243111966910146293e+01
3.289541002081386978e+01
3.209859920093094843e+01
3.198479872616326247e+01
3.279843999572358371e+01
3.414470679349597049e+01
3.247821006360527463e+01
3.315560664064196317e+01
3.339504320233663748e+01
3.326482089065802938e+01
3.327442974537325426e+01
3.382478940272221735e+01
3.129636255942523348e+01
3.230704118216908682e+01
3.267866138901945305e+01
3.270775042890909390e+01
3.176435303635389573e+01
3.328930046963978384e+01
3.231227930099385048e+01
3.379857165976272881e+01
3.258344811783899786e+01
3.325728366408884540e+01
3.215377324705150386e+01
3.328683442576129892e+01
3.218197223066636070e+01
3.305123525164526654e+01
3.165960902099277519e+01
3.262057760760217207e+01
3.106773242529425261e+01
3.248251879284134702e+01
3.280526126145878152e+01
3.299726139680706183e+01
3.137628685905065140e+01
3.299130635993606120e+01
3.284992058842317419e+01
3.261705030826578877e+01
3.695601364663752975e+01
3.496011450221476480e+01
3.245864408757734054e+01
3.278632017305699264e+01
3.254701889477337318e+01
3.284652431851782239e+01
3.331864256725111773e+01
3.383086590651009828e+01
3.260030571745846828e+01
3.186388796920709865e+01
3.333145191288394926e+01
3.227196211171531104e+01
3.170825360385833847e+01
3.224737450853672271e+01
3.274139853060933092e+01
3.448003838698105028e+01
3.177933284186656238e+01
3.223538194175853278e+01
3.325790714982440477e+01
3.243619211131635893e+01
3.195320223474664090e+01
3.388176082165728076e+01
3.239025775120944672e+01
3.405669129944317319e+01
3.356329524297188982e+01
3.261683691979533251e+01
3.220474465261168007e+01
3.195315119790529934e+01
3.275590559374040822e+01
3.169216019009945740e+01
3.392899506838739399e+01
3.257097819916225490e+01
3.206120191883519510e+01
3.332682735878915992e+01
3.322528281083395996e+01
3.213746649246149900e+01
3.106403923189373018e+01
3.453014091302566158e+01
3.208258440548979706e+01
3.238774643876831760e+01
3.246214422331013338e+01
3.226852614716699463e+01
3.183528876547325126e+01
3.391664218341657033e+01
3.189247099565818644e+01
3.364246420185190800e+01
3.175072711789744062e+01
3.265612955289770980e+01
3.347522443197567554e+01
3.205935842547387438e+01
3.499565226115328187e+01
3.308414273389871596e+01
3.250034714511184575e+01
3.309961534902549829e+01
3.277157845561760041e+01
3.376063556050303305e+01
3.296582443996476286e+01
3.230843971001695536e+01
3.328289570064907821e+01
3.232276043405772725e+01
3.346421309521838339e+01
3.512462887363244590e+01
3.538934065787680083e+01
3.468763308983579918e+01
3.216580439841482075e+01
3.036249074534725878e+01
3.311584872339744834e+01
3.221542432521118826e+01
3.090967871231350728e+01
3.472704176168008416e+01
3.381595498521392074e+01
3.139007379525264696e+01
3.374140941200766974e+01
3.296698382903468882e+01
3.273090202596586096e+01
3.222120315931761070e+01
3.281081301936001182e+01
3.304166627383983723e+01
3.282421038095480981e+01
3.347196691856106554e+01
3.240536992009128880e+01
3.488320217580712779e+01
3.217653996481294598e+01
3.143273946317822265e+01
3.063090826233928965e+01
3.256623177575784212e+01
3.240990444636827306e+01
3.283052448471062235e+01
3.343752532894040996e+01
3.355879323463523178e+01
3.321431234194642457e+01
3.381945751547300461e+01
3.335852108132576177e+01
3.220043303722832206e+01
3.264738284417626346e+01
3.205538498322039231e+01
3.197148667914188991e+01
3.275312375704652368e+01
3.265904824792096406e+01
3.232130060626241175e+01
3.336328631476317241e+01
3.404105416609399981e+01
3.476446646297836196e+01
3.193389648484890131e+01
3.475732644233903557e+01
3.187703785292933389e+01
3.356976139279595372e+01
3.236561400046730341e+01
3.320417268102846720e+01
3.200216226090833516e+01
3.219024889007550883e+01
3.281588004661307423e+01
3.219253238653209337e+01
3.330490972652478376e+01
3.256912523033133766e+01
3.305761896925332621e+01
3.242216705760392870e+01
3.218023070235085470e+01
3.157439511023676459e+01
3.218359224865616852e+01
3.250642026841251209e+01
3.349349656625054195e+01
3.392461633045650160e+01
3.169479148084565168e+01
3.219097930237148830e+01
3.347323318236067280e+01
3.287483889149962124e+01
3.314088028746573400e+01
3.231541853531371089e+01
3.255318927228790926e+01
3.040225265712933833e+01
3.295479067153974029e+01
3.286684829486557646e+01
3.365218234948679310e+01
3.322460046491596586e+01
3.352804907088011532e+01
3.232994598055483948e+01
3.355651736019490272e+01
3.229430859701415102e+01
3.254231744709613849e+01
3.384041278646736828e+01
3.372189460048730325e+01
3.314653394503466188e+01
3.257758064353765803e+01
3.286701280562238026e+01
3.227513625085293825e+01
3.233078929144949143e+01
3.278505269510742437e+01
3.209303961449359122e+01
3.336802454042936006e+01
3.229858342280022043e+01
3.354838710383273792e+01
3.232183891003705867e+01
3.234417713872107925e+01
3.190725032904447289e+01
3.326271699263907067e+01
3.239466181908392173e+01
3.136358224274408713e+01
3.393918165278500965e+01
3.463413846249432027e+01
3.362721619084959457e+01
3.380565430275646577e+01
3.630465312128399091e+01
3.352506770226227673e+01
3.278967107022390337e+01
3.289740010058039843e+01
3.313264111991520622e+01
3.319033599719841732e+01
3.226843228463940250e+01
3.232122820772383420e+01
3.226773881565804913e+01
3.247119206381603362e+01
3.276855347835225984e+01
3.289367119999906208e+01
3.155866731709193118e+01
3.227694961870702173e+01
3.210339776432101644e+01
3.441183073782440260e+01
3.388158449064667366e+01
3.456028711597537040e+01
3.260986036342592342e+01
3.288966307994223826e+01
3.319841909030446914e+01
3.239352524858259130e+01
3.167759076673110030e+01
3.382520211742303218e+01
3.191259237951771865e+01
3.198608287436854880e+01
3.203889492163625619e+01
3.250519452922071650e+01
3.298955859764146226e+01
3.334909028469246550e+01
3.249321508072807774e+01
3.302114331752954968e+01
3.195324588706262148e+01
3.288826139200637044e+01
3.195067269688479428e+01
3.219364399351070460e+01
3.214251854653821283e+01
3.331613928364004096e+01
3.236911459141629166e+01
3.260122202315960749e+01
3.248476476719270067e+01
3.173291696382011651e+01
3.278427809093955148e+01
3.263996302872283195e+01
3.299542034986961880e+01
3.256119623347240122e+01
3.238171868765175532e+01
3.271275027533465618e+01
3.250286453884791626e+01
3.331003810935726506e+01
3.442097080245093821e+01
3.321216449232269952e+01
3.192249384082833785e+01
3.318856609117983680e+01
3.346247375262419155e+01
3.180017878708122225e+01
3.214568671178994919e+01
3.297396428051479234e+01
3.223706313548018443e+01
3.159955280418034818e+01
3.259539170741936687e+01
3.256502341034638448e+01
3.245072287273069378e+01
3.415286089059873120e+01
3.322466097714732314e+01
3.343340971546649598e+01
3.263649470078553350e+01
3.322469281272742592e+01
3.203953312157864275e+01
3.187510529314386076e+01
3.328314396413816212e+01
3.299599323542588536e+01
3.237373435411655009e+01
3.213275221779258572e+01
3.335863089615895660e+01
3.309360000839023996e+01
3.324615970626700800e+01
3.144841778574300406e+01
3.353717645806182190e+01
3.220135858060075407e+01
3.211566035131363606e+01
3.263773643450485906e+01
3.265731861619815390e+01
3.382650210235533450e+01
3.290008340781514562e+01
3.329763905354184317e+01
3.261303701643146269e+01
3.244365665780060226e+01
3.197109561059642147e+01
3.415958248032893607e+01
3.308630306169288815e+01
3.292518503737164792e+01
3.257048300748419933e+01
3.274796911430030377e+01
3.231023028415484077e+01
3.233636485940041894e+01
3.252335819762993196e+01
3.310000033517144402e+01
3.273764883467174513e+01
3.292218066577515856e+01
3.213379396541722599e+01
3.241216809880734218e+01
3.331781188388458759e+01
3.242464427722825349e+01
3.329052367900430909e+01
3.198413025211402783e+01
3.357388957933471829e+01
3.276856390068223845e+01
3.256907011575685829e+01
3.233563346999017085e+01
3.410259950973431842e+01
3.314593649658581853e+01
3.278968019296826242e+01
3.135796599747664004e+01
3.304021128380509253e+01
3.298907438299238493e+01
3.219776369321516540e+01
3.331561309449853070e+01
3.383143507036720621e+01
3.350234543644774021e+01
3.315519412917819864e+01
3.364815461109128591e+01
3.212940908006703467e+01
3.314746855963403505e+01
3.272829215934370950e+01
3.378306273826592587e+01
3.147244320038862497e+01
3.206899312731047758e+01
3.288022423738993893e+01
3.152914654693904595e+01
3.232698061967130343e+01
3.225353941779667366e+01
3.188345617541563115e+01
3.463473958895929172e+01
3.333292057266862685e+01
3.245935477734064989e+01
3.302317376331211563e+01
3.287202140796671301e+01
3.335930952344460820e+01
3.184047222781373421e+01
3.220508739057549974e+01
3.248228367057799915e+01
3.310355265336875163e+01
3.582393746696197923e+01
3.285242786748267463e+01
3.292397630022651356e+01
3.239706179130143937e+01
3.315926337434848392e+01
3.232092316442549418e+01
3.403769440951009528e+01
3.385855123435385394e+01
3.247503535317036949e+01
3.231587143307797305e+01
3.153494997106918163e+01
3.307578387048215518e+01
3.182471445706732993e+01
3.348789219746231538e+01
3.329886349005209922e+01
3.307772026654129149e+01
3.353165074996695694e+01
3.255799344342995028e+01
3.275661248541382520e+01
3.177670203566731288e+01
3.322643402631683784e+01
3.351329490420357615e+01
3.185566857992080259e+01
3.213030014947889867e+01
3.215153865914044218e+01
3.208765680963597333e+01
3.142667015098868433e+01
3.377444155843841145e+01
3.208251032813632264e+01
3.194321510626105010e+01
3.384086374439038991e+01
3.206232448384389500e+01
3.388821423271201638e+01
3.399794467973379142e+01
3.253261016026135621e+01
3.190662220353669909e+01
3.306933298158128309e+01
3.186051021499088165e+01
3.277589027939575317e+01
3.236459209272607040e+01
3.197118469738961721e+01
3.269280603385868744e+01
3.336995182172222485e+01
3.199826048830345826e+01
3.457633081551330179e+01
